airport,object_id,subpath_index,edge_index,mid_x,mid_y,angle,length
tbn,0,0,0,230.93,280.695,149.913,1.4562
tbn,0,0,1,232.065,280.03,149.2884,1.1748
tbn,0,0,2,233.08,279.615,167.2922,1.0456
tbn,0,0,3,234.14,279.385,168.1896,1.1238
tbn,0,0,4,235.22,279.27,0.0,1.06
tbn,0,0,5,236.535,279.43,11.5205,1.6023
tbn,0,0,6,241.235,280.835,17.641,8.2164
tbn,0,0,7,247.475,282.815,17.5433,4.8768
tbn,0,0,8,251.135,284.015,19.2044,2.8273
tbn,0,0,9,252.975,284.685,22.0927,1.09
tbn,0,0,10,257.49,287.4,32.044,9.4615
tbn,0,0,11,261.73,290.07,34.8256,0.5604
tbn,0,0,12,261.98,290.345,80.1313,0.2334
tbn,0,0,13,261.865,290.67,122.7333,0.4993
tbn,0,0,14,260.51,292.745,123.1911,4.4572
tbn,0,0,15,262.68,296.735,32.0813,8.0019
tbn,0,0,16,267.175,297.015,120.918,4.3012
tbn,0,0,17,268.375,295.01,120.7019,0.3721
tbn,0,0,18,268.63,294.735,144.2926,0.3941
tbn,0,0,19,269.16,294.805,26.5651,0.8273
tbn,0,0,20,269.875,295.13,22.087,0.7446
tbn,0,0,21,270.54,295.29,3.577,0.6413
tbn,0,0,22,271.205,295.265,172.5686,0.6958
tbn,0,0,23,272.01,294.965,150.9982,1.0519
tbn,0,0,24,272.77,294.415,135.4819,0.8415
tbn,0,0,25,275.03,290.845,120.8993,7.6334
tbn,0,0,26,277.22,287.505,164.2194,0.478
tbn,0,0,27,277.635,287.46,6.1716,0.3722
tbn,0,0,28,278.555,287.94,32.0399,1.7341
tbn,0,0,29,280.08,288.865,30.4814,1.8334
tbn,0,0,30,282.78,286.455,123.598,6.9033
tbn,0,0,31,283.395,282.765,32.1836,3.0602
tbn,0,0,32,281.8,281.655,44.5195,0.8415
tbn,0,0,33,281.455,281.195,74.7449,0.342
tbn,0,0,34,281.41,280.87,90.0,0.32
tbn,0,0,35,282.065,279.67,122.2032,2.4581
tbn,0,0,36,282.88,278.63,0.0,0.32
tbn,0,0,37,283.365,278.77,23.305,0.7077
tbn,0,0,38,285.72,280.19,32.2331,4.7997
tbn,0,0,39,291.84,275.29,123.497,14.8217
tbn,0,0,40,293.54,267.63,31.7677,5.6223
tbn,0,0,41,290.895,265.92,42.0499,0.6868
tbn,0,0,42,289.075,265.595,3.4738,3.1358
tbn,0,0,43,287.21,265.34,28.0728,0.68
tbn,0,0,44,284.375,263.545,32.8207,6.0331
tbn,0,0,45,281.335,261.585,32.7642,1.2011
tbn,0,0,46,280.3,261.01,25.2532,1.172
tbn,0,0,47,279.31,260.575,21.9098,0.9916
tbn,0,0,48,278.135,260.46,174.4078,1.4368
tbn,0,0,49,276.82,260.76,159.0271,1.2852
tbn,0,0,50,275.875,261.24,144.0716,0.8521
tbn,0,0,51,275.025,262.115,128.9376,1.607
tbn,0,0,52,268.83,271.65,122.5626,21.1437
tbn,0,0,53,262.515,281.295,130.3758,1.9296
tbn,0,0,54,261.315,282.375,149.0367,1.3411
tbn,0,0,55,259.865,283.0,162.2554,1.8374
tbn,0,0,56,258.23,283.35,174.7382,1.5264
tbn,0,0,57,256.85,283.28,12.7244,1.2712
tbn,0,0,58,254.985,282.725,18.4346,2.6247
tbn,0,0,59,251.55,281.64,17.0107,4.5804
tbn,0,0,60,246.945,280.21,17.4687,5.0635
tbn,0,0,61,243.33,279.105,16.04,2.4972
tbn,0,0,62,241.555,278.485,25.5608,1.2748
tbn,0,0,63,240.405,277.865,30.9636,1.3411
tbn,0,0,64,239.21,276.85,47.2195,1.8257
tbn,0,0,65,238.22,275.49,61.7988,1.5659
tbn,0,0,66,237.69,274.225,74.4498,1.1937
tbn,0,0,67,237.505,272.89,88.1158,1.5208
tbn,0,0,68,237.655,270.755,97.2533,2.7722
tbn,1,0,0,204.16,193.51,67.8364,14.6851
tbn,1,0,1,209.375,199.205,155.6799,5.3662
tbn,1,0,2,212.03,197.985,151.2928,0.4789
tbn,1,0,3,210.925,194.81,66.7449,6.6612
tbn,1,0,4,209.375,191.565,38.2106,0.5982
tbn,1,0,5,208.86,191.27,21.4479,0.6017
tbn,1,0,6,208.18,191.245,168.0043,0.8179
tbn,1,0,7,206.82,191.73,157.3797,2.08
tbn,1,0,8,205.575,191.28,71.4639,1.793
tbn,1,0,9,208.4,189.135,157.3933,6.7377
tbn,1,0,10,211.84,188.705,69.1177,1.8516
tbn,1,0,11,211.51,189.835,158.1226,1.4224
tbn,1,0,12,210.73,190.205,138.8159,0.3189
tbn,1,0,13,210.595,190.45,96.1153,0.2816
tbn,1,0,14,210.69,190.815,63.9455,0.5009
tbn,1,0,15,212.195,194.37,67.2703,7.2208
tbn,1,0,16,213.68,197.865,61.3897,0.3759
tbn,1,0,17,214.7,197.58,154.1792,2.0663
tbn,1,0,18,216.235,198.645,68.2313,3.2627
tbn,1,0,19,215.895,200.61,154.5368,2.0933
tbn,1,0,20,215.765,202.965,66.8376,4.144
tbn,1,0,21,215.77,205.295,152.3144,1.8295
tbn,1,0,22,216.545,209.68,68.186,8.5308
tbn,1,0,23,218.74,215.105,67.394,3.1738
tbn,1,0,24,221.94,215.435,156.3359,5.6555
tbn,1,0,25,225.05,215.535,67.1662,2.68
tbn,1,0,26,223.34,217.57,160.2648,4.7383
tbn,1,0,27,220.975,218.82,106.6996,0.9396
tbn,1,0,28,219.33,219.96,155.4416,3.3204
tbn,1,0,29,217.66,220.775,142.0019,0.4061
tbn,1,0,30,217.465,221.055,102.7257,0.3178
tbn,1,0,31,217.455,221.435,83.6596,0.4528
tbn,1,0,32,217.85,222.58,68.0911,1.9832
tbn,1,0,33,212.27,225.975,157.4144,12.8885
tbn,1,0,34,206.005,228.74,137.3649,0.8563
tbn,1,0,35,205.58,229.35,108.9709,0.6767
tbn,1,0,36,205.445,229.985,94.538,0.632
tbn,1,0,37,205.42,230.695,90.0,0.79
tbn,1,0,38,205.52,231.515,76.7598,0.8732
tbn,1,0,39,210.905,244.775,67.6198,27.761
tbn,1,0,40,218.29,262.57,67.0529,10.7725
tbn,1,0,41,221.02,268.365,52.9656,2.092
tbn,1,0,42,222.46,269.745,33.9347,1.9526
tbn,1,0,43,223.985,270.48,14.8806,1.4796
tbn,1,0,44,225.59,270.635,177.7487,1.7814
tbn,1,0,45,227.165,270.395,163.3391,1.43
tbn,1,0,46,228.435,269.9,153.6305,1.3059
tbn,1,0,47,229.675,269.175,146.4111,1.5726
tbn,1,0,48,225.65,275.99,122.8429,17.2586
tbn,1,0,49,221.195,281.87,99.3266,2.7767
tbn,1,0,50,221.465,279.63,92.9608,1.7423
tbn,1,0,51,221.375,277.975,80.2423,1.593
tbn,1,0,52,220.045,274.29,67.605,6.2731
tbn,1,0,53,195.815,215.625,67.5558,120.6706
tbn,1,0,54,172.675,159.56,70.7109,0.6357
tbn,1,0,55,172.385,159.05,48.6195,0.5597
tbn,1,0,56,171.98,158.72,28.6093,0.5012
tbn,1,0,57,171.535,158.57,7.5982,0.454
tbn,1,0,58,171.035,158.555,176.878,0.5508
tbn,1,0,59,170.54,158.64,162.3477,0.4617
tbn,1,0,60,166.23,160.52,156.1286,8.9452
tbn,1,0,61,161.73,161.215,69.8109,2.376
tbn,1,0,62,160.755,158.785,66.7488,2.8625
tbn,1,0,63,159.4,155.73,65.5809,3.8219
tbn,1,0,64,157.995,152.605,66.0567,3.0308
tbn,1,0,65,156.61,149.635,64.0893,3.5243
tbn,1,0,66,162.12,145.435,157.393,13.6054
tbn,1,0,67,168.59,142.68,143.6191,0.472
tbn,1,0,68,168.95,142.39,138.5743,0.4534
tbn,1,0,69,169.155,142.135,108.4374,0.2214
tbn,1,0,70,169.19,141.93,90.0,0.2
tbn,1,0,71,168.95,141.265,66.9849,1.2277
tbn,1,0,72,171.48,139.64,159.0597,5.9318
tbn,1,0,73,174.545,139.21,64.9088,1.3913
tbn,1,0,74,174.925,139.91,39.4696,0.2202
tbn,1,0,75,175.13,139.995,7.1246,0.2419
tbn,1,0,76,175.4,139.96,161.5694,0.3162
tbn,1,0,77,176.17,139.655,157.6426,1.3408
tbn,1,0,78,175.9,137.23,67.6996,4.6908
tbn,1,0,79,177.3,134.12,157.6828,4.9508
tbn,1,0,80,182.305,140.065,68.4789,14.8019
tbn,1,0,81,184.865,147.06,144.6385,0.3801
tbn,1,0,82,184.595,147.325,126.5727,0.386
tbn,1,0,83,184.345,147.705,120.9635,0.5248
tbn,1,0,84,184.325,148.2,66.9289,0.587
tbn,1,0,85,186.44,151.185,53.6228,6.7442
tbn,1,0,86,189.025,153.45,142.4316,1.4761
tbn,1,0,87,190.1,153.565,49.0658,1.4957
tbn,1,0,88,189.64,154.805,144.605,2.3308
tbn,1,0,89,188.65,155.84,96.3403,0.7244
tbn,1,0,90,189.215,157.05,54.5581,2.0867
tbn,1,0,91,190.615,159.06,55.5756,2.8126
tbn,1,0,92,191.68,160.015,142.7915,0.678
tbn,1,0,93,193.805,162.215,52.3566,6.0746
tbn,1,0,94,193.62,166.01,145.7306,4.9371
tbn,1,0,95,186.92,160.985,54.0045,15.8579
tbn,1,0,96,182.03,154.48,21.3702,0.494
tbn,1,0,97,181.53,154.46,165.4643,0.5579
tbn,1,0,98,179.075,155.435,157.5013,4.73
tbn,1,0,99,176.41,156.65,147.1447,1.1428
tbn,1,0,100,175.74,157.265,121.9208,0.7187
tbn,1,0,101,175.395,157.915,114.193,0.7564
tbn,1,0,102,175.26,158.625,86.8642,0.7311
tbn,1,0,103,175.38,159.315,72.8974,0.6801
tbn,1,0,104,178.9,168.045,67.8585,18.1483
tbn,1,0,105,186.33,186.1,67.435,20.9
tbn,1,0,106,191.415,195.995,12.8385,2.2051
tbn,1,0,107,193.68,195.705,155.792,2.6095
tbn,1,0,108,193.885,192.7,68.2586,5.3183
tbn,1,0,109,197.145,188.47,157.4809,9.1908
tbn,1,1,0,196.55,204.825,158.6687,2.9415
tbn,1,1,1,198.09,204.17,144.7832,0.4162
tbn,1,1,2,198.275,203.99,104.0362,0.1237
tbn,1,1,3,198.24,203.735,75.6204,0.4026
tbn,1,1,4,196.955,200.525,67.7251,6.5163
tbn,1,1,5,195.295,197.625,164.8584,0.8806
tbn,1,1,6,194.23,198.055,153.794,1.4266
tbn,1,1,7,193.325,198.605,138.4335,0.7084
tbn,1,1,8,192.895,199.025,131.73,0.4958
tbn,1,1,9,192.635,199.435,112.8903,0.4885
tbn,1,1,10,192.51,200.025,94.6986,0.7324
tbn,1,1,11,192.47,200.715,91.7628,0.6503
tbn,1,1,12,192.56,201.3,68.962,0.5572
tbn,1,1,13,193.52,203.525,66.3629,4.2899
tbn,1,1,14,194.52,205.535,17.8183,0.2941
tbn,1,1,15,194.765,205.56,169.213,0.2138
tbn,1,1,16,195.025,205.45,149.8594,0.3585
tbn,1,2,0,166.575,148.78,65.8875,2.7171
tbn,1,2,1,167.375,149.93,159.8297,0.522
tbn,1,2,2,167.855,149.695,148.3238,0.5523
tbn,1,2,3,168.24,149.36,128.2901,0.4842
tbn,1,2,4,168.44,149.015,107.8773,0.3257
tbn,1,2,5,168.48,148.645,87.3384,0.4305
tbn,1,2,6,168.345,148.12,68.0393,0.6685
tbn,1,2,7,168.09,147.625,54.9028,0.4522
tbn,1,2,8,167.74,147.32,28.6132,0.5012
tbn,1,2,9,167.315,147.19,2.7911,0.4105
tbn,1,2,10,166.89,147.21,172.2352,0.4441
tbn,1,2,11,166.5,147.305,159.0746,0.364
tbn,1,2,12,166.175,147.455,151.2581,0.3536
tbn,1,3,0,170.055,156.26,151.6098,0.4206
tbn,1,3,1,170.45,155.98,139.3973,0.5532
tbn,1,3,2,170.79,155.6,123.0237,0.4771
tbn,1,3,3,171.0,155.21,112.8339,0.4123
tbn,1,3,4,171.08,154.81,90.0,0.42
tbn,1,3,5,170.975,154.38,64.4855,0.4875
tbn,1,3,6,170.69,154.005,40.7318,0.4751
tbn,1,3,7,170.285,153.745,25.0193,0.4966
tbn,1,3,8,169.75,153.605,6.4423,0.6239
tbn,1,3,9,169.225,153.61,169.4588,0.4374
tbn,1,3,10,168.875,153.715,154.2896,0.2997
tbn,1,3,11,169.305,155.07,66.3471,2.8166
tbn,1,4,0,177.65,153.815,157.4341,4.8731
tbn,1,4,1,180.22,152.59,137.8162,0.8637
tbn,1,4,2,180.715,151.965,117.582,0.7559
tbn,1,4,3,181.005,151.225,105.8517,0.842
tbn,1,4,4,181.08,150.3,85.6011,1.0431
tbn,1,4,5,180.64,148.81,67.5905,2.0985
tbn,1,4,6,180.035,147.515,57.7571,0.7685
tbn,1,4,7,179.645,146.95,52.3736,0.6061
tbn,1,4,8,179.165,146.49,36.7145,0.736
tbn,1,4,9,178.515,146.13,21.5228,0.7632
tbn,1,4,10,177.78,145.94,7.4962,0.7666
tbn,1,4,11,177.13,145.925,172.6131,0.5445
tbn,1,4,12,174.84,146.78,157.9056,4.3602
tbn,1,4,13,172.665,147.705,145.8877,0.3744
tbn,1,4,14,172.255,148.03,139.2137,0.6736
tbn,1,4,15,171.79,148.59,121.7016,0.7992
tbn,1,4,16,171.495,149.205,107.1761,0.5757
tbn,1,4,17,171.38,149.805,95.2737,0.6528
tbn,1,4,18,171.365,150.42,87.0393,0.5808
tbn,1,4,19,171.91,151.975,67.2677,2.7431
tbn,1,4,20,172.575,153.48,60.6438,0.5507
tbn,1,4,21,172.97,153.975,44.4423,0.7283
tbn,1,4,22,173.505,154.385,29.4093,0.6314
tbn,1,4,23,174.085,154.605,12.0283,0.6237
tbn,1,4,24,174.895,154.71,4.5298,1.0132
tbn,2,0,0,136.28,414.48,135.0,0.0283
tbn,2,0,1,136.3,414.455,123.6766,0.036
tbn,2,0,2,136.315,414.425,108.4524,0.0316
tbn,2,0,3,136.33,414.395,123.6968,0.0361
tbn,2,0,4,136.375,414.32,120.2546,0.1389
tbn,2,0,5,136.47,414.13,114.7734,0.2864
tbn,2,0,6,136.615,413.72,106.8867,0.5852
tbn,2,0,7,136.695,412.825,89.5344,1.23
tbn,2,0,8,136.44,411.645,66.1318,1.2357
tbn,2,0,9,135.78,410.69,43.5681,1.1317
tbn,2,0,10,124.205,403.095,32.835,26.5759
tbn,2,0,11,112.51,395.385,43.616,1.4641
tbn,2,0,12,111.66,394.155,66.1843,1.585
tbn,2,0,13,111.33,392.64,89.2749,1.5801
tbn,2,0,14,111.595,391.17,112.0188,1.467
tbn,2,0,15,153.91,325.33,122.8293,155.0895
tbn,2,0,16,196.47,259.555,130.2157,1.6107
tbn,2,0,17,197.645,258.47,144.3383,1.6124
tbn,2,0,18,202.43,255.795,151.9023,9.3635
tbn,2,0,19,207.265,253.035,141.7886,1.7945
tbn,2,0,20,208.455,251.655,120.4505,1.914
tbn,2,0,21,209.09,249.885,99.0195,1.9136
tbn,2,0,22,209.05,248.065,77.7487,1.7908
tbn,2,0,23,209.735,249.31,67.5723,4.5869
tbn,2,0,24,211.075,252.565,67.7215,2.4531
tbn,2,0,25,212.645,256.37,67.5174,5.7792
tbn,2,0,26,213.645,258.815,64.9831,0.4966
tbn,2,0,27,213.41,258.37,59.42,0.5111
tbn,2,0,28,212.94,257.735,50.6729,1.073
tbn,2,0,29,211.64,256.715,32.22,2.2695
tbn,2,0,30,209.555,255.97,7.0936,2.2674
tbn,2,0,31,207.905,255.93,169.2167,1.0689
tbn,2,0,32,206.915,256.225,157.2481,1.0085
tbn,2,0,33,203.84,257.815,151.8762,5.9188
tbn,2,0,34,199.675,260.315,144.6022,3.8153
tbn,2,0,35,196.89,262.88,130.1128,3.8181
tbn,2,0,36,155.995,325.82,122.8289,146.3298
tbn,2,0,37,115.74,388.56,115.0915,2.7826
tbn,2,0,38,114.93,390.71,103.8845,1.8336
tbn,2,0,39,114.91,392.51,77.6047,1.8634
tbn,2,0,40,115.69,394.15,51.5322,1.8647
tbn,2,0,41,118.785,396.895,38.7015,6.4453
tbn,2,0,42,129.02,403.89,32.8252,18.3738
tbn,2,0,43,137.2,409.055,21.9085,0.9916
tbn,2,0,44,138.2,409.24,0.0,1.08
tbn,2,0,45,139.23,409.02,155.8207,1.0742
tbn,2,0,46,140.065,408.44,133.7812,0.9972
tbn,2,0,47,139.69,409.195,122.8519,2.6545
tbn,2,0,48,138.445,411.125,122.7887,1.9389
tbn,2,0,49,137.095,413.215,122.9051,3.0373
tbn,3,0,0,240.205,233.955,32.8249,21.1226
tbn,3,0,1,248.455,240.65,122.7949,2.3078
tbn,3,0,2,240.4,236.825,32.8365,17.6858
tbn,3,0,3,231.405,231.555,16.8835,3.271
tbn,3,0,4,229.41,231.06,2.6636,0.8609
tbn,3,0,5,228.595,231.235,153.1369,0.8631
tbn,3,0,6,226.855,232.61,138.9493,3.5936
tbn,3,0,7,222.505,238.115,124.702,10.5215
tbn,3,0,8,217.705,245.51,120.4534,7.1226
tbn,3,0,9,215.36,250.33,107.1485,3.6628
tbn,3,0,10,215.11,253.885,80.8728,3.6563
tbn,3,0,11,214.645,253.85,67.6904,3.9777
tbn,3,0,12,211.735,246.785,67.5868,11.3039
tbn,3,0,13,210.845,243.04,49.4787,3.8939
tbn,3,0,14,212.505,244.735,28.5594,0.8994
tbn,3,0,15,213.335,244.835,165.1911,0.8999
tbn,3,0,16,215.405,243.54,144.1817,4.0327
tbn,3,0,17,219.955,238.015,123.857,10.4645
tbn,3,0,18,224.2,231.585,122.5333,4.9462
tbn,3,0,19,226.07,228.925,133.2023,1.5776
tbn,3,0,20,227.385,228.005,156.0032,1.6966
tbn,3,0,21,229.015,227.65,179.3303,1.7101
tbn,3,0,22,230.6,227.935,22.0039,1.5747
tbn,4,0,0,344.91,535.015,90.0,23.63
tbn,4,0,1,355.72,523.2,0.0,21.62
tbn,4,0,2,366.53,535.015,90.0,23.63
tbn,4,0,3,355.72,546.83,0.0,21.62
tbn,5,0,0,203.945,416.35,5.4413,0.211
tbn,5,0,1,204.15,416.385,14.0373,0.2062
tbn,5,0,2,204.335,416.445,22.3781,0.1838
tbn,5,0,3,204.5,416.53,32.0064,0.1887
tbn,5,0,4,204.655,416.645,40.9133,0.1985
tbn,5,0,5,204.795,416.78,47.1199,0.1911
tbn,5,0,6,204.915,416.935,57.0943,0.2025
tbn,5,0,7,205.02,417.105,59.5387,0.1972
tbn,5,0,8,205.15,417.38,67.1653,0.4123
tbn,5,0,9,205.28,417.775,76.2924,0.422
tbn,5,0,10,205.35,418.08,78.6917,0.204
tbn,5,0,11,205.38,418.28,84.2881,0.201
tbn,5,0,12,205.4,418.475,83.9898,0.1911
tbn,5,0,13,205.41,418.66,90.0,0.18
tbn,5,0,14,205.41,418.845,90.0,0.19
tbn,5,0,15,205.405,419.035,93.0159,0.1903
tbn,5,0,16,205.385,419.23,98.5299,0.2022
tbn,5,0,17,205.35,419.435,100.783,0.2138
tbn,5,0,18,205.28,419.745,103.7076,0.422
tbn,5,0,19,205.15,420.14,112.8339,0.4123
tbn,5,0,20,205.02,420.42,119.0534,0.2059
tbn,5,0,21,204.915,420.59,124.5081,0.1942
tbn,5,0,22,204.795,420.745,130.9166,0.1985
tbn,5,0,23,204.66,420.885,137.1199,0.1911
tbn,5,0,24,204.51,421.0,147.9936,0.1887
tbn,5,0,25,204.34,421.09,156.0402,0.197
tbn,5,0,26,204.15,421.155,165.9627,0.2062
tbn,5,0,27,203.945,421.185,177.2711,0.2102
tbn,5,0,28,203.735,421.185,2.7289,0.2102
tbn,5,0,29,203.53,421.155,14.0373,0.2062
tbn,5,0,30,203.34,421.09,23.9598,0.197
tbn,5,0,31,203.17,421.0,32.0064,0.1887
tbn,5,0,32,203.02,420.885,42.8801,0.1911
tbn,5,0,33,202.885,420.745,49.0834,0.1985
tbn,5,0,34,202.76,420.59,53.1319,0.2
tbn,5,0,35,202.655,420.42,63.4349,0.2012
tbn,5,0,36,202.53,420.14,67.1661,0.4123
tbn,5,0,37,202.395,419.745,74.9817,0.4245
tbn,5,0,38,202.325,419.435,81.8699,0.2121
tbn,5,0,39,202.295,419.23,81.4701,0.2022
tbn,5,0,40,202.275,419.035,86.9841,0.1903
tbn,5,0,41,202.265,418.845,86.9889,0.1903
tbn,5,0,42,202.265,418.66,93.1779,0.1803
tbn,5,0,43,202.275,418.475,93.0157,0.1903
tbn,5,0,44,202.295,418.28,98.5306,0.2022
tbn,5,0,45,202.325,418.08,98.5306,0.2022
tbn,5,0,46,202.395,417.775,105.0183,0.4245
tbn,5,0,47,202.53,417.38,112.8347,0.4123
tbn,5,0,48,202.66,417.105,120.4613,0.1972
tbn,5,0,49,202.765,416.935,122.9057,0.2025
tbn,5,0,50,202.885,416.78,132.8801,0.1911
tbn,5,0,51,203.02,416.645,137.1233,0.191
tbn,5,0,52,203.17,416.53,147.9936,0.1887
tbn,5,0,53,203.34,416.445,158.7509,0.1931
tbn,5,0,54,203.53,416.385,165.9627,0.2062
tbn,5,0,55,203.735,416.35,174.5587,0.211
tbn,5,1,0,203.915,420.675,176.1879,0.1503
tbn,5,1,1,204.055,420.65,162.8944,0.136
tbn,5,1,2,204.185,420.595,151.7029,0.1476
tbn,5,1,3,204.305,420.515,140.7119,0.1421
tbn,5,1,4,204.45,420.355,128.0446,0.2921
tbn,5,1,5,204.61,420.1,116.5651,0.313
tbn,5,1,6,204.735,419.805,109.5369,0.3289
tbn,5,1,7,204.82,419.49,100.6195,0.3256
tbn,5,1,8,204.87,419.18,97.5962,0.3027
tbn,5,1,9,204.895,418.895,92.1199,0.2702
tbn,5,1,10,204.895,418.625,87.8801,0.2702
tbn,5,1,11,204.87,418.34,82.4034,0.3026
tbn,5,1,12,204.82,418.03,79.381,0.3256
tbn,5,1,13,204.735,417.72,69.8638,0.3195
tbn,5,1,14,204.61,417.43,63.4349,0.313
tbn,5,1,15,204.45,417.175,51.9536,0.2921
tbn,5,1,16,204.305,417.015,39.2881,0.1421
tbn,5,1,17,204.185,416.94,24.7734,0.1432
tbn,5,1,18,204.055,416.89,17.1056,0.136
tbn,5,1,19,203.915,416.86,7.5966,0.1513
tbn,5,1,20,203.765,416.86,172.4034,0.1513
tbn,5,1,21,203.62,416.89,164.0513,0.1456
tbn,5,1,22,203.49,416.94,153.4379,0.1342
tbn,5,1,23,203.375,417.015,140.7119,0.1421
tbn,5,1,24,203.23,417.175,128.0464,0.2921
tbn,5,1,25,203.07,417.43,116.5651,0.313
tbn,5,1,26,202.945,417.72,110.1362,0.3195
tbn,5,1,27,202.855,418.03,102.3401,0.3276
tbn,5,1,28,202.805,418.34,95.7106,0.3015
tbn,5,1,29,202.78,418.625,94.2372,0.2707
tbn,5,1,30,202.78,418.895,85.7628,0.2707
tbn,5,1,31,202.805,419.18,84.2897,0.3015
tbn,5,1,32,202.855,419.49,77.6594,0.3276
tbn,5,1,33,202.945,419.805,70.4631,0.3289
tbn,5,1,34,203.07,420.1,63.4349,0.313
tbn,5,1,35,203.23,420.355,51.9554,0.2921
tbn,5,1,36,203.375,420.515,39.2881,0.1421
tbn,5,1,37,203.49,420.595,30.2515,0.1389
tbn,5,1,38,203.62,420.65,15.9487,0.1456
tbn,5,1,39,203.765,420.675,3.8121,0.1503
tbn,6,0,0,206.425,417.005,12.9936,0.1334
tbn,6,0,1,206.305,416.955,32.4738,0.1304
tbn,6,0,2,206.21,416.865,53.9722,0.136
tbn,6,0,3,206.16,416.745,81.2579,0.1315
tbn,6,0,4,206.16,416.615,98.7411,0.1315
tbn,6,0,5,206.21,416.495,126.0278,0.136
tbn,6,0,6,206.305,416.405,147.5319,0.1304
tbn,6,0,7,206.425,416.355,167.0064,0.1334
tbn,6,0,8,206.555,416.355,12.9936,0.1334
tbn,6,0,9,206.675,416.405,32.4681,0.1304
tbn,6,0,10,206.765,416.495,57.5319,0.1304
tbn,6,0,11,206.815,416.615,77.0064,0.1334
tbn,6,0,12,206.815,416.745,102.9951,0.1334
tbn,6,0,13,206.765,416.865,122.4681,0.1304
tbn,6,0,14,206.675,416.955,147.5262,0.1304
tbn,6,0,15,206.555,417.005,167.0064,0.1334
tbn,7,0,0,208.94,418.47,90.0,4.08
tbn,7,0,1,209.195,416.43,0.0,0.51
tbn,7,0,2,209.45,418.725,90.0,4.59
tbn,7,0,3,208.955,421.02,0.0,0.99
tbn,7,0,4,208.3,420.765,57.8929,0.6021
tbn,7,0,5,208.54,420.51,0.0,0.8
tbn,8,0,0,212.05,420.99,10.7846,0.4275
tbn,8,0,1,211.675,420.845,32.47,0.3911
tbn,8,0,2,211.405,420.575,57.5281,0.3912
tbn,8,0,3,211.265,420.2,80.5387,0.4258
tbn,8,0,4,211.265,419.78,99.461,0.4258
tbn,8,0,5,211.405,419.41,123.2764,0.3828
tbn,8,0,6,211.675,419.14,146.3099,0.3966
tbn,8,0,7,212.05,418.995,170.5367,0.4258
tbn,8,0,8,212.47,418.995,9.4633,0.4258
tbn,8,0,9,212.845,419.14,33.6901,0.3966
tbn,8,0,10,213.115,419.41,56.7236,0.3828
tbn,8,0,11,213.26,419.78,79.2178,0.4276
tbn,8,0,12,213.26,420.2,100.7826,0.4275
tbn,8,0,13,213.115,420.575,122.4719,0.3912
tbn,8,0,14,212.845,420.845,147.53,0.3911
tbn,8,0,15,212.47,420.99,169.2154,0.4275
tbn,8,1,0,212.155,419.46,169.2178,0.2138
tbn,8,1,1,211.96,419.54,146.3066,0.2163
tbn,8,1,2,211.81,419.685,125.2168,0.2081
tbn,8,1,3,211.725,419.88,102.805,0.2256
tbn,8,1,4,211.725,420.1,77.1942,0.2256
tbn,8,1,5,211.81,420.3,56.3122,0.2163
tbn,8,1,6,211.96,420.45,33.6901,0.2163
tbn,8,1,7,212.155,420.53,10.7862,0.2138
tbn,8,1,8,212.365,420.53,169.2138,0.2138
tbn,8,1,9,212.56,420.45,146.3099,0.2163
tbn,8,1,10,212.715,420.3,125.8375,0.222
tbn,8,1,11,212.8,420.1,100.3038,0.2236
tbn,8,1,12,212.8,419.88,79.6969,0.2236
tbn,8,1,13,212.715,419.685,52.5933,0.214
tbn,8,1,14,212.56,419.54,33.6934,0.2163
tbn,8,1,15,212.365,419.46,10.7822,0.2138
tbn,9,0,0,215.565,421.02,0.0,0.63
tbn,9,0,1,216.215,418.635,112.0289,5.1457
tbn,9,0,2,217.835,417.945,68.872,3.6343
tbn,9,0,3,219.145,417.945,111.128,3.6343
tbn,9,0,4,220.76,418.635,68.0745,5.1419
tbn,9,0,5,221.41,421.02,0.0,0.62
tbn,9,0,6,220.45,419.385,68.3195,3.5189
tbn,9,0,7,219.145,419.47,110.8475,3.681
tbn,9,0,8,217.835,419.505,68.7577,3.6157
tbn,9,0,9,216.53,419.42,112.1095,3.454
tbn,10,0,0,177.045,423.325,114.0071,1.3027
tbn,10,0,1,177.62,422.73,0.0,0.62
tbn,10,0,2,176.82,425.145,114.6848,5.3158
tbn,10,0,3,174.605,425.145,65.4133,5.3116
tbn,10,0,4,173.81,422.73,0.0,0.62
tbn,10,0,5,174.385,423.325,65.9929,1.3027
tbn,10,0,6,175.715,423.92,0.0,2.13
tbn,10,1,0,175.715,424.43,0.0,1.65
tbn,10,1,1,175.3,425.365,66.3227,2.0419
tbn,10,1,2,176.125,425.365,113.934,2.0459
tbn,11,0,0,178.62,422.73,0.0,0.6
tbn,11,0,1,178.92,424.46,90.0,3.46
tbn,11,0,2,180.62,424.365,132.969,4.9882
tbn,11,0,3,182.32,424.93,90.0,4.78
tbn,11,0,4,182.025,427.32,0.0,0.59
tbn,11,0,5,181.73,425.645,90.0,3.35
tbn,11,0,6,180.025,425.755,133.687,4.9369
tbn,11,0,7,178.32,425.135,90.0,4.81
tbn,12,0,0,183.43,422.73,0.0,0.6
tbn,12,0,1,183.73,424.46,90.0,3.46
tbn,12,0,2,185.43,424.365,132.969,4.9882
tbn,12,0,3,187.13,424.93,90.0,4.78
tbn,12,0,4,186.835,427.32,0.0,0.59
tbn,12,0,5,186.54,425.645,90.0,3.35
tbn,12,0,6,184.835,425.755,133.687,4.9369
tbn,12,0,7,183.13,425.135,90.0,4.81
tbn,13,0,0,187.86,425.87,90.0,2.9
tbn,13,0,1,187.865,424.325,93.0111,0.1903
tbn,13,0,2,187.88,424.14,96.3413,0.1811
tbn,13,0,3,187.91,423.96,102.5319,0.1844
tbn,13,0,4,187.955,423.79,107.3497,0.1676
tbn,13,0,5,188.05,423.56,115.0166,0.3311
tbn,13,0,6,188.22,423.28,127.5709,0.328
tbn,13,0,7,188.44,423.04,137.4882,0.3256
tbn,13,0,8,188.705,422.85,151.1136,0.3312
tbn,13,0,9,188.93,422.745,162.6438,0.1676
tbn,13,0,10,189.1,422.7,167.4738,0.1844
tbn,13,0,11,189.28,422.665,170.5377,0.1825
tbn,13,0,12,189.465,422.645,176.9889,0.1903
tbn,13,0,13,189.655,422.645,3.0111,0.1903
tbn,13,0,14,189.845,422.665,8.9722,0.1924
tbn,13,0,15,190.025,422.7,13.2385,0.1746
tbn,13,0,16,190.19,422.745,17.3546,0.1676
tbn,13,0,17,190.415,422.85,28.8877,0.3312
tbn,13,0,18,190.685,423.04,41.3479,0.333
tbn,13,0,19,190.905,423.28,53.8409,0.322
tbn,13,0,20,191.075,423.56,63.4361,0.3354
tbn,13,0,21,191.175,423.79,72.6454,0.1676
tbn,13,0,22,191.22,423.96,77.4681,0.1844
tbn,13,0,23,191.25,424.14,83.6635,0.1811
tbn,13,0,24,191.265,424.325,86.9843,0.1903
tbn,13,0,25,191.27,425.87,90.0,2.9
tbn,13,0,26,190.97,427.32,0.0,0.6
tbn,13,0,27,190.67,425.97,90.0,2.7
tbn,13,0,28,190.665,424.475,88.0262,0.2902
tbn,13,0,29,190.64,424.2,81.2518,0.2631
tbn,13,0,30,190.585,423.945,74.3594,0.2596
tbn,13,0,31,190.5,423.71,65.5548,0.2417
tbn,13,0,32,190.375,423.51,50.1944,0.2343
tbn,13,0,33,190.205,423.345,38.2915,0.2421
tbn,13,0,34,190.05,423.245,22.6219,0.13
tbn,13,0,35,189.925,423.2,17.0994,0.136
tbn,13,0,36,189.79,423.17,8.1319,0.1414
tbn,13,0,37,189.64,423.155,3.5743,0.1603
tbn,13,0,38,189.48,423.155,176.4257,0.1603
tbn,13,0,39,189.33,423.17,171.8681,0.1414
tbn,13,0,40,189.195,423.2,162.8987,0.136
tbn,13,0,41,189.075,423.245,155.5548,0.1208
tbn,13,0,42,188.92,423.345,143.128,0.25
tbn,13,0,43,188.75,423.51,127.876,0.228
tbn,13,0,44,188.625,423.71,116.5651,0.246
tbn,13,0,45,188.535,423.945,105.6438,0.2596
tbn,13,0,46,188.485,424.2,96.5818,0.2617
tbn,13,0,47,188.465,424.475,91.9738,0.2902
tbn,13,0,48,188.46,425.97,90.0,2.7
tbn,13,0,49,188.16,427.32,0.0,0.6
tbn,14,0,0,195.075,423.325,114.0071,1.3027
tbn,14,0,1,195.65,422.73,0.0,0.62
tbn,14,0,2,194.855,425.145,114.5867,5.3116
tbn,14,0,3,192.645,425.145,65.4132,5.3116
tbn,14,0,4,191.85,422.73,0.0,0.62
tbn,14,0,5,192.42,423.325,66.3964,1.2987
tbn,14,0,6,193.745,423.92,0.0,2.13
tbn,14,1,0,193.745,424.43,0.0,1.65
tbn,14,1,1,193.335,425.365,66.066,2.0459
tbn,14,1,2,194.16,425.365,113.6773,2.0419
tbn,15,0,0,196.655,427.32,0.0,0.59
tbn,15,0,1,196.36,425.025,90.0,4.59
tbn,15,0,2,197.355,422.73,0.0,1.99
tbn,15,0,3,198.35,422.985,90.0,0.51
tbn,15,0,4,197.65,423.24,0.0,1.4
tbn,15,0,5,196.95,425.28,90.0,4.08
tbn,16,0,0,202.065,424.77,13.4952,0.2571
tbn,16,0,1,202.295,424.845,23.1971,0.2285
tbn,16,0,2,202.495,424.955,34.3831,0.2302
tbn,16,0,3,202.67,425.1,45.0,0.2263
tbn,16,0,4,202.81,425.275,57.7257,0.2247
tbn,16,0,5,202.915,425.475,66.7979,0.2285
tbn,16,0,6,202.99,425.69,74.7456,0.228
tbn,16,0,7,203.03,425.92,85.2355,0.2408
tbn,16,0,8,203.02,426.195,97.354,0.3126
tbn,16,0,9,202.945,426.5,110.1362,0.3195
tbn,16,0,10,202.8,426.78,124.6946,0.3162
tbn,16,0,11,202.585,427.01,141.3406,0.3202
tbn,16,0,12,202.315,427.17,157.5194,0.3139
tbn,16,0,13,202.01,427.26,169.3805,0.3256
tbn,16,0,14,201.69,427.305,174.6445,0.3214
tbn,16,0,15,201.37,427.32,0.0,0.32
tbn,16,0,16,200.85,427.32,0.0,0.72
tbn,16,0,17,200.49,425.025,90.0,4.59
tbn,16,0,18,200.785,422.73,0.0,0.59
tbn,16,0,19,201.08,423.705,90.0,1.95
tbn,16,0,20,201.205,424.68,0.0,0.25
tbn,16,0,21,202.02,423.705,125.2869,2.3889
tbn,16,0,22,203.05,422.73,0.0,0.68
tbn,16,0,23,202.665,423.735,125.8064,2.4784
tbn,16,1,0,201.16,426.81,0.0,0.16
tbn,16,1,1,201.35,426.81,0.0,0.22
tbn,16,1,2,201.575,426.8,175.0291,0.2309
tbn,16,1,3,201.795,426.765,166.6071,0.2159
tbn,16,1,4,202.0,426.71,163.3012,0.2088
tbn,16,1,5,202.19,426.625,148.5693,0.2109
tbn,16,1,6,202.345,426.5,132.8801,0.1911
tbn,16,1,7,202.455,426.34,116.5631,0.2013
tbn,16,1,8,202.515,426.13,97.125,0.2419
tbn,16,1,9,202.515,425.89,82.8754,0.2419
tbn,16,1,10,202.46,425.675,67.1661,0.2062
tbn,16,1,11,202.355,425.51,47.1233,0.191
tbn,16,1,12,202.21,425.39,32.0024,0.1887
tbn,16,1,13,202.035,425.305,20.2266,0.2025
tbn,16,1,14,201.83,425.245,12.805,0.2256
tbn,16,1,15,201.61,425.21,5.1916,0.2209
tbn,16,1,16,201.385,425.2,0.0,0.23
tbn,16,1,17,201.175,425.2,0.0,0.19
tbn,16,1,18,201.08,426.005,90.0,1.61
tbn,17,0,0,206.845,423.325,114.0071,1.3027
tbn,17,0,1,207.42,422.73,0.0,0.62
tbn,17,0,2,206.625,425.145,114.5867,5.3116
tbn,17,0,3,204.41,425.145,65.3152,5.3158
tbn,17,0,4,203.61,422.73,0.0,0.62
tbn,17,0,5,204.185,423.325,65.9929,1.3027
tbn,17,0,6,205.515,423.92,0.0,2.13
tbn,17,1,0,205.515,424.43,0.0,1.65
tbn,17,1,1,205.105,425.365,66.066,2.0459
tbn,17,1,2,205.93,425.365,113.6773,2.0419
tbn,18,0,0,209.95,426.81,0.0,1.1
tbn,18,0,1,210.5,427.065,90.0,0.51
tbn,18,0,2,209.105,427.32,0.0,2.79
tbn,18,0,3,207.71,427.065,90.0,0.51
tbn,18,0,4,208.26,426.81,0.0,1.1
tbn,18,0,5,208.81,424.77,90.0,4.08
tbn,18,0,6,209.105,422.73,0.0,0.59
tbn,18,0,7,209.4,424.77,90.0,4.08
tbn,19,0,0,212.17,422.73,0.0,2.5
tbn,19,0,1,213.42,422.985,90.0,0.51
tbn,19,0,2,212.47,423.24,0.0,1.9
tbn,19,0,3,211.52,424.135,90.0,1.79
tbn,19,0,4,212.445,425.03,0.0,1.85
tbn,19,0,5,213.37,425.285,90.0,0.51
tbn,19,0,6,212.445,425.54,0.0,1.85
tbn,19,0,7,211.52,426.175,90.0,1.27
tbn,19,0,8,212.47,426.81,0.0,1.9
tbn,19,0,9,213.42,427.065,90.0,0.51
tbn,19,0,10,212.17,427.32,0.0,2.5
tbn,19,0,11,210.92,425.025,90.0,4.59
tbn,20,0,0,217.85,427.485,2.3846,0.2402
tbn,20,0,1,217.61,427.465,7.125,0.2419
tbn,20,0,2,217.375,427.42,14.6232,0.2377
tbn,20,0,3,217.15,427.35,19.9812,0.2341
tbn,20,0,4,216.93,427.255,26.5651,0.246
tbn,20,0,5,216.72,427.14,30.9644,0.2333
tbn,20,0,6,216.53,427.01,37.876,0.228
tbn,20,0,7,216.35,426.865,39.8032,0.2343
tbn,20,0,8,216.185,426.705,48.5772,0.2267
tbn,20,0,9,216.035,426.525,51.7113,0.2421
tbn,20,0,10,215.9,426.33,59.0337,0.2332
tbn,20,0,11,215.79,426.125,64.5394,0.2326
tbn,20,0,12,215.695,425.91,67.7485,0.2377
tbn,20,0,13,215.62,425.68,75.9638,0.2474
tbn,20,0,14,215.575,425.44,82.8754,0.2419
tbn,20,0,15,215.55,425.195,85.4286,0.2508
tbn,20,0,16,215.55,424.94,94.3964,0.2608
tbn,20,0,17,215.575,424.685,96.8425,0.2518
tbn,20,0,18,215.62,424.44,104.0354,0.2474
tbn,20,0,19,215.695,424.205,111.3735,0.247
tbn,20,0,20,215.79,423.985,115.4606,0.2326
tbn,20,0,21,215.9,423.78,120.9663,0.2332
tbn,20,0,22,216.03,423.59,127.8736,0.228
tbn,20,0,23,216.18,423.415,133.2625,0.2334
tbn,20,0,24,216.345,423.25,136.7373,0.2335
tbn,20,0,25,216.525,423.105,145.62,0.2302
tbn,20,0,26,216.72,422.98,149.0356,0.2333
tbn,20,0,27,216.925,422.87,154.5378,0.2326
tbn,20,0,28,217.14,422.78,160.0166,0.2341
tbn,20,0,29,217.365,422.715,167.7343,0.2354
tbn,20,0,30,217.6,422.67,170.5394,0.2433
tbn,20,0,31,217.845,422.645,177.7072,0.2502
tbn,20,0,32,218.09,422.645,2.3882,0.2402
tbn,20,0,33,218.33,422.67,9.4611,0.2433
tbn,20,0,34,218.57,422.715,11.7687,0.2452
tbn,20,0,35,218.8,422.78,19.9834,0.2341
tbn,20,0,36,219.015,422.87,25.4622,0.2326
tbn,20,0,37,219.22,422.98,30.9644,0.2333
tbn,20,0,38,219.415,423.105,34.38,0.2302
tbn,20,0,39,219.595,423.25,43.2627,0.2335
tbn,20,0,40,219.76,423.415,46.7375,0.2334
tbn,20,0,41,219.91,423.59,52.1264,0.228
tbn,20,0,42,220.04,423.78,59.0337,0.2332
tbn,20,0,43,220.15,423.985,64.5394,0.2326
tbn,20,0,44,220.245,424.205,68.6265,0.247
tbn,20,0,45,220.32,424.44,75.9646,0.2474
tbn,20,0,46,220.365,424.685,83.1575,0.2518
tbn,20,0,47,220.39,424.94,85.6036,0.2608
tbn,20,0,48,220.39,425.195,94.5714,0.2508
tbn,20,0,49,220.36,425.44,99.4641,0.2433
tbn,20,0,50,220.31,425.68,104.0362,0.2474
tbn,20,0,51,220.24,425.91,109.9834,0.2341
tbn,20,0,52,220.15,426.125,115.4606,0.2326
tbn,20,0,53,220.035,426.33,123.0253,0.2385
tbn,20,0,54,219.9,426.525,126.3839,0.236
tbn,20,0,55,219.75,426.705,133.2653,0.2335
tbn,20,0,56,219.585,426.865,138.5772,0.2267
tbn,20,0,57,219.405,427.01,143.6161,0.236
tbn,20,0,58,219.21,427.14,149.0337,0.2332
tbn,20,0,59,219.005,427.255,152.3546,0.2371
tbn,20,0,60,218.79,427.35,160.0188,0.2341
tbn,20,0,61,218.565,427.42,165.3768,0.2377
tbn,20,0,62,218.33,427.465,172.875,0.2419
tbn,20,0,63,218.09,427.485,177.6154,0.2402
tbn,20,1,0,217.88,423.155,176.8218,0.1803
tbn,20,1,1,217.7,423.175,170.5385,0.1825
tbn,20,1,2,217.52,423.215,164.4744,0.1868
tbn,20,1,3,217.35,423.27,159.4452,0.1709
tbn,20,1,4,217.11,423.385,152.0213,0.3624
tbn,20,1,5,216.815,423.585,139.5714,0.3547
tbn,20,1,6,216.57,423.845,127.1855,0.364
tbn,20,1,7,216.375,424.15,117.9787,0.3624
tbn,20,1,8,216.255,424.4,111.2533,0.1931
tbn,20,1,9,216.2,424.585,101.8866,0.1942
tbn,20,1,10,216.165,424.775,98.9766,0.1924
tbn,20,1,11,216.145,424.97,92.8609,0.2002
tbn,20,1,12,216.145,425.165,86.9889,0.1903
tbn,20,1,13,216.16,425.355,83.9898,0.1911
tbn,20,1,14,216.195,425.54,74.4744,0.1868
tbn,20,1,15,216.245,425.72,74.4756,0.1868
tbn,20,1,16,216.35,425.97,63.4339,0.3578
tbn,20,1,17,216.54,426.275,52.8164,0.364
tbn,20,1,18,216.785,426.535,40.427,0.3547
tbn,20,1,19,217.075,426.74,30.1406,0.3585
tbn,20,1,20,217.315,426.865,22.3825,0.1838
tbn,20,1,21,217.49,426.92,12.5262,0.1844
tbn,20,1,22,217.675,426.955,8.9722,0.1924
tbn,20,1,23,217.87,426.975,2.8652,0.2002
tbn,20,1,24,218.07,426.975,177.1348,0.2002
tbn,20,1,25,218.265,426.955,171.0278,0.1924
tbn,20,1,26,218.45,426.92,167.4738,0.1844
tbn,20,1,27,218.625,426.865,157.6175,0.1838
tbn,20,1,28,218.865,426.74,149.8594,0.3585
tbn,20,1,29,219.155,426.535,139.573,0.3547
tbn,20,1,30,219.395,426.275,125.9092,0.358
tbn,20,1,31,219.585,425.97,117.9798,0.3623
tbn,20,1,32,219.695,425.72,105.5244,0.1868
tbn,20,1,33,219.745,425.54,105.5256,0.1868
tbn,20,1,34,219.78,425.355,96.0102,0.1911
tbn,20,1,35,219.795,425.165,93.0111,0.1903
tbn,20,1,36,219.795,424.97,87.1391,0.2002
tbn,20,1,37,219.775,424.775,81.0234,0.1924
tbn,20,1,38,219.74,424.585,78.1134,0.1942
tbn,20,1,39,219.685,424.4,68.7467,0.1931
tbn,20,1,40,219.565,424.15,62.0213,0.3624
tbn,20,1,41,219.37,423.845,52.8145,0.364
tbn,20,1,42,219.12,423.585,39.4021,0.3624
tbn,20,1,43,218.825,423.385,28.7397,0.3536
tbn,20,1,44,218.59,423.27,20.5548,0.1709
tbn,20,1,45,218.42,423.215,15.5256,0.1868
tbn,20,1,46,218.24,423.175,9.4615,0.1825
tbn,20,1,47,218.06,423.155,3.1782,0.1803
tbn,21,0,0,223.22,427.065,90.0,0.51
tbn,21,0,1,222.09,427.32,0.0,2.26
tbn,21,0,2,220.96,425.025,90.0,4.59
tbn,21,0,3,221.26,422.73,0.0,0.6
tbn,21,0,4,221.56,423.88,90.0,2.3
tbn,21,0,5,222.36,425.03,0.0,1.6
tbn,21,0,6,223.16,425.285,90.0,0.51
tbn,21,0,7,222.36,425.54,0.0,1.6
tbn,21,0,8,221.56,426.175,90.0,1.27
tbn,21,0,9,222.39,426.81,0.0,1.66
tbn,22,0,0,228.885,427.26,152.5929,0.3041
tbn,22,0,1,228.605,427.375,162.7588,0.3036
tbn,22,0,2,228.31,427.45,168.6906,0.3059
tbn,22,0,3,228.01,427.485,178.089,0.3002
tbn,22,0,4,227.735,427.485,2.2928,0.2502
tbn,22,0,5,227.485,427.465,6.8425,0.2518
tbn,22,0,6,227.24,427.42,14.0362,0.2474
tbn,22,0,7,227.01,427.35,19.9834,0.2341
tbn,22,0,8,226.79,427.26,24.4419,0.2417
tbn,22,0,9,226.58,427.15,30.9663,0.2332
tbn,22,0,10,226.385,427.02,36.3839,0.236
tbn,22,0,11,226.2,426.87,41.6302,0.2408
tbn,22,0,12,226.03,426.705,46.7373,0.2335
tbn,22,0,13,225.88,426.525,53.6139,0.236
tbn,22,0,14,225.745,426.33,56.9798,0.2385
tbn,22,0,15,225.63,426.12,65.5534,0.2417
tbn,22,0,16,225.535,425.9,67.7519,0.2377
tbn,22,0,17,225.46,425.67,75.9646,0.2474
tbn,22,0,18,225.41,425.425,80.9078,0.2532
tbn,22,0,19,225.385,425.17,87.7986,0.2602
tbn,22,0,20,225.385,424.915,92.2894,0.2502
tbn,22,0,21,225.41,424.67,99.4641,0.2433
tbn,22,0,22,225.46,424.435,104.6206,0.2377
tbn,22,0,23,225.53,424.205,109.1786,0.2435
tbn,22,0,24,225.625,423.985,117.6471,0.2371
tbn,22,0,25,225.74,423.78,120.9631,0.2332
tbn,22,0,26,225.87,423.59,127.8736,0.228
tbn,22,0,27,226.02,423.415,133.2653,0.2335
tbn,22,0,28,226.185,423.255,138.5772,0.2267
tbn,22,0,29,226.365,423.11,143.6161,0.236
tbn,22,0,30,226.56,422.98,149.0337,0.2332
tbn,22,0,31,226.765,422.875,156.8029,0.2285
tbn,22,0,32,226.985,422.79,160.8203,0.2435
tbn,22,0,33,227.215,422.72,165.3794,0.2377
tbn,22,0,34,227.45,422.67,170.5394,0.2433
tbn,22,0,35,227.69,422.645,177.6116,0.2402
tbn,22,0,36,227.965,422.65,3.692,0.3107
tbn,22,0,37,228.275,422.69,10.9537,0.3158
tbn,22,0,38,228.585,422.77,17.8799,0.3257
tbn,22,0,39,228.88,422.89,26.5651,0.313
tbn,22,0,40,229.02,423.3,90.0,0.68
tbn,22,0,41,228.885,423.535,37.8734,0.3421
tbn,22,0,42,228.6,423.355,26.5662,0.3354
tbn,22,0,43,228.29,423.23,17.3529,0.3353
tbn,22,0,44,227.96,423.165,5.0423,0.3413
tbn,22,0,45,227.695,423.155,176.9889,0.1903
tbn,22,0,46,227.51,423.175,170.5385,0.1825
tbn,22,0,47,227.33,423.215,164.4744,0.1868
tbn,22,0,48,227.155,423.275,157.6219,0.1838
tbn,22,0,49,226.915,423.395,151.2603,0.3536
tbn,22,0,50,226.63,423.6,137.291,0.3538
tbn,22,0,51,226.39,423.86,128.1575,0.3561
tbn,22,0,52,226.2,424.165,115.8646,0.3667
tbn,22,0,53,226.09,424.415,109.4441,0.1803
tbn,22,0,54,226.035,424.59,105.5199,0.1868
tbn,22,0,55,226.0,424.775,96.0107,0.191
tbn,22,0,56,225.985,424.965,93.0111,0.1903
tbn,22,0,57,225.985,425.155,86.9889,0.1903
tbn,22,0,58,226.0,425.345,83.9898,0.1911
tbn,22,0,59,226.035,425.535,75.2601,0.1965
tbn,22,0,60,226.09,425.715,70.5559,0.1803
tbn,22,0,61,226.2,425.965,64.1354,0.3667
tbn,22,0,62,226.39,426.27,51.8425,0.3561
tbn,22,0,63,226.635,426.53,41.6337,0.3613
tbn,22,0,64,226.925,426.74,30.1406,0.3585
tbn,22,0,65,227.165,426.86,19.4395,0.1803
tbn,22,0,66,227.34,426.915,15.5244,0.1868
tbn,22,0,67,227.52,426.955,9.4623,0.1825
tbn,22,0,68,227.705,426.975,3.0111,0.1903
tbn,22,0,69,227.965,426.965,174.8058,0.3314
tbn,22,0,70,228.29,426.905,164.2916,0.3324
tbn,22,0,71,228.6,426.79,154.9834,0.3311
tbn,22,0,72,228.885,426.62,143.472,0.336
tbn,22,0,73,229.02,426.855,90.0,0.67
tbn,23,0,0,230.28,426.385,90.0,1.87
tbn,23,0,1,229.985,427.32,0.0,0.59
tbn,23,0,2,229.69,425.025,90.0,4.59
tbn,23,0,3,229.985,422.73,0.0,0.59
tbn,23,0,4,230.28,423.835,90.0,2.21
tbn,23,0,5,231.345,424.94,0.0,2.13
tbn,23,0,6,232.41,423.835,90.0,2.21
tbn,23,0,7,232.71,422.73,0.0,0.6
tbn,23,0,8,233.01,425.025,90.0,4.59
tbn,23,0,9,232.71,427.32,0.0,0.6
tbn,23,0,10,232.41,426.385,90.0,1.87
tbn,23,0,11,231.345,425.45,0.0,2.13
tbn,24,0,0,236.855,423.325,114.0071,1.3027
tbn,24,0,1,237.43,422.73,0.0,0.62
tbn,24,0,2,236.635,425.145,114.5867,5.3116
tbn,24,0,3,234.425,425.145,65.4132,5.3116
tbn,24,0,4,233.63,422.73,0.0,0.62
tbn,24,0,5,234.2,423.325,66.3964,1.2987
tbn,24,0,6,235.525,423.92,0.0,2.13
tbn,24,1,0,235.525,424.43,0.0,1.65
tbn,24,1,1,235.115,425.365,66.066,2.0459
tbn,24,1,2,235.94,425.365,113.6773,2.0419
tbn,25,0,0,238.43,422.73,0.0,0.6
tbn,25,0,1,238.73,424.46,90.0,3.46
tbn,25,0,2,240.435,424.365,133.0528,4.9951
tbn,25,0,3,242.14,424.93,90.0,4.78
tbn,25,0,4,241.84,427.32,0.0,0.6
tbn,25,0,5,241.54,425.645,90.0,3.35
tbn,25,0,6,239.835,425.755,133.687,4.9369
tbn,25,0,7,238.13,425.135,90.0,4.81
tbn,26,0,0,245.35,424.77,90.0,0.52
tbn,26,0,1,245.935,424.51,0.0,1.17
tbn,26,0,2,246.5,424.375,81.5741,0.2729
tbn,26,0,3,246.43,424.115,68.1974,0.2693
tbn,26,0,4,246.305,423.87,57.9963,0.283
tbn,26,0,5,246.135,423.65,46.468,0.2759
tbn,26,0,6,245.925,423.47,34.8256,0.2802
tbn,26,0,7,245.69,423.325,28.4433,0.273
tbn,26,0,8,245.44,423.22,17.1034,0.272
tbn,26,0,9,245.175,423.165,6.3398,0.2717
tbn,26,0,10,244.95,423.155,176.8172,0.1803
tbn,26,0,11,244.775,423.175,169.9923,0.1726
tbn,26,0,12,244.605,423.215,163.6093,0.1772
tbn,26,0,13,244.44,423.275,156.3735,0.1746
tbn,26,0,14,244.21,423.4,149.0341,0.3499
tbn,26,0,15,243.93,423.61,137.2928,0.3538
tbn,26,0,16,243.695,423.87,126.8689,0.35
tbn,26,0,17,243.505,424.165,118.7397,0.3536
tbn,26,0,18,243.37,424.49,106.39,0.3544
tbn,26,0,19,243.305,424.835,94.899,0.3513
tbn,26,0,20,243.295,425.11,87.1391,0.2002
tbn,26,0,21,243.31,425.31,84.2885,0.201
tbn,26,0,22,243.345,425.505,75.2558,0.1965
tbn,26,0,23,243.4,425.69,71.5651,0.1897
tbn,26,0,24,243.51,425.945,64.1333,0.3667
tbn,26,0,25,243.7,426.26,53.7463,0.372
tbn,26,0,26,243.945,426.53,41.6335,0.3612
tbn,26,0,27,244.23,426.74,30.9646,0.3499
tbn,26,0,28,244.465,426.86,19.4395,0.1803
tbn,26,0,29,244.635,426.915,16.3907,0.1772
tbn,26,0,30,244.81,426.955,9.4615,0.1825
tbn,26,0,31,244.995,426.975,3.0111,0.1903
tbn,26,0,32,245.195,426.975,177.2751,0.2102
tbn,26,0,33,245.4,426.95,168.6875,0.204
tbn,26,0,34,245.6,426.895,160.7131,0.2119
tbn,26,0,35,245.795,426.815,154.6532,0.2102
tbn,26,0,36,245.975,426.71,144.7822,0.2081
tbn,26,0,37,246.145,426.585,142.5966,0.214
tbn,26,0,38,246.305,426.44,133.1506,0.2193
tbn,26,0,39,246.445,426.275,127.4067,0.214
tbn,26,0,40,246.7,426.395,47.1758,0.559
tbn,26,0,41,246.805,426.7,130.3647,0.2625
tbn,26,0,42,246.62,426.89,138.0135,0.2691
tbn,26,0,43,246.415,427.06,142.6943,0.264
tbn,26,0,44,246.195,427.2,152.4493,0.2594
tbn,26,0,45,245.96,427.31,157.3781,0.26
tbn,26,0,46,245.715,427.4,162.2549,0.2625
tbn,26,0,47,245.46,427.46,171.2556,0.2631
tbn,26,0,48,245.2,427.485,177.7952,0.2602
tbn,26,0,49,244.95,427.485,2.3882,0.2402
tbn,26,0,50,244.71,427.46,9.4611,0.2433
tbn,26,0,51,244.48,427.41,15.2544,0.228
tbn,26,0,52,244.26,427.34,19.9834,0.2341
tbn,26,0,53,244.045,427.25,25.464,0.2326
tbn,26,0,54,243.84,427.135,33.0253,0.2385
tbn,26,0,55,243.65,427.0,37.876,0.228
tbn,26,0,56,243.475,426.85,43.26,0.2335
tbn,26,0,57,243.315,426.68,50.1968,0.2343
tbn,26,0,58,243.17,426.495,53.6161,0.236
tbn,26,0,59,243.04,426.295,60.2551,0.2419
tbn,26,0,60,242.93,426.08,65.5548,0.2417
tbn,26,0,61,242.84,425.855,70.8203,0.2435
tbn,26,0,62,242.77,425.62,75.9646,0.2474
tbn,26,0,63,242.72,425.375,80.9112,0.2532
tbn,26,0,64,242.695,425.125,87.7072,0.2502
tbn,26,0,65,242.695,424.88,92.3882,0.2402
tbn,26,0,66,242.72,424.645,99.8644,0.2334
tbn,26,0,67,242.77,424.42,105.2544,0.228
tbn,26,0,68,242.84,424.205,110.8557,0.2247
tbn,26,0,69,242.925,423.995,113.1971,0.2285
tbn,26,0,70,243.03,423.795,122.2775,0.2247
tbn,26,0,71,243.16,423.605,126.3839,0.236
tbn,26,0,72,243.305,423.43,133.1533,0.2193
tbn,26,0,73,243.46,423.27,135.0,0.2263
tbn,26,0,74,243.63,423.12,142.124,0.228
tbn,26,0,75,243.815,422.99,147.7225,0.2247
tbn,26,0,76,244.01,422.88,153.4367,0.2236
tbn,26,0,77,244.215,422.79,159.1457,0.2247
tbn,26,0,78,244.43,422.72,164.7456,0.228
tbn,26,0,79,244.655,422.67,170.1319,0.2334
tbn,26,0,80,244.89,422.645,177.6154,0.2402
tbn,26,0,81,245.125,422.645,2.4882,0.2302
tbn,26,0,82,245.35,422.67,10.3069,0.2236
tbn,26,0,83,245.565,422.715,13.3929,0.2159
tbn,26,0,84,245.77,422.775,19.2883,0.2119
tbn,26,0,85,245.965,422.855,25.345,0.2102
tbn,26,0,86,246.145,422.955,32.9057,0.2025
tbn,26,0,87,246.31,423.07,36.8743,0.2
tbn,26,0,88,246.465,423.205,44.9971,0.2121
tbn,26,0,89,246.605,423.355,49.0834,0.1985
tbn,26,0,90,246.725,423.515,57.1003,0.2025
tbn,26,0,91,246.83,423.69,60.9429,0.2059
tbn,26,0,92,246.925,423.875,64.655,0.2102
tbn,26,0,93,247.0,424.075,74.0546,0.2184
tbn,26,0,94,247.055,424.285,76.6071,0.2159
tbn,26,0,95,247.095,424.505,82.5688,0.2319
tbn,26,0,96,247.115,424.735,87.5081,0.2302
tbn,26,0,97,247.12,424.94,90.0,0.18
tbn,26,0,98,246.235,425.03,0.0,1.77
tbn,27,0,0,248.98,422.73,0.0,2.5
tbn,27,0,1,250.23,422.985,90.0,0.51
tbn,27,0,2,249.275,423.24,0.0,1.91
tbn,27,0,3,248.32,424.135,90.0,1.79
tbn,27,0,4,249.25,425.03,0.0,1.86
tbn,27,0,5,250.18,425.285,90.0,0.51
tbn,27,0,6,249.25,425.54,0.0,1.86
tbn,27,0,7,248.32,426.175,90.0,1.27
tbn,27,0,8,249.275,426.81,0.0,1.91
tbn,27,0,9,250.23,427.065,90.0,0.51
tbn,27,0,10,248.98,427.32,0.0,2.5
tbn,27,0,11,247.73,425.025,90.0,4.59
tbn,28,0,0,192.07,432.165,90.0,2.91
tbn,28,0,1,192.07,430.615,90.0,0.19
tbn,28,0,2,192.065,430.415,87.2751,0.2102
tbn,28,0,3,192.05,430.205,84.5587,0.211
tbn,28,0,4,192.02,430.0,78.6875,0.204
tbn,28,0,5,191.96,429.81,66.0402,0.197
tbn,28,0,6,191.86,429.65,49.3961,0.1844
tbn,28,0,7,191.765,429.555,35.5424,0.086
tbn,28,0,8,191.685,429.51,23.9679,0.0985
tbn,28,0,9,191.59,429.475,16.6976,0.1044
tbn,28,0,10,191.48,429.455,4.7612,0.1204
tbn,28,0,11,191.3,429.47,170.5394,0.2433
tbn,28,0,12,191.07,429.55,151.3876,0.2506
tbn,28,0,13,190.82,429.37,59.7442,0.5557
tbn,28,0,14,190.765,429.09,154.7981,0.1879
tbn,28,0,15,190.935,429.02,160.5605,0.1803
tbn,28,0,16,191.11,428.975,170.5385,0.1825
tbn,28,0,17,191.3,428.95,174.2924,0.201
tbn,28,0,18,191.495,428.945,3.0111,0.1903
tbn,28,0,19,191.68,428.965,9.4623,0.1825
tbn,28,0,20,191.845,429.005,18.4349,0.1581
tbn,28,0,21,191.99,429.06,23.1978,0.1523
tbn,28,0,22,192.17,429.175,37.6938,0.278
tbn,28,0,23,192.36,429.375,55.177,0.2802
tbn,28,0,24,192.495,429.625,67.8339,0.2916
tbn,28,0,25,192.585,429.905,76.4279,0.2983
tbn,28,0,26,192.64,430.21,82.8763,0.3225
tbn,28,0,27,192.665,430.54,88.3137,0.3401
tbn,28,0,28,192.67,432.165,90.0,2.91
tbn,28,0,29,192.37,433.62,0.0,0.6
tbn,29,0,0,196.47,429.625,113.6042,1.2987
tbn,29,0,1,197.045,429.03,0.0,0.63
tbn,29,0,2,196.25,431.445,114.6848,5.3158
tbn,29,0,3,194.035,431.445,65.4133,5.3116
tbn,29,0,4,193.24,429.03,0.0,0.62
tbn,29,0,5,193.815,429.625,65.9929,1.3027
tbn,29,0,6,195.145,430.22,0.0,2.13
tbn,29,1,0,195.145,430.73,0.0,1.65
tbn,29,1,1,194.73,431.665,66.3227,2.0419
tbn,29,1,2,195.555,431.665,113.934,2.0459
tbn,30,0,0,198.045,429.03,0.0,0.59
tbn,30,0,1,198.34,430.76,90.0,3.46
tbn,30,0,2,200.045,430.665,133.053,4.9951
tbn,30,0,3,201.75,431.23,90.0,4.78
tbn,30,0,4,201.45,433.62,0.0,0.6
tbn,30,0,5,201.15,431.945,90.0,3.35
tbn,30,0,6,199.45,432.06,133.5227,4.9372
tbn,30,0,7,197.75,431.44,90.0,4.82
tbn,31,0,0,202.48,432.17,90.0,2.9
tbn,31,0,1,202.48,430.625,90.0,0.19
tbn,31,0,2,202.495,430.44,99.4615,0.1825
tbn,31,0,3,202.525,430.26,99.4623,0.1825
tbn,31,0,4,202.565,430.09,107.3546,0.1676
tbn,31,0,5,202.665,429.86,116.5639,0.3354
tbn,31,0,6,202.835,429.58,126.1591,0.322
tbn,31,0,7,203.055,429.34,138.6521,0.333
tbn,31,0,8,203.325,429.155,152.6518,0.3265
tbn,31,0,9,203.55,429.05,159.4386,0.1709
tbn,31,0,10,203.715,429.0,166.7626,0.1747
tbn,31,0,11,203.895,428.965,171.0271,0.1923
tbn,31,0,12,204.085,428.945,176.9889,0.1903
tbn,31,0,13,204.275,428.945,3.0111,0.1903
tbn,31,0,14,204.46,428.965,9.4615,0.1825
tbn,31,0,15,204.64,429.0,12.5273,0.1844
tbn,31,0,16,204.81,429.05,20.5596,0.1709
tbn,31,0,17,205.035,429.155,27.3495,0.3265
tbn,31,0,18,205.3,429.34,42.51,0.3256
tbn,31,0,19,205.52,429.58,52.4312,0.328
tbn,31,0,20,205.69,429.86,64.9834,0.3311
tbn,31,0,21,205.785,430.09,72.6454,0.1676
tbn,31,0,22,205.83,430.26,77.4727,0.1844
tbn,31,0,23,205.86,430.44,83.6587,0.1811
tbn,31,0,24,205.875,430.625,86.9889,0.1903
tbn,31,0,25,205.88,432.17,90.0,2.9
tbn,31,0,26,205.585,433.62,0.0,0.59
tbn,31,0,27,205.29,432.27,90.0,2.7
tbn,31,0,28,205.28,430.78,85.9135,0.2807
tbn,31,0,29,205.255,430.505,83.6602,0.2717
tbn,31,0,30,205.205,430.245,74.3594,0.2596
tbn,31,0,31,205.115,430.01,63.4349,0.246
tbn,31,0,32,204.99,429.81,52.124,0.228
tbn,31,0,33,204.82,429.65,34.9923,0.2441
tbn,31,0,34,204.665,429.55,28.6155,0.1253
tbn,31,0,35,204.545,429.505,12.9936,0.1334
tbn,31,0,36,204.41,429.475,12.0943,0.1432
tbn,31,0,37,204.26,429.455,3.5743,0.1603
tbn,31,0,38,204.1,429.455,176.4257,0.1603
tbn,31,0,39,203.95,429.475,167.9057,0.1432
tbn,31,0,40,203.815,429.505,167.0049,0.1334
tbn,31,0,41,203.69,429.55,153.432,0.1342
tbn,31,0,42,203.535,429.65,143.6139,0.236
tbn,31,0,43,203.365,429.81,129.8084,0.2343
tbn,31,0,44,203.24,430.01,114.4419,0.2417
tbn,31,0,45,203.155,430.245,105.6438,0.2596
tbn,31,0,46,203.1,430.505,98.4254,0.273
tbn,31,0,47,203.075,430.78,92.0474,0.2802
tbn,31,0,48,203.07,432.27,90.0,2.7
tbn,31,0,49,202.775,433.62,0.0,0.59
tbn,32,0,0,209.695,429.625,114.0071,1.3027
tbn,32,0,1,210.27,429.03,0.0,0.62
tbn,32,0,2,209.47,431.445,114.6848,5.3158
tbn,32,0,3,207.255,431.445,65.4133,5.3116
tbn,32,0,4,206.46,429.03,0.0,0.62
tbn,32,0,5,207.035,429.625,65.9929,1.3027
tbn,32,0,6,208.365,430.22,0.0,2.13
tbn,32,1,0,208.365,430.73,0.0,1.65
tbn,32,1,1,207.95,431.665,66.3227,2.0419
tbn,32,1,2,208.775,431.665,113.934,2.0459
tbn,33,0,0,212.55,431.07,14.0354,0.2474
tbn,33,0,1,212.78,431.145,22.2481,0.2377
tbn,33,0,2,212.98,431.255,35.8398,0.222
tbn,33,0,3,213.15,431.4,45.0,0.2263
tbn,33,0,4,213.295,431.575,55.6221,0.2302
tbn,33,0,5,213.405,431.775,66.7979,0.2285
tbn,33,0,6,213.48,431.99,74.7456,0.228
tbn,33,0,7,213.52,432.22,85.2355,0.2408
tbn,33,0,8,213.51,432.495,97.354,0.3126
tbn,33,0,9,213.43,432.8,111.8004,0.3231
tbn,33,0,10,213.28,433.08,124.6969,0.3162
tbn,33,0,11,213.07,433.31,140.1937,0.3124
tbn,33,0,12,212.8,433.47,158.1971,0.3231
tbn,33,0,13,212.495,433.565,167.2769,0.3178
tbn,33,0,14,212.175,433.61,176.5311,0.3306
tbn,33,0,15,211.85,433.62,0.0,0.32
tbn,33,0,16,211.33,433.62,0.0,0.72
tbn,33,0,17,210.97,431.325,90.0,4.59
tbn,33,0,18,211.27,429.03,0.0,0.6
tbn,33,0,19,211.57,430.01,90.0,1.96
tbn,33,0,20,211.69,430.99,0.0,0.24
tbn,33,0,21,212.5,430.01,125.1486,2.3971
tbn,33,0,22,213.53,429.03,0.0,0.68
tbn,33,0,23,213.15,430.035,125.6186,2.4726
tbn,33,1,0,211.645,433.11,0.0,0.15
tbn,33,1,1,211.835,433.11,0.0,0.23
tbn,33,1,2,212.06,433.1,174.8045,0.2209
tbn,33,1,3,212.28,433.065,167.195,0.2256
tbn,33,1,4,212.49,433.01,163.3012,0.2088
tbn,33,1,5,212.675,432.925,147.0943,0.2025
tbn,33,1,6,212.825,432.8,132.8801,0.1911
tbn,33,1,7,212.935,432.64,116.5631,0.2013
tbn,33,1,8,212.995,432.43,97.125,0.2419
tbn,33,1,9,212.995,432.19,82.8754,0.2419
tbn,33,1,10,212.94,431.98,66.0362,0.197
tbn,33,1,11,212.835,431.815,49.0863,0.1985
tbn,33,1,12,212.69,431.69,32.0024,0.1887
tbn,33,1,13,212.515,431.605,20.2281,0.2025
tbn,33,1,14,212.315,431.545,13.3929,0.2159
tbn,33,1,15,212.095,431.51,4.9671,0.2309
tbn,33,1,16,211.87,431.5,0.0,0.22
tbn,33,1,17,211.665,431.5,0.0,0.19
tbn,33,1,18,211.57,432.305,90.0,1.61
tbn,34,0,0,215.32,430.05,90.0,2.04
tbn,34,0,1,215.62,429.03,0.0,0.6
tbn,34,0,2,215.92,430.05,90.0,2.04
tbn,34,0,3,216.675,432.345,59.3679,2.9635
tbn,34,0,4,217.095,433.62,0.0,0.67
tbn,34,0,5,216.19,432.66,59.3003,2.2329
tbn,34,0,6,215.05,432.66,120.6997,2.2329
tbn,34,0,7,214.145,433.62,0.0,0.67
tbn,34,0,8,214.565,432.345,120.6321,2.9635
tbn,35,0,0,221.32,430.49,51.7097,2.4207
tbn,35,0,1,222.14,431.545,56.3109,0.2524
tbn,35,0,2,222.26,431.77,67.3794,0.26
tbn,35,0,3,222.34,432.02,77.0056,0.2668
tbn,35,0,4,222.38,432.28,85.6003,0.2608
tbn,35,0,5,222.375,432.555,95.9087,0.2916
tbn,35,0,6,222.32,432.835,106.5024,0.2816
tbn,35,0,7,222.215,433.09,118.4433,0.273
tbn,35,0,8,222.065,433.31,130.3647,0.2625
tbn,35,0,9,221.875,433.49,142.6963,0.264
tbn,35,0,10,221.65,433.63,153.4349,0.2683
tbn,35,0,11,221.395,433.73,163.4955,0.2816
tbn,35,0,12,221.115,433.78,176.0541,0.2907
tbn,35,0,13,220.82,433.78,3.815,0.3007
tbn,35,0,14,220.535,433.735,14.5327,0.2789
tbn,35,0,15,220.285,433.64,27.5553,0.2594
tbn,35,0,16,220.065,433.5,37.3011,0.264
tbn,35,0,17,219.875,433.32,49.6375,0.2625
tbn,35,0,18,219.725,433.105,60.5227,0.2642
tbn,35,0,19,219.61,432.855,69.6789,0.2879
tbn,35,0,20,219.535,432.57,80.5367,0.3041
tbn,35,0,21,219.8,432.42,0.0,0.58
tbn,35,0,22,220.1,432.505,83.2937,0.1712
tbn,35,0,23,220.14,432.675,70.5559,0.1803
tbn,35,0,24,220.215,432.83,57.2657,0.1664
tbn,35,0,25,220.31,432.965,52.435,0.164
tbn,35,0,26,220.425,433.085,40.2355,0.1703
tbn,35,0,27,220.565,433.18,28.067,0.17
tbn,35,0,28,220.72,433.245,17.3562,0.1676
tbn,35,0,29,220.885,433.275,3.3698,0.1703
tbn,35,0,30,221.06,433.275,176.8172,0.1803
tbn,35,0,31,221.235,433.24,160.5605,0.1803
tbn,35,0,32,221.395,433.17,151.926,0.17
tbn,35,0,33,221.54,433.075,141.8425,0.178
tbn,35,0,34,221.665,432.95,128.1575,0.178
tbn,35,0,35,221.765,432.805,120.968,0.1749
tbn,35,0,36,221.835,432.645,106.3859,0.1772
tbn,35,0,37,221.87,432.47,96.3413,0.1811
tbn,35,0,38,221.86,432.265,80.1356,0.2334
tbn,35,0,39,221.795,432.04,67.7485,0.2377
tbn,35,0,40,221.685,431.825,58.2434,0.247
tbn,35,0,41,221.545,431.63,50.1916,0.2343
tbn,35,0,42,220.46,430.285,51.1736,3.2219
tbn,35,0,43,220.92,429.03,0.0,2.94
tbn,35,0,44,222.39,429.285,90.0,0.51
tbn,35,0,45,221.48,429.54,0.0,1.82
tbn,36,0,0,224.555,428.95,5.4413,0.211
tbn,36,0,1,224.755,428.985,14.7454,0.1965
tbn,36,0,2,224.94,429.045,21.2475,0.1931
tbn,36,0,3,225.11,429.135,34.5081,0.1942
tbn,36,0,4,225.265,429.25,38.6598,0.1921
tbn,36,0,5,225.4,429.385,51.343,0.1921
tbn,36,0,6,225.52,429.54,53.1257,0.2
tbn,36,0,7,225.63,429.705,59.5387,0.1972
tbn,36,0,8,225.755,429.985,68.9613,0.4179
tbn,36,0,9,225.885,430.38,74.6234,0.4148
tbn,36,0,10,225.96,430.68,78.6917,0.204
tbn,36,0,11,225.99,430.88,84.2881,0.201
tbn,36,0,12,226.01,431.075,83.9898,0.1911
tbn,36,0,13,226.02,431.265,90.0,0.19
tbn,36,0,14,226.02,431.45,90.0,0.18
tbn,36,0,15,226.01,431.635,96.0107,0.191
tbn,36,0,16,225.99,431.835,95.4413,0.211
tbn,36,0,17,225.96,432.04,101.3083,0.204
tbn,36,0,18,225.89,432.345,103.7076,0.422
tbn,36,0,19,225.76,432.74,112.8339,0.4123
tbn,36,0,20,225.63,433.02,119.0534,0.2059
tbn,36,0,21,225.525,433.19,124.5081,0.1942
tbn,36,0,22,225.405,433.345,130.9166,0.1985
tbn,36,0,23,225.265,433.485,139.0834,0.1985
tbn,36,0,24,225.11,433.6,147.9936,0.1887
tbn,36,0,25,224.94,433.69,156.042,0.197
tbn,36,0,26,224.755,433.755,165.2546,0.1965
tbn,36,0,27,224.555,433.785,177.2711,0.2102
tbn,36,0,28,224.34,433.785,2.6051,0.2202
tbn,36,0,29,224.135,433.755,14.7442,0.1965
tbn,36,0,30,223.95,433.69,23.9598,0.197
tbn,36,0,31,223.78,433.6,32.0064,0.1887
tbn,36,0,32,223.625,433.485,40.9166,0.1985
tbn,36,0,33,223.485,433.345,49.0834,0.1985
tbn,36,0,34,223.365,433.19,55.4919,0.1942
tbn,36,0,35,223.26,433.02,60.9429,0.2059
tbn,36,0,36,223.135,432.74,68.4601,0.4085
tbn,36,0,37,223.005,432.345,74.9817,0.4245
tbn,36,0,38,222.93,432.04,78.6917,0.204
tbn,36,0,39,222.9,431.835,84.5587,0.211
tbn,36,0,40,222.885,431.635,86.9841,0.1903
tbn,36,0,41,222.875,431.45,86.8221,0.1803
tbn,36,0,42,222.875,431.265,93.0111,0.1903
tbn,36,0,43,222.885,431.075,93.0157,0.1903
tbn,36,0,44,222.9,430.88,95.7119,0.201
tbn,36,0,45,222.93,430.68,101.3083,0.204
tbn,36,0,46,223.005,430.38,105.3766,0.4148
tbn,36,0,47,223.135,429.985,111.0368,0.4178
tbn,36,0,48,223.26,429.705,120.4651,0.1972
tbn,36,0,49,223.37,429.54,126.8708,0.2
tbn,36,0,50,223.495,429.385,130.9137,0.1985
tbn,36,0,51,223.63,429.25,139.3997,0.1844
tbn,36,0,52,223.78,429.135,145.4919,0.1942
tbn,36,0,53,223.95,429.045,158.7509,0.1931
tbn,36,0,54,224.135,428.985,165.2558,0.1965
tbn,36,0,55,224.34,428.95,174.8045,0.2209
tbn,36,1,0,224.52,433.275,175.9166,0.1404
tbn,36,1,1,224.66,433.25,164.0513,0.1456
tbn,36,1,2,224.79,433.195,149.7454,0.1389
tbn,36,1,3,224.905,433.115,140.7119,0.1421
tbn,36,1,4,225.055,432.955,129.5587,0.2983
tbn,36,1,5,225.22,432.7,116.5651,0.313
tbn,36,1,6,225.34,432.405,107.8799,0.3257
tbn,36,1,7,225.425,432.09,102.338,0.3276
tbn,36,1,8,225.48,431.78,97.5962,0.3027
tbn,36,1,9,225.505,431.495,92.1199,0.2702
tbn,36,1,10,225.505,431.23,87.7986,0.2602
tbn,36,1,11,225.48,430.945,82.646,0.3126
tbn,36,1,12,225.425,430.635,77.2775,0.3178
tbn,36,1,13,225.34,430.325,72.1201,0.3257
tbn,36,1,14,225.22,430.03,63.4349,0.313
tbn,36,1,15,225.055,429.775,50.4394,0.2983
tbn,36,1,16,224.905,429.615,39.2881,0.1421
tbn,36,1,17,224.79,429.54,26.5651,0.1342
tbn,36,1,18,224.66,429.49,15.9487,0.1456
tbn,36,1,19,224.52,429.46,8.1319,0.1414
tbn,36,1,20,224.375,429.46,172.4034,0.1513
tbn,36,1,21,224.23,429.49,164.0513,0.1456
tbn,36,1,22,224.1,429.54,153.4379,0.1342
tbn,36,1,23,223.985,429.615,140.7119,0.1421
tbn,36,1,24,223.835,429.775,129.5606,0.2983
tbn,36,1,25,223.67,430.03,116.5651,0.313
tbn,36,1,26,223.55,430.325,107.8773,0.3257
tbn,36,1,27,223.465,430.635,102.7251,0.3178
tbn,36,1,28,223.41,430.945,97.3512,0.3126
tbn,36,1,29,223.385,431.23,92.2048,0.2602
tbn,36,1,30,223.385,431.495,87.8769,0.2702
tbn,36,1,31,223.41,431.78,82.4067,0.3027
tbn,36,1,32,223.465,432.09,77.6594,0.3276
tbn,36,1,33,223.55,432.405,72.1227,0.3257
tbn,36,1,34,223.67,432.7,63.4349,0.313
tbn,36,1,35,223.835,432.955,50.4413,0.2983
tbn,36,1,36,223.985,433.115,39.2881,0.1421
tbn,36,1,37,224.1,433.195,30.2515,0.1389
tbn,36,1,38,224.23,433.25,15.9487,0.1456
tbn,36,1,39,224.375,433.275,3.8121,0.1503
tbn,37,0,0,228.41,430.49,51.7097,2.4207
tbn,37,0,1,229.225,431.545,58.2404,0.247
tbn,37,0,2,229.34,431.77,67.3825,0.26
tbn,37,0,3,229.425,432.02,74.9297,0.2693
tbn,37,0,4,229.47,432.28,85.6003,0.2608
tbn,37,0,5,229.465,432.555,95.9087,0.2916
tbn,37,0,6,229.41,432.835,106.5024,0.2816
tbn,37,0,7,229.305,433.09,118.4433,0.273
tbn,37,0,8,229.15,433.31,131.9889,0.2691
tbn,37,0,9,228.955,433.49,142.6943,0.264
tbn,37,0,10,228.73,433.63,153.4364,0.2683
tbn,37,0,11,228.48,433.73,162.8966,0.272
tbn,37,0,12,228.205,433.78,176.0541,0.2907
tbn,37,0,13,227.91,433.78,3.815,0.3007
tbn,37,0,14,227.625,433.735,14.5327,0.2789
tbn,37,0,15,227.37,433.64,26.5665,0.2683
tbn,37,0,16,227.15,433.5,38.6582,0.2561
tbn,37,0,17,226.965,433.32,49.6375,0.2625
tbn,37,0,18,226.815,433.105,60.5227,0.2642
tbn,37,0,19,226.7,432.855,69.6789,0.2879
tbn,37,0,20,226.625,432.57,80.5367,0.3041
tbn,37,0,21,226.885,432.42,0.0,0.57
tbn,37,0,22,227.185,432.505,79.9923,0.1726
tbn,37,0,23,227.23,432.675,70.5559,0.1803
tbn,37,0,24,227.3,432.83,60.2592,0.1612
tbn,37,0,25,227.395,432.965,49.7645,0.1703
tbn,37,0,26,227.515,433.085,40.2355,0.1703
tbn,37,0,27,227.655,433.18,28.067,0.17
tbn,37,0,28,227.81,433.245,17.3562,0.1676
tbn,37,0,29,227.975,433.275,3.3698,0.1703
tbn,37,0,30,228.15,433.275,176.8172,0.1803
tbn,37,0,31,228.32,433.24,159.4452,0.1709
tbn,37,0,32,228.48,433.17,153.4328,0.1789
tbn,37,0,33,228.625,433.075,139.7645,0.1703
tbn,37,0,34,228.75,432.95,130.6003,0.1844
tbn,37,0,35,228.85,432.805,118.074,0.17
tbn,37,0,36,228.92,432.645,109.4395,0.1803
tbn,37,0,37,228.96,432.47,96.3413,0.1811
tbn,37,0,38,228.95,432.265,80.1356,0.2334
tbn,37,0,39,228.88,432.04,65.5548,0.2417
tbn,37,0,40,228.765,431.825,58.2404,0.247
tbn,37,0,41,228.63,431.63,52.124,0.228
tbn,37,0,42,227.545,430.285,51.0352,3.2282
tbn,37,0,43,228.005,429.03,0.0,2.95
tbn,37,0,44,229.48,429.285,90.0,0.51
tbn,37,0,45,228.57,429.54,0.0,1.82
tbn,38,0,0,232.96,433.365,90.0,0.51
tbn,38,0,1,232.05,433.62,0.0,1.82
tbn,38,0,2,230.785,432.44,73.2564,2.4645
tbn,38,0,3,230.485,431.26,0.0,0.11
tbn,38,0,4,230.63,431.345,43.3668,0.2476
tbn,38,0,5,230.825,431.495,31.7566,0.247
tbn,38,0,6,231.045,431.6,19.1797,0.2435
tbn,38,0,7,231.285,431.655,6.8425,0.2518
tbn,38,0,8,231.52,431.655,172.2352,0.222
tbn,38,0,9,231.73,431.61,163.3012,0.2088
tbn,38,0,10,231.925,431.53,152.2403,0.2147
tbn,38,0,11,232.1,431.41,138.8148,0.2126
tbn,38,0,12,232.25,431.26,131.1879,0.2126
tbn,38,0,13,232.37,431.09,119.055,0.2059
tbn,38,0,14,232.455,430.895,108.4325,0.2214
tbn,38,0,15,232.5,430.685,95.4417,0.2109
tbn,38,0,16,232.5,430.465,85.0291,0.2309
tbn,38,0,17,232.455,430.245,71.5675,0.2214
tbn,38,0,18,232.37,430.045,62.2403,0.2147
tbn,38,0,19,232.255,429.865,52.5933,0.214
tbn,38,0,20,232.105,429.715,37.4067,0.214
tbn,38,0,21,231.925,429.595,30.0684,0.2195
tbn,38,0,22,231.725,429.51,15.9454,0.2184
tbn,38,0,23,231.51,429.465,7.7648,0.222
tbn,38,0,24,231.32,429.46,172.8736,0.1612
tbn,38,0,25,231.16,429.485,169.381,0.1628
tbn,38,0,26,231.005,429.535,154.9799,0.1655
tbn,38,0,27,230.855,429.61,151.9305,0.17
tbn,38,0,28,230.715,429.7,142.4308,0.164
tbn,38,0,29,230.59,429.805,137.4882,0.1628
tbn,38,0,30,230.485,429.925,124.6976,0.1581
tbn,38,0,31,230.405,430.06,116.5626,0.1565
tbn,38,0,32,230.155,429.93,42.9301,0.5873
tbn,38,0,33,230.0,429.64,123.6934,0.2163
tbn,38,0,34,230.13,429.475,133.0232,0.2052
tbn,38,0,35,230.28,429.33,138.8121,0.2126
tbn,38,0,36,230.445,429.205,147.0967,0.2025
tbn,38,0,37,230.63,429.105,155.7728,0.2193
tbn,38,0,38,230.83,429.03,163.3012,0.2088
tbn,38,0,39,231.035,428.98,169.217,0.2138
tbn,38,0,40,231.245,428.95,174.5587,0.211
tbn,38,0,41,231.44,428.945,3.1779,0.1803
tbn,38,0,42,231.615,428.96,6.7113,0.1712
tbn,38,0,43,231.78,428.99,14.035,0.1649
tbn,38,0,44,231.935,429.035,18.4349,0.1581
tbn,38,0,45,232.155,429.13,25.7697,0.322
tbn,38,0,46,232.42,429.295,38.3672,0.3061
tbn,38,0,47,232.64,429.505,48.9908,0.3048
tbn,38,0,48,232.815,429.76,61.8223,0.3176
tbn,38,0,49,232.92,429.975,68.1956,0.1616
tbn,38,0,50,232.97,430.13,75.9663,0.1649
tbn,38,0,51,233.0,430.295,83.2887,0.1712
tbn,38,0,52,233.015,430.47,86.8218,0.1803
tbn,38,0,53,233.01,430.715,93.6922,0.3106
tbn,38,0,54,232.96,431.02,104.9289,0.3105
tbn,38,0,55,232.86,431.305,113.964,0.2955
tbn,38,0,56,232.72,431.565,122.6198,0.2968
tbn,38,0,57,232.535,431.79,136.3965,0.29
tbn,38,0,58,232.305,431.965,149.0373,0.2915
tbn,38,0,59,232.11,432.07,156.7969,0.1523
tbn,38,0,60,231.97,432.12,164.0571,0.1456
tbn,38,0,61,231.82,432.155,169.381,0.1628
tbn,38,0,62,231.66,432.175,176.4203,0.1603
tbn,38,0,63,231.415,432.17,3.4689,0.3306
tbn,38,0,64,231.395,432.635,73.024,0.9933
tbn,38,0,65,232.25,433.11,0.0,1.42
tbn,39,0,0,211.91,474.425,90.0,69.89
tbn,40,0,0,201.855,472.23,107.0677,68.5176
tbn,41,0,0,193.21,500.405,107.1292,9.5747
tbn,41,0,1,194.33,495.975,153.4349,0.6485
tbn,41,0,2,193.785,496.19,164.6502,0.5289
tbn,41,0,3,193.28,496.26,0.0,0.5
tbn,41,0,4,192.92,496.225,17.65,0.2309
tbn,41,0,5,192.595,496.08,27.0961,0.483
tbn,41,0,6,192.415,497.09,88.2103,2.2411
tbn,41,0,7,192.415,499.325,91.7977,2.2311
tbn,41,0,8,192.275,501.23,97.5711,1.5939
tbn,42,0,0,210.685,501.7,132.6466,3.6164
tbn,42,0,1,210.18,504.76,67.4036,3.7477
tbn,42,0,2,211.405,508.76,77.4579,4.651
tbn,42,0,3,212.38,508.76,101.6977,4.6363
tbn,42,0,4,213.605,504.76,113.5772,3.7751
tbn,43,0,0,197.335,482.82,108.0598,0.4838
tbn,43,0,1,195.715,481.77,39.6409,4.0127
tbn,43,0,2,196.17,480.3,174.5731,4.018
tbn,43,0,3,198.1,480.34,106.9272,0.4808
tbn,43,0,4,196.63,480.69,175.1009,2.8103
tbn,43,0,5,196.32,481.7,39.2322,2.8144
tbn,44,0,0,196.01,476.66,40.9721,1.0066
tbn,44,0,1,195.7,476.1,106.9275,0.4808
tbn,44,0,2,197.295,477.23,41.7268,4.0867
tbn,44,0,3,196.795,478.86,172.4053,4.0858
tbn,44,0,4,194.84,478.9,106.9275,0.4808
tbn,44,0,5,195.41,478.61,173.1571,1.0072
tbn,44,0,6,196.15,477.77,107.1026,1.6322
tbn,44,1,0,196.525,477.885,107.0033,1.2653
tbn,44,1,1,197.12,478.395,173.0558,1.5715
tbn,44,1,2,197.305,477.79,40.6015,1.5673
tbn,45,0,0,197.715,474.885,117.8966,0.1924
tbn,45,0,1,197.82,474.73,130.6039,0.1844
tbn,45,0,2,197.95,474.605,141.8425,0.178
tbn,45,0,3,198.095,474.51,151.926,0.17
tbn,45,0,4,198.255,474.445,163.6093,0.1772
tbn,45,0,5,198.425,474.41,173.2912,0.1712
tbn,45,0,6,198.6,474.405,3.1804,0.1803
tbn,45,0,7,198.78,474.43,12.5296,0.1844
tbn,45,0,8,198.98,474.5,24.4435,0.2417
tbn,45,0,9,199.185,474.625,38.2901,0.2421
tbn,45,0,10,199.355,474.795,51.7102,0.2421
tbn,45,0,11,199.48,475.005,66.5005,0.2508
tbn,45,0,12,199.54,475.24,85.2353,0.2408
tbn,45,0,13,199.535,475.485,96.8425,0.2518
tbn,45,0,14,199.495,475.73,101.7691,0.2452
tbn,45,0,15,199.435,475.97,106.2615,0.25
tbn,45,0,16,199.32,476.355,106.7973,0.5536
tbn,45,0,17,197.55,476.1,17.1027,3.5364
tbn,45,0,18,195.925,475.36,106.4605,0.4588
tbn,45,0,19,196.71,475.365,17.3543,1.5087
tbn,45,0,20,197.46,475.5,108.4386,0.1897
tbn,45,0,21,196.925,474.68,52.261,1.8462
tbn,45,0,22,196.435,473.7,106.6986,0.522
tbn,45,0,23,197.09,474.21,52.6505,1.9121
tbn,45,1,0,199.015,476.01,104.0362,0.1237
tbn,45,1,1,199.055,475.865,106.39,0.1772
tbn,45,1,2,199.095,475.695,100.0077,0.1726
tbn,45,1,3,199.12,475.53,97.1267,0.1612
tbn,45,1,4,199.13,475.365,90.0,0.17
tbn,45,1,5,199.11,475.205,75.065,0.1552
tbn,45,1,6,199.055,475.065,61.7029,0.1476
tbn,45,1,7,198.96,474.95,39.8027,0.1562
tbn,45,1,8,198.82,474.86,26.5672,0.1789
tbn,45,1,9,198.645,474.805,8.9722,0.1924
tbn,45,1,10,198.475,474.8,172.4071,0.1513
tbn,45,1,11,198.33,474.84,156.7995,0.1523
tbn,45,1,12,198.205,474.92,137.7269,0.1487
tbn,45,1,13,198.1,475.03,129.8023,0.1562
tbn,45,1,14,198.01,475.165,118.074,0.17
tbn,45,1,15,197.94,475.32,110.5548,0.1709
tbn,45,1,16,197.88,475.48,110.5605,0.1709
tbn,45,1,17,197.83,475.63,105.9421,0.1456
tbn,45,1,18,198.405,475.885,17.2715,1.2462
tbn,46,0,0,197.67,469.465,111.8004,0.1616
tbn,46,0,1,197.74,469.325,121.6086,0.1526
tbn,46,0,2,197.83,469.2,129.8066,0.1562
tbn,46,0,3,197.935,469.095,140.7119,0.1421
tbn,46,0,4,198.055,469.01,148.3899,0.1526
tbn,46,0,5,198.185,468.94,155.2266,0.1432
tbn,46,0,6,198.325,468.885,161.5633,0.1581
tbn,46,0,7,198.475,468.845,168.6912,0.153
tbn,46,0,8,198.705,468.815,174.4726,0.3114
tbn,46,0,9,199.02,468.805,1.789,0.3201
tbn,46,0,10,199.26,468.82,7.1264,0.1612
tbn,46,0,11,199.415,468.845,11.3088,0.153
tbn,46,0,12,199.565,468.875,11.3099,0.153
tbn,46,0,13,199.705,468.91,17.1025,0.136
tbn,46,0,14,199.84,468.95,15.9458,0.1456
tbn,46,0,15,199.98,469.0,23.1978,0.1523
tbn,46,0,16,200.12,469.06,23.2005,0.1523
tbn,46,0,17,200.26,469.125,26.5651,0.1565
tbn,46,0,18,200.47,469.245,31.2636,0.3276
tbn,46,0,19,200.735,469.43,38.6594,0.3202
tbn,46,0,20,200.915,469.59,47.49,0.1628
tbn,46,0,21,201.015,469.71,53.1319,0.15
tbn,46,0,22,201.1,469.835,58.3914,0.1526
tbn,46,0,23,201.17,469.965,65.2253,0.1432
tbn,46,0,24,201.22,470.1,74.0513,0.1456
tbn,46,0,25,201.25,470.245,82.4096,0.1513
tbn,46,0,26,201.255,470.395,93.8119,0.1503
tbn,46,0,27,201.23,470.555,103.2385,0.1746
tbn,46,0,28,201.18,470.715,111.8054,0.1616
tbn,46,0,29,201.11,470.855,121.6086,0.1526
tbn,46,0,30,201.02,470.975,132.2709,0.1487
tbn,46,0,31,200.915,471.08,137.7269,0.1487
tbn,46,0,32,200.8,471.17,146.3083,0.1442
tbn,46,0,33,200.67,471.24,156.7995,0.1523
tbn,46,0,34,200.525,471.29,165.0718,0.1552
tbn,46,0,35,200.375,471.33,165.0677,0.1552
tbn,46,0,36,200.14,471.365,174.6445,0.3214
tbn,46,0,37,199.82,471.37,3.5758,0.3206
tbn,46,0,38,199.58,471.35,7.1237,0.1612
tbn,46,0,39,199.425,471.325,11.3127,0.153
tbn,46,0,40,199.275,471.295,11.3088,0.153
tbn,46,0,41,199.13,471.26,15.9458,0.1456
tbn,46,0,42,198.995,471.22,17.0994,0.136
tbn,46,0,43,198.86,471.17,23.2005,0.1523
tbn,46,0,44,198.72,471.11,23.1978,0.1523
tbn,46,0,45,198.58,471.045,26.5651,0.1565
tbn,46,0,46,198.375,470.925,32.1965,0.3191
tbn,46,0,47,198.115,470.74,38.6604,0.3202
tbn,46,0,48,197.935,470.58,47.4882,0.1628
tbn,46,0,49,197.835,470.46,53.1272,0.15
tbn,46,0,50,197.75,470.34,56.315,0.1442
tbn,46,0,51,197.68,470.21,66.7969,0.1523
tbn,46,0,52,197.635,470.07,77.9057,0.1432
tbn,46,0,53,197.61,469.925,82.4096,0.1513
tbn,46,0,54,197.605,469.775,93.8121,0.1503
tbn,46,0,55,197.625,469.62,100.619,0.1628
tbn,46,1,0,200.85,470.465,100.3069,0.1118
tbn,46,1,1,200.86,470.355,90.0,0.11
tbn,46,1,2,200.85,470.245,79.6931,0.1118
tbn,46,1,3,200.82,470.14,68.2016,0.1077
tbn,46,1,4,200.735,469.995,55.619,0.2302
tbn,46,1,5,200.585,469.82,43.2653,0.2335
tbn,46,1,6,200.395,469.665,35.5357,0.2581
tbn,46,1,7,200.18,469.53,28.6109,0.2506
tbn,46,1,8,199.965,469.42,25.4639,0.2326
tbn,46,1,9,199.76,469.335,19.2902,0.2119
tbn,46,1,10,199.56,469.275,14.0373,0.2062
tbn,46,1,11,199.345,469.23,9.8656,0.2335
tbn,46,1,12,199.11,469.2,4.763,0.2408
tbn,46,1,13,198.86,469.195,177.797,0.2602
tbn,46,1,14,198.615,469.22,170.1356,0.2334
tbn,46,1,15,198.395,469.28,159.1457,0.2247
tbn,46,1,16,198.245,469.35,146.3099,0.1082
tbn,46,1,17,198.16,469.42,135.0,0.1131
tbn,46,1,18,198.09,469.505,123.6878,0.1082
tbn,46,1,19,198.04,469.605,109.9799,0.117
tbn,46,1,20,198.01,469.715,100.3069,0.1118
tbn,46,1,21,198.0,469.825,90.0,0.11
tbn,46,1,22,198.01,469.93,78.6884,0.102
tbn,46,1,23,198.04,470.03,68.2016,0.1077
tbn,46,1,24,198.12,470.175,57.7257,0.2247
tbn,46,1,25,198.265,470.355,44.9974,0.2404
tbn,46,1,26,198.455,470.51,33.691,0.2524
tbn,46,1,27,198.67,470.64,28.6109,0.2506
tbn,46,1,28,198.885,470.75,25.4623,0.2326
tbn,46,1,29,199.085,470.835,20.226,0.2025
tbn,46,1,30,199.28,470.895,14.0342,0.2062
tbn,46,1,31,199.495,470.94,9.8662,0.2334
tbn,46,1,32,199.735,470.97,4.5749,0.2508
tbn,46,1,33,199.99,470.98,0.0,0.26
tbn,46,1,34,200.235,470.96,170.1344,0.2335
tbn,46,1,35,200.46,470.895,157.7488,0.2377
tbn,46,1,36,200.61,470.82,143.1319,0.1
tbn,46,1,37,200.69,470.755,138.8148,0.1063
tbn,46,1,38,200.76,470.675,123.6878,0.1082
tbn,46,1,39,200.815,470.575,114.4466,0.1208
tbn,47,0,0,198.715,467.795,119.0571,0.103
tbn,47,0,1,198.65,467.87,143.1284,0.1
tbn,47,0,2,198.565,467.915,161.5651,0.0949
tbn,47,0,3,198.465,467.925,5.1955,0.1105
tbn,47,0,4,198.365,467.895,29.0534,0.103
tbn,47,0,5,198.29,467.83,53.1319,0.1
tbn,47,0,6,198.245,467.745,71.5665,0.0949
tbn,47,0,7,198.235,467.645,95.1916,0.1105
tbn,47,0,8,198.265,467.545,119.0571,0.103
tbn,47,0,9,198.33,467.47,143.1319,0.1
tbn,47,0,10,198.42,467.425,163.3,0.1044
tbn,47,0,11,198.52,467.415,5.7071,0.1005
tbn,47,0,12,198.615,467.445,29.0571,0.103
tbn,47,0,13,198.69,467.51,53.1319,0.1
tbn,47,0,14,198.735,467.595,71.5651,0.0949
tbn,47,0,15,198.745,467.695,95.1916,0.1105
tbn,48,0,0,202.42,465.58,17.5247,0.3985
tbn,48,0,1,202.405,466.305,107.1331,1.3918
tbn,48,0,2,201.25,466.965,0.3014,1.9
tbn,48,0,3,200.31,466.92,104.0285,0.0825
tbn,48,0,4,200.405,466.835,152.1014,0.1924
tbn,48,0,5,200.56,466.73,139.3997,0.1844
tbn,48,0,6,200.685,466.59,124.5081,0.1942
tbn,48,0,7,200.78,466.425,115.2019,0.1879
tbn,48,0,8,200.835,466.255,100.0077,0.1726
tbn,48,0,9,200.85,466.09,90.0,0.16
tbn,48,0,10,200.835,465.93,79.3805,0.1628
tbn,48,0,11,200.79,465.775,68.2006,0.1616
tbn,48,0,12,200.715,465.63,57.2657,0.1664
tbn,48,0,13,200.61,465.5,45.0,0.1697
tbn,48,0,14,200.485,465.395,34.6931,0.1581
tbn,48,0,15,200.345,465.315,25.0179,0.1655
tbn,48,0,16,200.185,465.265,10.0077,0.1726
tbn,48,0,17,200.015,465.25,0.0,0.17
tbn,48,0,18,199.845,465.265,169.9923,0.1726
tbn,48,0,19,199.685,465.31,158.1936,0.1616
tbn,48,0,20,199.54,465.385,147.2657,0.1664
tbn,48,0,21,199.41,465.49,135.0036,0.1697
tbn,48,0,22,199.305,465.62,122.7343,0.1664
tbn,48,0,23,199.225,465.77,113.6265,0.1746
tbn,48,0,24,199.175,465.91,104.0431,0.1237
tbn,48,0,25,199.155,466.03,94.7609,0.1204
tbn,48,0,26,199.16,466.155,81.2518,0.1315
tbn,48,0,27,199.18,466.28,80.5359,0.1217
tbn,48,0,28,199.215,466.4,67.3856,0.13
tbn,48,0,29,199.265,466.515,65.5548,0.1208
tbn,48,0,30,199.33,466.62,51.3391,0.1281
tbn,48,0,31,199.415,466.71,41.6353,0.1204
tbn,48,0,32,199.265,466.865,149.4707,0.4528
tbn,48,0,33,199.015,466.92,47.49,0.1628
tbn,48,0,34,198.92,466.79,60.2544,0.1612
tbn,48,0,35,198.845,466.645,64.9847,0.1655
tbn,48,0,36,198.79,466.49,75.9612,0.1649
tbn,48,0,37,198.76,466.33,82.8787,0.1612
tbn,48,0,38,198.75,466.17,90.0,0.16
tbn,48,0,39,198.755,466.005,93.3645,0.1703
tbn,48,0,40,198.78,465.84,104.0401,0.1649
tbn,48,0,41,198.825,465.7,112.6131,0.13
tbn,48,0,42,198.875,465.58,112.6219,0.13
tbn,48,0,43,198.935,465.465,122.4738,0.1304
tbn,48,0,44,199.005,465.355,122.4681,0.1304
tbn,48,0,45,199.12,465.215,133.2653,0.2335
tbn,48,0,46,199.3,465.06,145.0077,0.2441
tbn,48,0,47,199.51,464.94,155.5548,0.2417
tbn,48,0,48,199.735,464.87,170.1356,0.2334
tbn,48,0,49,199.915,464.845,175.6039,0.1304
tbn,48,0,50,200.045,464.845,4.3961,0.1304
tbn,48,0,51,200.175,464.86,8.7487,0.1315
tbn,48,0,52,200.305,464.885,12.9936,0.1334
tbn,48,0,53,200.48,464.945,22.2481,0.2377
tbn,48,0,54,200.69,465.05,30.9631,0.2332
tbn,48,0,55,200.88,465.185,39.806,0.2343
tbn,48,0,56,201.04,465.35,52.124,0.228
tbn,48,0,57,201.16,465.54,63.4367,0.2236
tbn,48,0,58,201.24,465.745,74.0557,0.2184
tbn,48,0,59,201.275,465.91,85.2315,0.1204
tbn,48,0,60,201.28,466.03,90.0,0.12
tbn,48,0,61,201.27,466.15,99.4641,0.1217
tbn,48,0,62,201.245,466.27,104.0362,0.1237
tbn,48,0,63,201.19,466.445,109.1792,0.2435
tbn,48,0,64,201.53,466.565,0.754,0.7601
tbn,48,0,65,202.07,466.045,106.9495,1.0977
tbn,49,0,0,202.915,464.555,117.3495,0.3265
tbn,49,0,1,202.725,464.795,140.4413,0.2983
tbn,49,0,2,202.465,464.93,164.5772,0.3008
tbn,49,0,3,202.155,464.95,6.91,0.3324
tbn,49,0,4,201.845,464.855,27.3518,0.3265
tbn,49,0,5,201.605,464.665,50.4394,0.2983
tbn,49,0,6,201.47,464.405,74.5772,0.3008
tbn,49,0,7,201.45,464.1,97.1237,0.3225
tbn,49,0,8,201.545,463.795,117.3518,0.3265
tbn,49,0,9,201.735,463.55,138.9887,0.3048
tbn,49,0,10,201.995,463.41,164.58,0.3008
tbn,49,0,11,202.3,463.39,7.1237,0.3225
tbn,49,0,12,202.605,463.485,27.3495,0.3265
tbn,49,0,13,202.85,463.675,48.9905,0.3048
tbn,49,0,14,202.99,463.935,74.58,0.3008
tbn,49,0,15,203.01,464.245,96.91,0.3324
tbn,49,1,0,201.81,464.13,97.1264,0.1612
tbn,49,1,1,201.825,464.29,72.6454,0.1676
tbn,49,1,2,201.9,464.435,52.4275,0.164
tbn,49,1,3,202.025,464.54,28.074,0.17
tbn,49,1,4,202.185,464.59,6.7113,0.1712
tbn,49,1,5,202.35,464.575,162.6454,0.1676
tbn,49,1,6,202.495,464.5,142.4308,0.164
tbn,49,1,7,202.6,464.375,118.0695,0.17
tbn,49,1,8,202.65,464.215,96.7113,0.1712
tbn,49,1,9,202.635,464.05,72.6454,0.1676
tbn,49,1,10,202.555,463.905,49.7645,0.1703
tbn,49,1,11,202.425,463.8,28.0695,0.17
tbn,49,1,12,202.265,463.75,6.7113,0.1712
tbn,49,1,13,202.105,463.765,161.5651,0.1581
tbn,49,1,14,201.965,463.845,139.7612,0.1703
tbn,49,1,15,201.86,463.975,118.074,0.17
tbn,50,0,0,204.13,460.67,106.9272,0.4808
tbn,50,0,1,202.525,459.655,39.0446,3.9529
tbn,50,0,2,202.385,458.31,175.8999,2.7972
tbn,50,0,3,202.68,457.345,38.1804,2.7987
tbn,50,0,4,203.55,456.31,175.068,3.9546
tbn,50,0,5,205.45,456.375,106.5889,0.4904
tbn,50,0,6,204.03,456.715,175.5525,2.7082
tbn,50,0,7,203.8,457.69,37.8393,2.8364
tbn,50,0,8,203.53,458.66,175.8848,2.7872
tbn,50,0,9,203.17,459.6,39.1983,2.6582
tbn,51,0,0,18.04,296.915,90.0,504.39
tbn,51,0,1,193.68,44.72,0.0,351.28
tbn,51,0,2,369.32,296.915,90.0,504.39
tbn,51,0,3,193.68,549.11,0.0,351.28
tbn,52,0,0,219.115,207.565,69.2182,3.8612
tbn,52,0,1,221.17,208.755,155.8248,3.0034
tbn,52,0,2,221.855,206.41,68.3987,3.7213
tbn,53,0,0,216.74,199.82,67.8274,6.3063
tbn,53,0,1,219.875,201.875,156.0237,4.2574
tbn,53,0,2,220.7,198.165,68.5116,6.115
tbn,54,0,0,215.84,207.745,68.988,1.6176
tbn,54,0,1,216.595,206.485,154.2081,2.3212
tbn,54,0,2,217.93,206.735,68.9876,1.6175
tbn,55,0,0,224.56,209.19,70.0168,4.2137
tbn,55,0,1,226.215,210.775,157.0984,2.03
tbn,55,0,2,226.43,208.395,70.0632,4.2231
tbn,56,0,0,287.695,285.57,33.5137,7.2084
tbn,56,0,1,289.595,289.22,123.6507,3.9883
tbn,56,0,2,288.315,290.765,33.3102,0.4188
tbn,56,0,3,287.335,291.87,123.4185,2.9233
tbn,56,0,4,283.7,291.21,33.5966,6.7951
tbn,57,0,0,298.58,276.09,123.5079,20.94
tbn,57,0,1,301.62,265.55,33.448,6.5677
tbn,57,0,2,298.64,264.105,123.3259,0.8736
tbn,57,0,3,297.315,263.755,33.384,2.5988
tbn,57,0,4,295.145,264.68,123.4878,3.9328
tbn,57,0,5,295.155,267.045,33.5088,2.6265
tbn,57,0,6,296.04,268.08,124.1155,0.7489
tbn,57,0,7,296.035,268.52,32.3784,0.4855
tbn,57,0,8,291.995,275.06,123.5143,15.3764
tbn,58,0,0,224.985,215.385,67.7431,3.0362
tbn,58,0,1,225.42,216.86,153.4325,0.3131
tbn,58,0,2,225.71,218.19,71.1567,2.6627
tbn,58,0,3,227.255,218.91,154.1593,2.4778
tbn,58,0,4,227.94,217.29,68.2901,2.3249
tbn,58,0,5,228.195,215.885,154.617,1.5164
tbn,58,0,6,228.265,214.05,67.8397,3.2609
tbn,59,0,0,165.595,158.23,156.3742,9.3322
tbn,59,0,1,169.305,155.07,66.3474,2.8166
tbn,59,0,2,164.465,155.625,156.656,9.3123
tbn,60,0,0,161.95,152.485,155.7436,7.3268
tbn,60,0,1,165.355,151.13,66.5718,0.327
tbn,60,0,2,166.37,150.855,155.8977,2.0815
tbn,60,0,3,166.67,148.985,65.7806,3.1689
tbn,60,0,4,161.7,149.38,156.9295,9.3911
tbn,61,0,0,163.64,142.105,156.6943,9.1245
tbn,61,0,1,166.78,137.87,66.6309,5.2943
tbn,61,0,2,161.545,137.245,156.6693,9.1153
tbn,62,0,0,171.205,137.55,157.9665,4.5849
tbn,62,0,1,172.97,135.8,67.9769,1.9201
tbn,62,0,2,170.485,135.775,157.8507,4.5886
tbn,63,0,0,251.88,241.49,32.8797,6.6682
tbn,63,0,1,166.26,368.025,122.8338,305.4936
tbn,63,0,2,86.24,498.175,32.8074,6.6627
tbn,64,0,0,165.58,74.515,58.0972,1.7787
tbn,64,0,1,164.245,73.615,9.5153,1.7541
tbn,64,0,2,163.995,72.82,133.4153,1.7897
tbn,64,0,3,164.535,71.27,85.2367,1.8063
tbn,64,0,4,165.255,70.73,24.3635,1.7454
tbn,64,0,5,166.84,70.765,157.6374,1.7085
tbn,64,0,6,167.56,71.305,94.6264,1.7357
tbn,64,0,7,168.065,72.82,48.5034,1.7356
tbn,64,0,8,167.775,73.615,170.4847,1.7541
tbn,65,0,0,166.91,72.935,112.087,0.7446
tbn,65,0,1,166.425,73.42,157.9152,0.7446
tbn,65,0,2,165.74,73.42,22.3781,0.7354
tbn,65,0,3,165.255,72.935,67.2029,0.7485
tbn,65,0,4,165.255,72.245,112.7971,0.7485
tbn,65,0,5,165.74,71.76,157.6219,0.7354
tbn,65,0,6,166.425,71.76,22.0848,0.7446
tbn,65,0,7,166.91,72.245,67.913,0.7446
tbn,66,0,0,233.605,220.71,20.6247,4.883
tbn,67,0,0,230.27,219.145,11.7407,3.391
tbn,67,0,1,231.755,219.74,124.9925,0.6103
tbn,67,0,2,231.535,220.315,97.8829,0.6562
tbn,68,0,0,200.81,209.15,173.4659,22.8484
tbn,69,0,0,213.17,208.11,161.9805,3.4912
tbn,69,0,1,211.55,208.29,96.3403,0.7244
tbn,69,0,2,211.48,207.64,69.2272,0.6203
tbn,70,0,0,114.24,438.505,122.5934,10.433
tbn,71,0,0,200.775,305.96,122.9735,9.536
tbn,72,0,0,118.13,433.1,112.2351,3.4355
tbn,72,0,1,117.265,434.47,45.6577,0.6152
tbn,72,0,2,116.725,434.145,17.9051,0.6831
tbn,73,0,0,197.1,311.035,112.2982,3.4262
tbn,73,0,1,197.965,309.665,45.002,0.6081
tbn,73,0,2,198.505,309.99,18.6988,0.6862
tbn,74,0,0,311.42,279.365,32.7192,12.9319
tbn,75,0,0,304.935,274.975,20.7299,3.475
tbn,75,0,1,306.305,275.84,135.5678,0.7142
tbn,75,0,2,305.98,276.38,103.5693,0.5966
tbn,76,0,0,241.25,267.28,75.417,2.5419
tbn,76,0,1,242.44,269.425,46.4443,2.5252
tbn,76,0,2,244.52,270.72,17.4344,2.5365
tbn,76,0,3,246.97,270.85,168.6012,2.5299
tbn,77,0,0,242.175,265.8,168.6458,2.5397
tbn,77,0,1,244.625,265.93,17.5031,2.527
tbn,77,0,2,246.7,267.23,46.5999,2.5324
tbn,77,0,3,247.89,269.375,75.36,2.5322
tbn,78,0,0,239.69,266.305,168.3792,2.5319
tbn,78,0,1,237.245,266.18,17.503,2.527
tbn,78,0,2,235.17,264.88,46.5999,2.5324
tbn,78,0,3,233.98,262.735,75.3602,2.5322
tbn,79,0,0,226.705,258.195,75.5792,2.5297
tbn,79,0,1,227.895,260.34,46.436,2.5393
tbn,79,0,2,229.975,261.64,17.5024,2.527
tbn,79,0,3,232.42,261.765,168.3799,2.5319
tbn,80,0,0,240.615,264.825,75.5792,2.5297
tbn,80,0,1,239.43,262.685,46.4441,2.5252
tbn,80,0,2,237.35,261.39,17.4351,2.5365
tbn,80,0,3,234.9,261.26,168.6013,2.5299
tbn,81,0,0,227.63,256.715,168.3792,2.5319
tbn,81,0,1,230.08,256.84,17.4351,2.5365
tbn,81,0,2,232.16,258.14,46.5999,2.5324
tbn,81,0,3,233.345,260.285,75.5792,2.5297
tbn,82,0,0,96.135,473.57,74.2098,2.5357
tbn,82,0,1,94.9,471.455,45.1605,2.5244
tbn,82,0,2,92.79,470.205,16.2241,2.5412
tbn,82,0,3,90.34,470.135,166.9544,2.5252
tbn,83,0,0,95.245,475.07,167.2259,2.5327
tbn,83,0,1,92.795,475.0,16.0698,2.5288
tbn,83,0,2,90.69,473.75,45.3202,2.5315
tbn,83,0,3,89.455,471.635,74.148,2.5261
tbn,84,0,0,97.715,474.505,167.0054,2.5349
tbn,84,0,1,100.165,474.575,16.2873,2.5316
tbn,84,0,2,102.275,475.825,45.0,2.5314
tbn,84,0,3,103.515,477.94,74.2099,2.5357
tbn,85,0,0,110.89,482.31,73.9927,2.5384
tbn,85,0,1,109.65,480.195,45.1604,2.5244
tbn,85,0,2,107.545,478.945,16.2874,2.5316
tbn,85,0,3,105.095,478.875,167.0054,2.5349
tbn,86,0,0,96.825,476.005,74.148,2.5261
tbn,86,0,1,98.065,478.12,45.1596,2.5385
tbn,86,0,2,100.175,479.37,16.0699,2.5288
tbn,86,0,3,102.625,479.44,167.2259,2.5327
tbn,87,0,0,110.005,483.81,167.2259,2.5327
tbn,87,0,1,107.55,483.74,16.0074,2.5384
tbn,87,0,2,105.44,482.49,45.32,2.5315
tbn,87,0,3,104.205,480.375,74.1482,2.5261
tbn,88,0,0,228.3,190.13,135.3838,14.7789
tbn,89,0,0,222.035,195.93,122.2829,3.5012
tbn,89,0,1,223.185,194.705,49.8628,0.6671
tbn,89,0,2,223.655,195.175,40.1373,0.6671
tbn,90,0,0,237.635,209.87,10.1726,14.7214
tbn,91,0,0,229.38,208.035,178.8409,3.4607
tbn,91,0,1,231.005,208.36,106.2607,0.75
tbn,91,0,2,230.9,209.045,90.0,0.65
tbn,92,0,0,229.24,201.8,155.2809,9.9959
tbn,93,0,0,223.655,204.075,143.3592,3.502
tbn,93,0,1,225.13,203.39,78.9965,0.7335
tbn,93,0,2,225.42,204.0,48.6521,0.666
tbn,94,0,0,194.33,229.935,143.689,18.8629
tbn,95,0,0,203.01,223.96,130.8487,3.5165
tbn,95,0,1,201.68,224.965,61.02,0.743
tbn,95,0,2,201.285,224.39,49.305,0.6595
tbn,96,0,0,209.135,200.83,3.4874,3.6167
tbn,96,0,1,207.475,200.36,111.938,0.7762
tbn,96,0,2,207.73,199.675,108.6992,0.6862
tbn,97,0,0,190.44,194.38,18.5422,37.1695
tbn,98,0,0,200.235,187.205,102.6146,3.6173
tbn,98,0,1,200.955,185.66,34.0948,0.7849
tbn,98,0,2,201.605,186.02,23.305,0.7077
tbn,99,0,0,202.47,183.32,116.8782,6.5473
tbn,100,0,0,292.25,260.995,129.454,16.9012
tbn,101,0,0,285.77,268.38,118.7964,3.4461
tbn,101,0,1,286.815,267.12,49.305,0.6595
tbn,101,0,2,287.315,267.515,26.9637,0.6395
tbn,102,0,0,326.15,218.37,90.0,2.88
tbn,103,0,0,301.8,218.37,90.0,2.88
tbn,104,0,0,253.02,218.04,90.0,2.22
tbn,105,0,0,204.24,218.37,90.0,2.88
tbn,106,0,0,179.81,218.37,90.0,2.88
tbn,107,0,0,131.03,218.37,90.0,2.88
tbn,108,0,0,106.67,218.37,90.0,2.88
tbn,109,0,0,82.25,218.37,90.0,2.88
tbn,110,0,0,57.89,218.37,90.0,2.88
tbn,111,0,0,301.73,525.475,90.0,2.89
tbn,112,0,0,252.95,525.475,90.0,2.89
tbn,113,0,0,228.59,525.475,90.0,2.89
tbn,114,0,0,204.24,525.475,90.0,2.89
tbn,115,0,0,179.81,525.475,90.0,2.89
tbn,116,0,0,131.03,525.475,90.0,2.89
tbn,117,0,0,106.67,525.475,90.0,2.89
tbn,118,0,0,82.32,525.475,90.0,2.89
tbn,119,0,0,155.45,218.735,90.0,3.61
tbn,120,0,0,155.45,215.13,90.0,3.6
tbn,121,0,0,155.45,525.835,90.0,3.61
tbn,122,0,0,155.45,522.23,90.0,3.6
tbn,123,0,0,275.93,94.15,0.0,2.88
tbn,124,0,0,275.93,124.85,0.0,2.88
tbn,125,0,0,275.93,155.54,0.0,2.88
tbn,126,0,0,275.93,186.24,0.0,2.88
tbn,127,0,0,275.93,247.63,0.0,2.88
tbn,128,0,0,275.93,278.4,0.0,2.88
tbn,129,0,0,275.93,309.09,0.0,2.88
tbn,130,0,0,275.93,339.79,0.0,2.88
tbn,131,0,0,275.93,401.18,0.0,2.88
tbn,132,0,0,275.93,431.95,0.0,2.88
tbn,133,0,0,275.93,462.64,0.0,2.88
tbn,134,0,0,275.93,493.34,0.0,2.88
tbn,135,0,0,32.02,94.15,0.0,2.88
tbn,136,0,0,32.02,124.85,0.0,2.88
tbn,137,0,0,32.02,155.54,0.0,2.88
tbn,138,0,0,32.02,186.24,0.0,2.88
tbn,139,0,0,32.095,247.63,0.0,2.89
tbn,140,0,0,32.095,278.4,0.0,2.89
tbn,141,0,0,32.095,309.09,0.0,2.89
tbn,142,0,0,32.095,339.79,0.0,2.89
tbn,143,0,0,32.095,401.18,0.0,2.89
tbn,144,0,0,32.095,431.95,0.0,2.89
tbn,145,0,0,32.095,462.64,0.0,2.89
tbn,146,0,0,32.095,493.34,0.0,2.89
tbn,147,0,0,31.735,370.48,0.0,3.61
tbn,148,0,0,35.34,370.48,0.0,3.6
tbn,149,0,0,31.66,63.38,0.0,3.6
tbn,150,0,0,35.265,63.38,0.0,3.61
tbn,151,0,0,275.57,63.38,0.0,3.6
tbn,152,0,0,279.175,63.38,0.0,3.61
tbn,153,0,0,275.57,370.48,0.0,3.6
tbn,154,0,0,279.175,370.48,0.0,3.61
tbn,155,0,0,33.46,46.99,90.0,4.54
tbn,156,0,0,277.41,47.475,90.0,5.51
tbn,157,0,0,277.39,137.74,90.0145,158.38
tbn,157,0,1,277.37,370.48,90.0,307.1
tbn,157,0,2,277.37,536.57,90.0,25.08
tbn,158,0,0,366.965,216.96,0.0,4.71
tbn,159,0,0,308.14,216.94,0.0186,61.54
tbn,159,0,1,155.415,216.93,0.0,243.91
tbn,159,0,2,25.75,216.935,179.9629,15.42
tbn,160,0,0,33.495,357.15,89.9857,280.44
tbn,160,0,1,33.46,137.74,90.0,158.38
tbn,161,0,0,177.86,524.03,0.0,199.02
tbn,161,0,1,290.405,524.035,0.022,26.07
tbn,162,0,0,189.755,139.845,165.9036,6.9389
tbn,163,0,0,170.34,128.945,87.0041,5.3573
tbn,164,0,0,150.115,156.05,16.4913,15.5705
tbn,164,0,1,148.905,148.895,141.6713,15.9472
tbn,165,0,0,148.435,153.405,175.6998,11.6027
tbn,166,0,0,185.425,140.595,155.1435,3.4496
tbn,166,0,1,187.0,140.2,88.2653,0.6603
tbn,166,0,2,187.16,140.825,63.0474,0.6619
tbn,167,0,0,170.205,132.595,76.0845,3.4513
tbn,167,0,1,170.12,130.975,9.4636,0.6691
tbn,167,0,2,170.77,130.94,164.2894,0.6648
tbn,168,0,0,156.03,143.675,130.8894,3.4525
tbn,168,0,1,154.755,144.68,64.2024,0.6664
tbn,168,0,2,154.355,144.17,39.4737,0.6607
tbn,169,0,0,157.965,158.72,5.6609,3.4468
tbn,169,0,1,156.41,158.255,118.4738,0.6712
tbn,169,0,2,156.595,157.63,94.3326,0.6619
tbn,170,0,0,155.075,153.23,164.8761,3.4495
tbn,170,0,1,153.455,153.355,97.8829,0.6562
tbn,170,0,2,153.405,152.71,73.4666,0.6676
tbn,171,0,0,337.135,524.05,0.0,9.37
tbn,172,0,0,172.895,101.14,0.0,202.91
tbn,173,0,0,43.26,115.675,153.4358,0.3354
tbn,173,0,1,42.955,115.8,162.1204,0.3257
tbn,173,0,2,42.64,115.88,169.3808,0.3256
tbn,173,0,3,42.315,115.92,176.5337,0.3306
tbn,173,0,4,42.015,115.925,2.1167,0.2702
tbn,173,0,5,41.75,115.9,8.7479,0.2631
tbn,173,0,6,41.49,115.845,15.0701,0.2693
tbn,173,0,7,41.24,115.77,18.4319,0.253
tbn,173,0,8,41.0,115.675,24.6269,0.264
tbn,173,0,9,40.77,115.555,30.5741,0.2555
tbn,173,0,10,40.56,115.415,36.8743,0.25
tbn,173,0,11,40.365,115.255,41.8175,0.2549
tbn,173,0,12,40.185,115.075,48.1799,0.255
tbn,173,0,13,40.02,114.88,51.3419,0.2561
tbn,173,0,14,39.875,114.67,59.4214,0.2555
tbn,173,0,15,39.75,114.445,62.4447,0.2594
tbn,173,0,16,39.645,114.21,69.4456,0.2563
tbn,173,0,17,39.57,113.96,77.0049,0.2668
tbn,173,0,18,39.52,113.7,81.254,0.2631
tbn,173,0,19,39.49,113.43,85.9143,0.2807
tbn,173,0,20,39.49,113.155,94.2367,0.2707
tbn,173,0,21,39.52,112.89,98.746,0.2631
tbn,173,0,22,39.57,112.635,103.4952,0.2571
tbn,173,0,23,39.645,112.39,110.5568,0.2563
tbn,173,0,24,39.745,112.155,115.559,0.255
tbn,173,0,25,39.87,111.935,123.691,0.2524
tbn,173,0,26,40.015,111.73,126.8685,0.25
tbn,173,0,27,40.175,111.54,133.3643,0.2476
tbn,173,0,28,40.355,111.365,138.1779,0.255
tbn,173,0,29,40.55,111.205,143.1313,0.25
tbn,173,0,30,40.755,111.07,150.256,0.2419
tbn,173,0,31,40.975,110.955,154.4368,0.255
tbn,173,0,32,41.21,110.86,161.5681,0.253
tbn,173,0,33,41.455,110.785,164.356,0.2596
tbn,173,0,34,41.71,110.735,173.4184,0.2617
tbn,173,0,35,41.97,110.71,175.6037,0.2608
tbn,173,0,36,42.265,110.715,5.1942,0.3314
tbn,173,0,37,42.6,110.76,10.0076,0.3453
tbn,173,0,38,42.935,110.845,18.4328,0.3478
tbn,173,0,39,43.255,110.97,24.3067,0.3402
tbn,173,0,40,43.41,111.41,90.0,0.74
tbn,173,0,41,43.26,111.665,37.4739,0.378
tbn,173,0,42,42.95,111.47,26.5656,0.3578
tbn,173,0,43,42.615,111.34,15.9462,0.364
tbn,173,0,44,42.26,111.27,6.3415,0.3622
tbn,173,0,45,41.975,111.255,177.271,0.2102
tbn,173,0,46,41.775,111.28,168.1088,0.1942
tbn,173,0,47,41.585,111.325,165.2598,0.1965
tbn,173,0,48,41.4,111.385,158.7475,0.1931
tbn,173,0,49,41.14,111.515,150.8022,0.3895
tbn,173,0,50,40.83,111.735,138.24,0.3754
tbn,173,0,51,40.57,112.015,127.7468,0.392
tbn,173,0,52,40.36,112.345,117.2157,0.3936
tbn,173,0,53,40.24,112.615,107.5284,0.1992
tbn,173,0,54,40.185,112.805,104.7432,0.1965
tbn,173,0,55,40.15,113.0,95.7104,0.201
tbn,173,0,56,40.135,113.205,92.726,0.2102
tbn,173,0,57,40.135,113.415,87.2744,0.2103
tbn,173,0,58,40.15,113.62,84.2888,0.201
tbn,173,0,59,40.185,113.82,75.9648,0.2062
tbn,173,0,60,40.245,114.015,69.7755,0.2025
tbn,173,0,61,40.365,114.285,64.0917,0.3891
tbn,173,0,62,40.57,114.61,51.3421,0.3842
tbn,173,0,63,40.835,114.89,41.8788,0.3895
tbn,173,0,64,41.145,115.115,29.9277,0.3808
tbn,173,0,65,41.405,115.245,20.2269,0.2025
tbn,173,0,66,41.595,115.31,17.525,0.1992
tbn,173,0,67,41.79,115.355,8.5304,0.2022
tbn,173,0,68,41.99,115.375,2.8652,0.2003
tbn,173,0,69,42.265,115.365,175.1011,0.3513
tbn,173,0,70,42.615,115.3,164.0538,0.364
tbn,173,0,71,42.955,115.17,154.133,0.3667
tbn,173,0,72,43.265,114.985,144.0915,0.358
tbn,173,0,73,43.41,115.24,90.0,0.72
tbn,174,0,0,47.385,111.435,113.8386,1.4103
tbn,174,0,1,48.005,110.79,0.0,0.67
tbn,174,0,2,47.15,113.395,114.5515,5.7279
tbn,174,0,3,44.765,113.395,65.3576,5.7321
tbn,174,0,4,43.905,110.79,0.0,0.67
tbn,174,0,5,44.525,111.435,66.1614,1.4103
tbn,174,0,6,45.955,112.08,0.0,2.29
tbn,174,1,0,45.955,112.63,0.0,1.77
tbn,174,1,1,45.515,113.635,66.117,2.1982
tbn,174,1,2,46.4,113.635,113.6443,2.1942
tbn,175,0,0,48.67,114.18,90.0,3.12
tbn,175,0,1,48.675,112.515,92.726,0.2102
tbn,175,0,2,48.69,112.315,96.0091,0.1911
tbn,175,0,3,48.72,112.125,101.8888,0.1942
tbn,175,0,4,48.77,111.94,108.4331,0.1898
tbn,175,0,5,48.875,111.69,115.1161,0.3534
tbn,175,0,6,49.055,111.39,126.8704,0.35
tbn,175,0,7,49.295,111.135,139.5722,0.3547
tbn,175,0,8,49.585,110.935,151.2584,0.3536
tbn,175,0,9,49.825,110.815,157.6268,0.1838
tbn,175,0,10,50.005,110.76,168.1088,0.1942
tbn,175,0,11,50.2,110.725,171.4696,0.2022
tbn,175,0,12,50.4,110.705,177.1348,0.2003
tbn,175,0,13,50.605,110.705,2.729,0.2102
tbn,175,0,14,50.81,110.725,8.5304,0.2022
tbn,175,0,15,51.0,110.76,12.5316,0.1844
tbn,175,0,16,51.18,110.815,21.2441,0.1931
tbn,175,0,17,51.425,110.935,28.7416,0.3536
tbn,175,0,18,51.715,111.135,40.4274,0.3547
tbn,175,0,19,51.955,111.39,53.1301,0.35
tbn,175,0,20,52.135,111.69,64.8833,0.3534
tbn,175,0,21,52.24,111.94,71.568,0.1898
tbn,175,0,22,52.29,112.125,78.1112,0.1942
tbn,175,0,23,52.32,112.315,83.9909,0.1911
tbn,175,0,24,52.335,112.515,87.274,0.2102
tbn,175,0,25,52.34,114.18,90.0,3.12
tbn,175,0,26,52.02,115.74,0.0,0.64
tbn,175,0,27,51.7,114.285,90.0,2.91
tbn,175,0,28,51.69,112.68,86.1857,0.3007
tbn,175,0,29,51.66,112.385,82.1475,0.2928
tbn,175,0,30,51.605,112.105,75.465,0.2789
tbn,175,0,31,51.515,111.85,65.3782,0.264
tbn,175,0,32,51.38,111.635,49.8995,0.2484
tbn,175,0,33,51.195,111.46,37.2989,0.264
tbn,175,0,34,51.03,111.355,22.6275,0.13
tbn,175,0,35,50.9,111.31,15.9487,0.1456
tbn,175,0,36,50.75,111.275,10.6192,0.1628
tbn,175,0,37,50.585,111.255,3.3595,0.1703
tbn,175,0,38,50.415,111.255,176.6405,0.1703
tbn,175,0,39,50.255,111.275,168.6906,0.153
tbn,175,0,40,50.11,111.31,164.0513,0.1456
tbn,175,0,41,49.98,111.355,157.3725,0.13
tbn,175,0,42,49.815,111.46,142.7006,0.264
tbn,175,0,43,49.63,111.635,130.1005,0.2484
tbn,175,0,44,49.495,111.85,114.6218,0.264
tbn,175,0,45,49.405,112.105,104.535,0.2789
tbn,175,0,46,49.35,112.385,97.8533,0.2928
tbn,175,0,47,49.32,112.68,93.8143,0.3007
tbn,175,0,48,49.31,114.285,90.0,2.91
tbn,175,0,49,48.99,115.74,0.0,0.64
tbn,176,0,0,55.145,115.2,0.0,1.19
tbn,176,0,1,55.74,115.47,90.0,0.54
tbn,176,0,2,54.235,115.74,0.0,3.01
tbn,176,0,3,52.73,115.47,90.0,0.54
tbn,176,0,4,53.32,115.2,0.0,1.18
tbn,176,0,5,53.91,112.995,90.0,4.41
tbn,176,0,6,54.23,110.79,0.0,0.64
tbn,176,0,7,54.55,112.995,90.0,4.41
tbn,177,0,0,56.51,115.74,0.0,0.64
tbn,177,0,1,56.19,113.265,90.0,4.95
tbn,177,0,2,56.51,110.79,0.0,0.64
tbn,177,0,3,56.83,113.265,90.0,4.95
tbn,178,0,0,59.835,115.92,4.2341,0.2707
tbn,178,0,1,59.575,115.895,6.8425,0.2518
tbn,178,0,2,59.325,115.845,15.6438,0.2596
tbn,178,0,3,59.08,115.77,18.4388,0.253
tbn,178,0,4,58.845,115.675,25.5567,0.2549
tbn,178,0,5,58.625,115.555,31.7606,0.247
tbn,178,0,6,58.42,115.415,36.8687,0.25
tbn,178,0,7,58.225,115.255,41.8226,0.255
tbn,178,0,8,58.045,115.08,46.6357,0.2476
tbn,178,0,9,57.885,114.885,54.4609,0.2581
tbn,178,0,10,57.74,114.675,56.309,0.2524
tbn,178,0,11,57.615,114.455,64.441,0.255
tbn,178,0,12,57.515,114.22,69.4432,0.2563
tbn,178,0,13,57.44,113.975,76.504,0.2571
tbn,178,0,14,57.39,113.72,81.2548,0.2631
tbn,178,0,15,57.36,113.455,85.7633,0.2707
tbn,178,0,16,57.36,113.18,94.0853,0.2807
tbn,178,0,17,57.39,112.905,98.4267,0.2729
tbn,178,0,18,57.44,112.64,102.9944,0.2668
tbn,178,0,19,57.515,112.39,110.5568,0.2563
tbn,178,0,20,57.615,112.155,115.559,0.255
tbn,178,0,21,57.735,111.93,120.5828,0.2555
tbn,178,0,22,57.88,111.72,128.6581,0.2561
tbn,178,0,23,58.04,111.53,131.6347,0.2408
tbn,178,0,24,58.215,111.36,139.8982,0.2484
tbn,178,0,25,58.41,111.205,143.1313,0.25
tbn,178,0,26,58.62,111.065,149.4195,0.2555
tbn,178,0,27,58.845,110.95,156.5005,0.2508
tbn,178,0,28,59.08,110.855,159.4446,0.2563
tbn,178,0,29,59.32,110.78,165.9644,0.2474
tbn,178,0,30,59.57,110.735,173.4183,0.2617
tbn,178,0,31,59.835,110.71,175.7595,0.2707
tbn,178,0,32,60.1,110.71,4.403,0.2608
tbn,178,0,33,60.36,110.735,6.5816,0.2617
tbn,178,0,34,60.615,110.78,13.4952,0.2571
tbn,178,0,35,60.86,110.855,20.5554,0.2563
tbn,178,0,36,61.095,110.95,23.4995,0.2508
tbn,178,0,37,61.315,111.065,31.7606,0.247
tbn,178,0,38,61.52,111.205,36.8687,0.25
tbn,178,0,39,61.715,111.36,40.1018,0.2484
tbn,178,0,40,61.895,111.53,46.6357,0.2476
tbn,178,0,41,62.055,111.72,53.1315,0.25
tbn,178,0,42,62.195,111.93,59.4172,0.2555
tbn,178,0,43,62.315,112.155,64.441,0.255
tbn,178,0,44,62.415,112.39,69.4432,0.2563
tbn,178,0,45,62.495,112.64,74.9321,0.2693
tbn,178,0,46,62.55,112.905,81.5733,0.2729
tbn,178,0,47,62.575,113.18,87.9544,0.2802
tbn,178,0,48,62.575,113.455,92.1216,0.2702
tbn,178,0,49,62.55,113.72,98.7452,0.2631
tbn,178,0,50,62.495,113.975,105.6422,0.2596
tbn,178,0,51,62.415,114.22,110.5568,0.2563
tbn,178,0,52,62.315,114.455,115.559,0.255
tbn,178,0,53,62.195,114.675,121.7607,0.247
tbn,178,0,54,62.05,114.885,127.305,0.264
tbn,178,0,55,61.885,115.08,133.3643,0.2476
tbn,178,0,56,61.71,115.255,136.6344,0.2476
tbn,178,0,57,61.515,115.415,144.4638,0.2581
tbn,178,0,58,61.305,115.555,148.2394,0.247
tbn,178,0,59,61.085,115.675,154.443,0.2549
tbn,178,0,60,60.85,115.77,161.5615,0.253
tbn,178,0,61,60.61,115.845,163.738,0.25
tbn,178,0,62,60.36,115.895,173.4184,0.2617
tbn,178,0,63,60.1,115.92,175.6037,0.2608
tbn,178,1,0,59.87,111.255,177.1435,0.2002
tbn,178,1,1,59.675,111.275,171.0277,0.1924
tbn,178,1,2,59.485,111.315,165.2515,0.1965
tbn,178,1,3,59.3,111.375,158.7471,0.1931
tbn,178,1,4,59.04,111.505,150.8022,0.3895
tbn,178,1,5,58.725,111.725,139.2365,0.3829
tbn,178,1,6,58.46,112.0,128.6611,0.3842
tbn,178,1,7,58.245,112.325,118.495,0.3983
tbn,178,1,8,58.12,112.595,107.5257,0.1993
tbn,178,1,9,58.065,112.79,104.0373,0.2061
tbn,178,1,10,58.025,112.995,98.1289,0.2122
tbn,178,1,11,58.005,113.21,92.6031,0.2202
tbn,178,1,12,58.0,113.42,90.0,0.2
tbn,178,1,13,58.015,113.625,81.8689,0.2121
tbn,178,1,14,58.055,113.825,75.2568,0.1965
tbn,178,1,15,58.11,114.015,72.4753,0.1993
tbn,178,1,16,58.225,114.285,64.0936,0.3891
tbn,178,1,17,58.43,114.615,52.2528,0.392
tbn,178,1,18,58.69,114.895,41.7604,0.3754
tbn,178,1,19,59.0,115.115,29.1978,0.3895
tbn,178,1,20,59.26,115.245,21.2525,0.1931
tbn,178,1,21,59.45,115.31,16.6985,0.2088
tbn,178,1,22,59.65,115.355,8.5306,0.2022
tbn,178,1,23,59.86,115.375,2.6051,0.2202
tbn,178,1,24,60.075,115.375,177.271,0.2102
tbn,178,1,25,60.28,115.355,171.4696,0.2022
tbn,178,1,26,60.48,115.31,163.3015,0.2088
tbn,178,1,27,60.67,115.245,158.7475,0.1931
tbn,178,1,28,60.93,115.115,150.8022,0.3895
tbn,178,1,29,61.245,114.895,139.2361,0.3829
tbn,178,1,30,61.505,114.615,126.5736,0.386
tbn,178,1,31,61.705,114.285,115.9059,0.3891
tbn,178,1,32,61.825,114.015,110.2245,0.2025
tbn,178,1,33,61.88,113.825,101.8888,0.1942
tbn,178,1,34,61.915,113.625,98.1301,0.2121
tbn,178,1,35,61.935,113.42,92.8633,0.2002
tbn,178,1,36,61.935,113.21,87.3969,0.2202
tbn,178,1,37,61.915,112.995,81.8711,0.2122
tbn,178,1,38,61.875,112.79,75.9627,0.2061
tbn,178,1,39,61.815,112.595,69.7755,0.2025
tbn,178,1,40,61.69,112.325,62.7843,0.3936
tbn,178,1,41,61.475,112.0,50.1933,0.3905
tbn,178,1,42,61.205,111.725,40.7635,0.3829
tbn,178,1,43,60.895,111.505,29.9317,0.3808
tbn,178,1,44,60.635,111.375,20.2269,0.2025
tbn,178,1,45,60.45,111.315,15.5295,0.1868
tbn,178,1,46,60.26,111.275,8.5304,0.2022
tbn,178,1,47,60.065,111.255,3.0066,0.1903
tbn,179,0,0,63.51,110.79,0.0,0.64
tbn,179,0,1,63.83,112.66,90.0,3.74
tbn,179,0,2,65.665,112.56,132.968,5.3845
tbn,179,0,3,67.5,113.165,90.0,5.15
tbn,179,0,4,67.175,115.74,0.0,0.65
tbn,179,0,5,66.85,113.935,90.0,3.61
tbn,179,0,6,65.02,114.055,133.5507,5.3121
tbn,179,0,7,63.19,113.385,90.0,5.19
tbn,180,0,0,68.76,111.425,12.0943,0.1432
tbn,180,0,1,68.63,111.37,33.685,0.1442
tbn,180,0,2,68.53,111.27,56.3175,0.1442
tbn,180,0,3,68.475,111.14,77.9014,0.1432
tbn,180,0,4,68.475,111.0,102.096,0.1432
tbn,180,0,5,68.53,110.87,123.6892,0.1442
tbn,180,0,6,68.63,110.77,146.315,0.1442
tbn,180,0,7,68.76,110.715,167.9057,0.1432
tbn,180,0,8,68.9,110.715,12.0943,0.1432
tbn,180,0,9,69.03,110.77,33.685,0.1442
tbn,180,0,10,69.13,110.87,56.3108,0.1442
tbn,180,0,11,69.18,111.0,81.869,0.1414
tbn,180,0,12,69.18,111.14,98.1327,0.1414
tbn,180,0,13,69.13,111.27,123.6825,0.1442
tbn,180,0,14,69.03,111.37,146.315,0.1442
tbn,180,0,15,68.9,111.425,167.9057,0.1432
tbn,181,0,0,68.76,114.075,12.0943,0.1432
tbn,181,0,1,68.63,114.025,30.2585,0.1389
tbn,181,0,2,68.53,113.93,56.3108,0.1442
tbn,181,0,3,68.475,113.8,77.9014,0.1432
tbn,181,0,4,68.475,113.655,101.3105,0.153
tbn,181,0,5,68.53,113.525,126.029,0.136
tbn,181,0,6,68.63,113.43,146.3049,0.1442
tbn,181,0,7,68.76,113.375,167.9057,0.1432
tbn,181,0,8,68.9,113.375,12.0943,0.1432
tbn,181,0,9,69.03,113.43,33.6951,0.1442
tbn,181,0,10,69.13,113.525,53.971,0.136
tbn,181,0,11,69.18,113.655,82.405,0.1514
tbn,181,0,12,69.18,113.8,98.1327,0.1414
tbn,181,0,13,69.13,113.93,123.6892,0.1442
tbn,181,0,14,69.03,114.025,149.7415,0.1389
tbn,181,0,15,68.9,114.075,167.9057,0.1432
tbn,182,0,0,72.76,110.79,0.0,1.16
tbn,182,0,1,73.495,110.8,3.6894,0.3106
tbn,182,0,2,73.8,110.84,11.3097,0.3059
tbn,182,0,3,74.095,110.92,19.0266,0.3068
tbn,182,0,4,74.365,111.045,30.9627,0.2915
tbn,182,0,5,74.6,111.215,40.8153,0.2907
tbn,182,0,6,74.795,111.43,54.6914,0.2941
tbn,182,0,7,74.91,111.62,66.7973,0.1523
tbn,182,0,8,74.965,111.765,71.5659,0.1581
tbn,182,0,9,75.005,111.925,79.9932,0.1726
tbn,182,0,10,75.025,112.1,86.8194,0.1803
tbn,182,0,11,75.02,112.3,95.1935,0.2209
tbn,182,0,12,74.98,112.515,105.9473,0.2184
tbn,182,0,13,74.905,112.72,114.2256,0.2193
tbn,182,0,14,74.8,112.91,123.6917,0.2163
tbn,182,0,15,74.67,113.075,133.0261,0.2052
tbn,182,0,16,74.515,113.215,142.5933,0.214
tbn,182,0,17,74.335,113.33,152.2403,0.2147
tbn,182,0,18,74.135,113.405,166.6027,0.2159
tbn,182,0,19,74.03,113.44,90.0,0.02
tbn,182,0,20,74.145,113.53,34.8247,0.2802
tbn,182,0,21,74.345,113.72,52.3062,0.278
tbn,182,0,22,74.48,113.965,69.6764,0.2879
tbn,182,0,23,74.55,114.24,81.8697,0.2828
tbn,182,0,24,74.565,114.48,92.8628,0.2003
tbn,182,0,25,74.545,114.67,99.4623,0.1825
tbn,182,0,26,74.505,114.84,107.3522,0.1676
tbn,182,0,27,74.45,114.995,111.8039,0.1616
tbn,182,0,28,74.335,115.19,125.312,0.2941
tbn,182,0,29,74.14,115.395,142.3037,0.278
tbn,182,0,30,73.9,115.545,153.4343,0.2907
tbn,182,0,31,73.62,115.65,165.0708,0.3105
tbn,182,0,32,73.31,115.71,172.8735,0.3225
tbn,182,0,33,72.98,115.735,178.3137,0.3402
tbn,182,0,34,72.495,115.74,0.0,0.63
tbn,182,0,35,72.18,113.265,90.0,4.95
tbn,182,1,0,72.91,115.2,0.0,0.16
tbn,182,1,1,73.095,115.195,177.271,0.2102
tbn,182,1,2,73.295,115.175,171.0278,0.1924
tbn,182,1,3,73.48,115.14,167.4686,0.1844
tbn,182,1,4,73.645,115.085,154.9906,0.1655
tbn,182,1,5,73.78,114.995,137.4861,0.1628
tbn,182,1,6,73.89,114.87,125.5403,0.172
tbn,182,1,7,73.97,114.705,107.5247,0.1993
tbn,182,1,8,74.01,114.495,94.9687,0.2309
tbn,182,1,9,74.01,114.26,85.237,0.2408
tbn,182,1,10,73.97,114.045,72.4753,0.1993
tbn,182,1,11,73.89,113.875,56.3093,0.1803
tbn,182,1,12,73.775,113.745,40.2394,0.1703
tbn,182,1,13,73.635,113.655,25.019,0.1655
tbn,182,1,14,73.47,113.595,15.5205,0.1868
tbn,182,1,15,73.285,113.56,6.0059,0.191
tbn,182,1,16,73.085,113.545,2.729,0.2102
tbn,182,1,17,72.905,113.54,0.0,0.15
tbn,182,1,18,72.83,114.37,90.0,1.66
tbn,182,2,0,73.015,113.09,0.0,0.37
tbn,182,2,1,73.3,113.085,177.1436,0.2003
tbn,182,2,2,73.5,113.065,171.4694,0.2022
tbn,182,2,3,73.7,113.025,165.9591,0.2062
tbn,182,2,4,73.89,112.96,156.0411,0.197
tbn,182,2,5,74.06,112.865,145.487,0.1942
tbn,182,2,6,74.205,112.735,130.9149,0.1985
tbn,182,2,7,74.315,112.565,115.3469,0.2102
tbn,182,2,8,74.375,112.35,97.125,0.2419
tbn,182,2,9,74.375,112.11,82.875,0.2419
tbn,182,2,10,74.325,111.89,70.7111,0.2119
tbn,182,2,11,74.235,111.715,53.7449,0.186
tbn,182,2,12,74.105,111.58,38.6584,0.1921
tbn,182,2,13,73.945,111.48,25.2061,0.1879
tbn,182,2,14,73.77,111.41,18.4342,0.1897
tbn,182,2,15,73.58,111.365,8.5306,0.2022
tbn,182,2,16,73.38,111.345,2.8651,0.2003
tbn,182,2,17,73.055,111.34,0.0,0.45
tbn,182,2,18,72.83,112.215,90.0,1.75
tbn,183,0,0,77.065,110.79,0.0,2.69
tbn,183,0,1,78.41,111.065,90.0,0.55
tbn,183,0,2,77.385,111.34,0.0,2.05
tbn,183,0,3,76.36,112.305,90.0,1.93
tbn,183,0,4,77.355,113.27,0.0,1.99
tbn,183,0,5,78.35,113.545,90.0,0.55
tbn,183,0,6,77.355,113.82,0.0,1.99
tbn,183,0,7,76.36,114.51,90.0,1.38
tbn,183,0,8,77.385,115.2,0.0,2.05
tbn,183,0,9,78.41,115.47,90.0,0.54
tbn,183,0,10,77.065,115.74,0.0,2.69
tbn,183,0,11,75.72,113.265,90.0,4.95
tbn,184,0,0,84.325,111.435,113.8386,1.4103
tbn,184,0,1,84.945,110.79,0.0,0.67
tbn,184,0,2,84.09,113.395,114.5515,5.7279
tbn,184,0,3,81.705,113.395,65.3576,5.7321
tbn,184,0,4,80.845,110.79,0.0,0.67
tbn,184,0,5,81.465,111.435,66.1614,1.4103
tbn,184,0,6,82.895,112.08,0.0,2.29
tbn,184,1,0,82.895,112.63,0.0,1.77
tbn,184,1,1,82.455,113.635,66.117,2.1982
tbn,184,1,2,83.34,113.635,113.6442,2.1942
tbn,185,0,0,86.025,115.74,0.0,0.65
tbn,185,0,1,85.7,113.265,90.0,4.95
tbn,185,0,2,86.78,110.79,0.0,2.16
tbn,185,0,3,87.86,111.065,90.0,0.55
tbn,185,0,4,87.105,111.34,0.0,1.51
tbn,185,0,5,86.35,113.54,90.0,4.4
tbn,186,0,0,89.595,110.79,0.0,2.69
tbn,186,0,1,90.94,111.065,90.0,0.55
tbn,186,0,2,89.915,111.34,0.0,2.05
tbn,186,0,3,88.89,112.305,90.0,1.93
tbn,186,0,4,89.885,113.27,0.0,1.99
tbn,186,0,5,90.88,113.545,90.0,0.55
tbn,186,0,6,89.885,113.82,0.0,1.99
tbn,186,0,7,88.89,114.51,90.0,1.38
tbn,186,0,8,89.915,115.2,0.0,2.05
tbn,186,0,9,90.94,115.47,90.0,0.54
tbn,186,0,10,89.595,115.74,0.0,2.69
tbn,186,0,11,88.25,113.265,90.0,4.95
tbn,187,0,0,93.39,112.995,10.8828,0.2648
tbn,187,0,1,93.635,113.07,23.5002,0.2508
tbn,187,0,2,93.85,113.195,36.8681,0.25
tbn,187,0,3,94.035,113.355,45.0026,0.2404
tbn,187,0,4,94.185,113.54,56.9783,0.2385
tbn,187,0,5,94.3,113.75,65.5565,0.2417
tbn,187,0,6,94.385,113.98,73.7376,0.25
tbn,187,0,7,94.43,114.23,85.6022,0.2608
tbn,187,0,8,94.415,114.53,98.3665,0.3437
tbn,187,0,9,94.33,114.86,110.5566,0.3417
tbn,187,0,10,94.175,115.16,124.1602,0.3384
tbn,187,0,11,93.945,115.41,140.8258,0.3483
tbn,187,0,12,93.65,115.585,157.8898,0.3454
tbn,187,0,13,93.32,115.68,169.9925,0.3453
tbn,187,0,14,92.98,115.725,174.9577,0.3413
tbn,187,0,15,92.635,115.74,0.0,0.35
tbn,187,0,16,92.075,115.74,0.0,0.77
tbn,187,0,17,91.69,113.265,90.0,4.95
tbn,187,0,18,92.01,110.79,0.0,0.64
tbn,187,0,19,92.33,111.845,90.0,2.11
tbn,187,0,20,92.46,112.9,0.0,0.26
tbn,187,0,21,93.335,111.845,125.2284,2.583
tbn,187,0,22,94.445,110.79,0.0,0.73
tbn,187,0,23,94.035,111.88,125.4133,2.6749
tbn,187,1,0,92.415,115.2,0.0,0.17
tbn,187,1,1,92.62,115.195,177.6118,0.2402
tbn,187,1,2,92.86,115.18,175.2389,0.2408
tbn,187,1,3,93.095,115.145,167.7306,0.2354
tbn,187,1,4,93.32,115.085,162.3482,0.2309
tbn,187,1,5,93.52,114.995,148.5739,0.2109
tbn,187,1,6,93.685,114.865,135.0015,0.2121
tbn,187,1,7,93.805,114.69,114.2256,0.2193
tbn,187,1,8,93.87,114.46,98.746,0.2631
tbn,187,1,9,93.87,114.205,80.9095,0.2532
tbn,187,1,10,93.81,113.975,69.1461,0.2247
tbn,187,1,11,93.7,113.795,46.9739,0.2052
tbn,187,1,12,93.54,113.665,31.4261,0.2109
tbn,187,1,13,93.35,113.57,21.8052,0.2154
tbn,187,1,14,93.135,113.505,12.2621,0.2354
tbn,187,1,15,92.9,113.47,4.7682,0.2408
tbn,187,1,16,92.655,113.455,2.2859,0.2502
tbn,187,1,17,92.43,113.45,0.0,0.2
tbn,187,1,18,92.33,114.325,90.0,1.75
tbn,188,0,0,97.24,115.2,0.0,1.18
tbn,188,0,1,97.83,115.47,90.0,0.54
tbn,188,0,2,96.325,115.74,0.0,3.01
tbn,188,0,3,94.82,115.47,90.0,0.54
tbn,188,0,4,95.41,115.2,0.0,1.18
tbn,188,0,5,96.0,112.995,90.0,4.41
tbn,188,0,6,96.325,110.79,0.0,0.65
tbn,188,0,7,96.65,112.995,90.0,4.41
tbn,189,0,0,102.15,115.2,0.0,1.18
tbn,189,0,1,102.74,115.47,90.0,0.54
tbn,189,0,2,101.24,115.74,0.0,3.0
tbn,189,0,3,99.74,115.47,90.0,0.54
tbn,189,0,4,100.33,115.2,0.0,1.18
tbn,189,0,5,100.92,112.995,90.0,4.41
tbn,189,0,6,101.24,110.79,0.0,0.64
tbn,189,0,7,101.56,112.995,90.0,4.41
tbn,190,0,0,105.31,115.92,4.3963,0.2608
tbn,190,0,1,105.05,115.895,6.5818,0.2617
tbn,190,0,2,104.8,115.845,16.2615,0.25
tbn,190,0,3,104.56,115.77,18.4388,0.253
tbn,190,0,4,104.325,115.675,25.5567,0.2549
tbn,190,0,5,104.1,115.555,30.5809,0.2555
tbn,190,0,6,103.89,115.415,36.8681,0.25
tbn,190,0,7,103.7,115.255,43.3656,0.2476
tbn,190,0,8,103.525,115.08,46.6357,0.2476
tbn,190,0,9,103.36,114.885,52.6943,0.264
tbn,190,0,10,103.215,114.675,58.24,0.247
tbn,190,0,11,103.095,114.455,64.441,0.255
tbn,190,0,12,102.995,114.22,69.444,0.2563
tbn,190,0,13,102.915,113.975,74.3578,0.2596
tbn,190,0,14,102.86,113.72,81.254,0.2631
tbn,190,0,15,102.835,113.455,87.8784,0.2702
tbn,190,0,16,102.835,113.18,92.0456,0.2802
tbn,190,0,17,102.86,112.905,98.4275,0.2729
tbn,190,0,18,102.915,112.64,105.0679,0.2693
tbn,190,0,19,102.995,112.39,110.556,0.2563
tbn,190,0,20,103.095,112.155,115.559,0.255
tbn,190,0,21,103.215,111.93,120.582,0.2555
tbn,190,0,22,103.355,111.72,126.8685,0.25
tbn,190,0,23,103.515,111.53,133.3656,0.2476
tbn,190,0,24,103.695,111.36,139.8977,0.2484
tbn,190,0,25,103.89,111.205,143.1319,0.25
tbn,190,0,26,104.095,111.065,148.2394,0.247
tbn,190,0,27,104.315,110.95,156.4998,0.2508
tbn,190,0,28,104.55,110.855,159.4452,0.2563
tbn,190,0,29,104.795,110.78,166.5048,0.2571
tbn,190,0,30,105.05,110.735,173.4182,0.2617
tbn,190,0,31,105.31,110.71,175.5971,0.2608
tbn,190,0,32,105.575,110.71,4.2406,0.2707
tbn,190,0,33,105.84,110.735,6.5816,0.2617
tbn,190,0,34,106.09,110.78,14.0358,0.2474
tbn,190,0,35,106.33,110.855,20.5548,0.2563
tbn,190,0,36,106.565,110.95,23.5002,0.2508
tbn,190,0,37,106.79,111.065,30.58,0.2555
tbn,190,0,38,107.0,111.205,36.8681,0.25
tbn,190,0,39,107.19,111.36,41.6353,0.2408
tbn,190,0,40,107.365,111.53,46.6344,0.2476
tbn,190,0,41,107.53,111.72,51.3426,0.2561
tbn,190,0,42,107.675,111.93,59.4165,0.2555
tbn,190,0,43,107.795,112.155,64.441,0.255
tbn,190,0,44,107.895,112.39,69.444,0.2563
tbn,190,0,45,107.97,112.64,77.0064,0.2668
tbn,190,0,46,108.02,112.905,81.5725,0.2729
tbn,190,0,47,108.05,113.18,85.9139,0.2807
tbn,190,0,48,108.05,113.455,94.2375,0.2707
tbn,190,0,49,108.02,113.72,98.746,0.2631
tbn,190,0,50,107.97,113.975,103.4952,0.2571
tbn,190,0,51,107.895,114.22,110.556,0.2563
tbn,190,0,52,107.79,114.455,117.5522,0.2594
tbn,190,0,53,107.665,114.675,121.76,0.247
tbn,190,0,54,107.525,114.885,125.5391,0.2581
tbn,190,0,55,107.365,115.08,133.3656,0.2476
tbn,190,0,56,107.185,115.255,138.1768,0.255
tbn,190,0,57,106.99,115.415,143.1319,0.25
tbn,190,0,58,106.785,115.555,148.2394,0.247
tbn,190,0,59,106.565,115.675,154.4426,0.2549
tbn,190,0,60,106.33,115.77,161.5618,0.253
tbn,190,0,61,106.085,115.845,164.3562,0.2596
tbn,190,0,62,105.835,115.895,173.1575,0.2518
tbn,190,0,63,105.575,115.92,175.7659,0.2707
tbn,190,1,0,105.34,111.255,177.1435,0.2002
tbn,190,1,1,105.145,111.275,171.0278,0.1924
tbn,190,1,2,104.96,111.315,164.4705,0.1868
tbn,190,1,3,104.775,111.375,159.7734,0.2025
tbn,190,1,4,104.515,111.505,150.0677,0.3808
tbn,190,1,5,104.205,111.725,139.2365,0.3829
tbn,190,1,6,103.935,112.0,129.8067,0.3905
tbn,190,1,7,103.72,112.325,117.2157,0.3936
tbn,190,1,8,103.595,112.595,110.2245,0.2025
tbn,190,1,9,103.535,112.79,104.0383,0.2061
tbn,190,1,10,103.495,112.995,98.1289,0.2122
tbn,190,1,11,103.475,113.21,92.6031,0.2202
tbn,190,1,12,103.475,113.42,87.1367,0.2002
tbn,190,1,13,103.495,113.625,81.8699,0.2121
tbn,190,1,14,103.53,113.825,78.1112,0.1942
tbn,190,1,15,103.585,114.015,69.7755,0.2025
tbn,190,1,16,103.705,114.285,64.0941,0.3891
tbn,190,1,17,103.905,114.615,53.4264,0.386
tbn,190,1,18,104.165,114.895,40.7635,0.3829
tbn,190,1,19,104.48,115.115,29.1981,0.3895
tbn,190,1,20,104.74,115.245,21.2525,0.1931
tbn,190,1,21,104.93,115.31,16.6988,0.2088
tbn,190,1,22,105.13,115.355,8.5302,0.2022
tbn,190,1,23,105.335,115.375,2.729,0.2102
tbn,190,1,24,105.55,115.375,177.3949,0.2202
tbn,190,1,25,105.76,115.355,171.4694,0.2022
tbn,190,1,26,105.96,115.31,163.3018,0.2088
tbn,190,1,27,106.15,115.245,158.7475,0.1931
tbn,190,1,28,106.41,115.115,150.8019,0.3895
tbn,190,1,29,106.72,114.895,138.2396,0.3754
tbn,190,1,30,106.98,114.615,127.7477,0.392
tbn,190,1,31,107.185,114.285,115.9059,0.3891
tbn,190,1,32,107.3,114.015,107.5247,0.1993
tbn,190,1,33,107.355,113.825,104.7442,0.1965
tbn,190,1,34,107.39,113.625,95.4396,0.2109
tbn,190,1,35,107.405,113.42,92.8633,0.2002
tbn,190,1,36,107.405,113.21,87.3969,0.2202
tbn,190,1,37,107.385,112.995,81.8711,0.2122
tbn,190,1,38,107.345,112.79,75.9617,0.2061
tbn,190,1,39,107.29,112.595,72.4753,0.1993
tbn,190,1,40,107.165,112.325,61.5045,0.3983
tbn,190,1,41,106.95,112.0,51.3393,0.3842
tbn,190,1,42,106.685,111.725,40.7635,0.3829
tbn,190,1,43,106.37,111.505,29.1981,0.3895
tbn,190,1,44,106.11,111.375,21.2525,0.1931
tbn,190,1,45,105.925,111.315,14.7485,0.1965
tbn,190,1,46,105.735,111.275,8.9722,0.1924
tbn,190,1,47,105.54,111.255,2.8565,0.2002
tbn,191,0,0,112.27,112.995,10.8828,0.2648
tbn,191,0,1,112.515,113.07,23.5002,0.2508
tbn,191,0,2,112.735,113.195,35.5367,0.2581
tbn,191,0,3,112.925,113.355,45.0013,0.2404
tbn,191,0,4,113.075,113.54,56.9783,0.2385
tbn,191,0,5,113.19,113.75,65.5565,0.2417
tbn,191,0,6,113.27,113.98,75.962,0.2474
tbn,191,0,7,113.31,114.23,85.6022,0.2608
tbn,191,0,8,113.3,114.53,96.7101,0.3423
tbn,191,0,9,113.22,114.86,110.5578,0.3417
tbn,191,0,10,113.06,115.16,125.5374,0.3441
tbn,191,0,11,112.83,115.41,139.7637,0.3406
tbn,191,0,12,112.54,115.585,157.8898,0.3454
tbn,191,0,13,112.21,115.68,169.9923,0.3452
tbn,191,0,14,111.865,115.725,175.1011,0.3513
tbn,191,0,15,111.52,115.74,0.0,0.34
tbn,191,0,16,110.96,115.74,0.0,0.78
tbn,191,0,17,110.57,113.265,90.0,4.95
tbn,191,0,18,110.89,110.79,0.0,0.64
tbn,191,0,19,111.21,111.845,90.0,2.11
tbn,191,0,20,111.345,112.9,0.0,0.27
tbn,191,0,21,112.22,111.845,125.0469,2.5773
tbn,191,0,22,113.33,110.79,0.0,0.74
tbn,191,0,23,112.92,111.88,125.5874,2.6807
tbn,191,1,0,111.295,115.2,0.0,0.17
tbn,191,1,1,111.5,115.195,177.6118,0.2402
tbn,191,1,2,111.745,115.18,175.4286,0.2508
tbn,191,1,3,111.985,115.145,167.7306,0.2354
tbn,191,1,4,112.205,115.085,161.5632,0.2214
tbn,191,1,5,112.405,114.995,149.935,0.2195
tbn,191,1,6,112.57,114.865,133.0261,0.2052
tbn,191,1,7,112.69,114.69,116.5633,0.2236
tbn,191,1,8,112.755,114.46,96.5814,0.2617
tbn,191,1,9,112.755,114.205,83.1575,0.2518
tbn,191,1,10,112.695,113.975,66.8014,0.2285
tbn,191,1,11,112.58,113.795,46.9739,0.2052
tbn,191,1,12,112.425,113.665,32.9009,0.2025
tbn,191,1,13,112.235,113.57,20.8586,0.2247
tbn,191,1,14,112.015,113.505,12.2621,0.2354
tbn,191,1,15,111.78,113.47,4.7682,0.2408
tbn,191,1,16,111.54,113.455,2.381,0.2402
tbn,191,1,17,111.315,113.45,0.0,0.21
tbn,191,1,18,111.21,114.325,90.0,1.75
tbn,192,0,0,114.06,114.18,90.0,3.12
tbn,192,0,1,114.065,112.515,92.727,0.2102
tbn,192,0,2,114.085,112.315,98.9722,0.1924
tbn,192,0,3,114.12,112.125,101.8888,0.1942
tbn,192,0,4,114.165,111.94,105.5209,0.1868
tbn,192,0,5,114.27,111.69,116.5672,0.3578
tbn,192,0,6,114.455,111.39,126.8699,0.35
tbn,192,0,7,114.69,111.135,138.5024,0.3471
tbn,192,0,8,114.975,110.935,151.2581,0.3536
tbn,192,0,9,115.22,110.815,158.7559,0.1931
tbn,192,0,10,115.4,110.76,167.4686,0.1844
tbn,192,0,11,115.59,110.725,171.4694,0.2022
tbn,192,0,12,115.795,110.705,177.271,0.2102
tbn,192,0,13,116.0,110.705,2.8651,0.2003
tbn,192,0,14,116.2,110.725,8.5306,0.2022
tbn,192,0,15,116.395,110.76,11.891,0.1942
tbn,192,0,16,116.575,110.815,22.3737,0.1838
tbn,192,0,17,116.82,110.935,27.9814,0.3624
tbn,192,0,18,117.11,111.135,41.4976,0.3471
tbn,192,0,19,117.345,111.39,53.1301,0.35
tbn,192,0,20,117.525,111.69,64.8833,0.3534
tbn,192,0,21,117.63,111.94,71.568,0.1898
tbn,192,0,22,117.68,112.125,78.1112,0.1942
tbn,192,0,23,117.71,112.315,83.9898,0.1911
tbn,192,0,24,117.725,112.515,87.2751,0.2102
tbn,192,0,25,117.73,114.18,90.0,3.12
tbn,192,0,26,117.41,115.74,0.0,0.64
tbn,192,0,27,117.09,114.285,90.0,2.91
tbn,192,0,28,117.085,112.68,88.0904,0.3002
tbn,192,0,29,117.06,112.385,82.1482,0.2928
tbn,192,0,30,117.0,112.105,73.4946,0.2816
tbn,192,0,31,116.905,111.85,65.3782,0.264
tbn,192,0,32,116.77,111.635,49.8988,0.2484
tbn,192,0,33,116.585,111.46,37.2994,0.264
tbn,192,0,34,116.42,111.355,22.6281,0.13
tbn,192,0,35,116.29,111.31,15.9487,0.1456
tbn,192,0,36,116.145,111.275,11.3094,0.153
tbn,192,0,37,115.985,111.255,3.3594,0.1703
tbn,192,0,38,115.815,111.255,176.6405,0.1703
tbn,192,0,39,115.65,111.275,169.3805,0.1628
tbn,192,0,40,115.5,111.31,164.0513,0.1456
tbn,192,0,41,115.37,111.355,157.3732,0.13
tbn,192,0,42,115.205,111.46,142.7006,0.264
tbn,192,0,43,115.025,111.635,128.2901,0.2421
tbn,192,0,44,114.89,111.85,116.5636,0.2683
tbn,192,0,45,114.795,112.105,104.535,0.2789
tbn,192,0,46,114.74,112.385,97.8518,0.2928
tbn,192,0,47,114.715,112.68,91.9096,0.3002
tbn,192,0,48,114.71,114.285,90.0,2.91
tbn,192,0,49,114.385,115.74,0.0,0.65
tbn,193,0,0,118.89,110.79,0.0,0.64
tbn,193,0,1,119.21,112.66,90.0,3.74
tbn,193,0,2,121.045,112.56,132.968,5.3845
tbn,193,0,3,122.88,113.165,90.0,5.15
tbn,193,0,4,122.56,115.74,0.0,0.64
tbn,193,0,5,122.24,113.935,90.0,3.61
tbn,193,0,6,120.405,114.055,133.6288,5.319
tbn,193,0,7,118.57,113.385,90.0,5.19
tbn,194,0,0,123.545,115.74,0.0,0.67
tbn,194,0,1,124.245,113.175,111.9745,5.5319
tbn,194,0,2,125.985,112.435,68.8784,3.9129
tbn,194,0,3,127.395,112.435,111.1216,3.9129
tbn,194,0,4,129.135,113.175,68.0254,5.5319
tbn,194,0,5,129.835,115.74,0.0,0.67
tbn,194,0,6,128.8,113.98,68.3107,3.7882
tbn,194,0,7,127.395,114.075,110.8095,3.9689
tbn,194,0,8,125.985,114.115,68.7724,3.8942
tbn,194,0,9,124.58,114.02,112.1452,3.714
tbn,195,0,0,133.795,111.435,113.8389,1.4103
tbn,195,0,1,134.415,110.79,0.0,0.67
tbn,195,0,2,133.56,113.395,114.5515,5.7279
tbn,195,0,3,131.175,113.395,65.3576,5.7321
tbn,195,0,4,130.315,110.79,0.0,0.67
tbn,195,0,5,130.935,111.435,66.1611,1.4103
tbn,195,0,6,132.365,112.08,0.0,2.29
tbn,195,1,0,132.37,112.63,0.0,1.78
tbn,195,1,1,131.925,113.635,66.117,2.1982
tbn,195,1,2,132.815,113.635,113.883,2.1982
tbn,196,0,0,136.28,111.89,90.0,2.2
tbn,196,0,1,136.6,110.79,0.0,0.64
tbn,196,0,2,136.92,111.89,90.0,2.2
tbn,196,0,3,137.73,114.365,59.4981,3.1917
tbn,196,0,4,138.185,115.74,0.0,0.71
tbn,196,0,5,137.215,114.705,59.2813,2.4079
tbn,196,0,6,135.98,114.705,120.9231,2.413
tbn,196,0,7,135.005,115.74,0.0,0.71
tbn,196,0,8,135.465,114.365,120.6565,3.1968
tbn,197,0,0,144.365,115.675,152.6505,0.3265
tbn,197,0,1,144.065,115.8,162.121,0.3257
tbn,197,0,2,143.75,115.88,169.3805,0.3256
tbn,197,0,3,143.425,115.92,176.5337,0.3306
tbn,197,0,4,143.125,115.925,2.1167,0.2702
tbn,197,0,5,142.855,115.9,8.4291,0.2729
tbn,197,0,6,142.595,115.845,15.6438,0.2596
tbn,197,0,7,142.345,115.77,17.7419,0.2625
tbn,197,0,8,142.105,115.675,25.5621,0.255
tbn,197,0,9,141.88,115.555,30.5741,0.2555
tbn,197,0,10,141.665,115.415,35.5432,0.2581
tbn,197,0,11,141.465,115.255,41.8169,0.2549
tbn,197,0,12,141.285,115.075,48.1805,0.255
tbn,197,0,13,141.125,114.88,53.1301,0.25
tbn,197,0,14,140.98,114.67,57.5291,0.2608
tbn,197,0,15,140.855,114.445,64.438,0.2549
tbn,197,0,16,140.755,114.21,69.4463,0.2563
tbn,197,0,17,140.68,113.96,77.0049,0.2668
tbn,197,0,18,140.625,113.7,79.1142,0.2648
tbn,197,0,19,140.595,113.43,87.9557,0.2802
tbn,197,0,20,140.595,113.155,92.12,0.2702
tbn,197,0,21,140.62,112.89,98.7477,0.2631
tbn,197,0,22,140.675,112.635,105.6406,0.2596
tbn,197,0,23,140.755,112.39,110.556,0.2563
tbn,197,0,24,140.855,112.155,115.559,0.255
tbn,197,0,25,140.975,111.935,121.7615,0.247
tbn,197,0,26,141.12,111.73,128.6587,0.2561
tbn,197,0,27,141.285,111.54,133.3643,0.2476
tbn,197,0,28,141.46,111.365,136.6332,0.2476
tbn,197,0,29,141.65,111.205,143.1329,0.25
tbn,197,0,30,141.86,111.07,151.3907,0.2506
tbn,197,0,31,142.085,110.955,154.4364,0.255
tbn,197,0,32,142.32,110.86,161.5672,0.253
tbn,197,0,33,142.565,110.785,164.3562,0.2596
tbn,197,0,34,142.815,110.735,173.1575,0.2518
tbn,197,0,35,143.075,110.71,175.766,0.2707
tbn,197,0,36,143.375,110.715,5.1942,0.3314
tbn,197,0,37,143.71,110.76,10.0077,0.3452
tbn,197,0,38,144.045,110.845,18.4326,0.3478
tbn,197,0,39,144.36,110.97,25.019,0.3311
tbn,197,0,40,144.51,111.41,90.0,0.74
tbn,197,0,41,144.365,111.665,38.4163,0.3701
tbn,197,0,42,144.055,111.47,25.8667,0.3667
tbn,197,0,43,143.72,111.34,16.39,0.3544
tbn,197,0,44,143.37,111.27,6.3415,0.3622
tbn,197,0,45,143.085,111.255,177.2709,0.2102
tbn,197,0,46,142.88,111.28,168.6875,0.204
tbn,197,0,47,142.685,111.325,165.2601,0.1965
tbn,197,0,48,142.5,111.385,158.7483,0.1931
tbn,197,0,49,142.245,111.515,150.0672,0.3808
tbn,197,0,50,141.935,111.735,139.2372,0.3829
tbn,197,0,51,141.675,112.015,126.5727,0.386
tbn,197,0,52,141.47,112.345,117.2167,0.3936
tbn,197,0,53,141.35,112.615,107.5273,0.1992
tbn,197,0,54,141.295,112.805,104.7442,0.1965
tbn,197,0,55,141.255,113.0,98.5299,0.2022
tbn,197,0,56,141.235,113.205,92.7249,0.2102
tbn,197,0,57,141.235,113.415,87.2755,0.2103
tbn,197,0,58,141.255,113.62,81.4688,0.2022
tbn,197,0,59,141.295,113.82,75.9638,0.2062
tbn,197,0,60,141.35,114.015,72.4753,0.1993
tbn,197,0,61,141.47,114.285,62.7812,0.3936
tbn,197,0,62,141.68,114.61,51.343,0.3842
tbn,197,0,63,141.945,114.89,41.8781,0.3895
tbn,197,0,64,142.255,115.115,29.9277,0.3808
tbn,197,0,65,142.51,115.245,21.2533,0.1931
tbn,197,0,66,142.695,115.31,17.5247,0.1993
tbn,197,0,67,142.89,115.355,8.5306,0.2022
tbn,197,0,68,143.095,115.375,2.7289,0.2102
tbn,197,0,69,143.375,115.365,175.101,0.3513
tbn,197,0,70,143.725,115.3,164.0539,0.364
tbn,197,0,71,144.06,115.17,153.4349,0.3578
tbn,197,0,72,144.365,114.985,144.0908,0.358
tbn,197,0,73,144.51,115.24,90.0,0.72
tbn,198,0,0,146.93,112.995,10.8832,0.2648
tbn,198,0,1,147.175,113.07,23.4988,0.2508
tbn,198,0,2,147.39,113.195,36.8692,0.25
tbn,198,0,3,147.575,113.355,45.0026,0.2404
tbn,198,0,4,147.73,113.54,55.0097,0.2441
tbn,198,0,5,147.85,113.75,65.5548,0.2417
tbn,198,0,6,147.93,113.98,75.9638,0.2474
tbn,198,0,7,147.97,114.23,85.6039,0.2608
tbn,198,0,8,147.96,114.53,96.7088,0.3423
tbn,198,0,9,147.88,114.86,110.5566,0.3417
tbn,198,0,10,147.72,115.16,125.5374,0.3441
tbn,198,0,11,147.49,115.41,139.7645,0.3406
tbn,198,0,12,147.2,115.585,157.8893,0.3454
tbn,198,0,13,146.87,115.68,169.9928,0.3453
tbn,198,0,14,146.525,115.725,175.101,0.3513
tbn,198,0,15,146.18,115.74,0.0,0.34
tbn,198,0,16,145.62,115.74,0.0,0.78
tbn,198,0,17,145.23,113.265,90.0,4.95
tbn,198,0,18,145.55,110.79,0.0,0.64
tbn,198,0,19,145.87,111.845,90.0,2.11
tbn,198,0,20,146.005,112.9,0.0,0.27
tbn,198,0,21,146.88,111.845,125.047,2.5773
tbn,198,0,22,147.99,110.79,0.0,0.74
tbn,198,0,23,147.58,111.88,125.5874,2.6807
tbn,198,1,0,145.955,115.2,0.0,0.17
tbn,198,1,1,146.16,115.195,177.6116,0.2402
tbn,198,1,2,146.4,115.18,175.2391,0.2408
tbn,198,1,3,146.64,115.145,168.2278,0.2452
tbn,198,1,4,146.865,115.085,161.5626,0.2214
tbn,198,1,5,147.065,114.995,149.935,0.2195
tbn,198,1,6,147.23,114.865,133.0261,0.2052
tbn,198,1,7,147.35,114.69,116.5651,0.2236
tbn,198,1,8,147.415,114.46,96.5814,0.2617
tbn,198,1,9,147.415,114.205,83.1575,0.2518
tbn,198,1,10,147.355,113.975,66.7979,0.2285
tbn,198,1,11,147.24,113.795,46.9739,0.2052
tbn,198,1,12,147.085,113.665,32.902,0.2025
tbn,198,1,13,146.895,113.57,20.8593,0.2247
tbn,198,1,14,146.675,113.505,12.2613,0.2354
tbn,198,1,15,146.44,113.47,4.7685,0.2408
tbn,198,1,16,146.195,113.455,2.2859,0.2502
tbn,198,1,17,145.97,113.45,0.0,0.2
tbn,198,1,18,145.87,114.325,90.0,1.75
tbn,199,0,0,150.93,115.92,4.3964,0.2608
tbn,199,0,1,150.67,115.895,6.5814,0.2617
tbn,199,0,2,150.415,115.845,15.6438,0.2596
tbn,199,0,3,150.17,115.77,18.4393,0.253
tbn,199,0,4,149.94,115.675,26.5619,0.246
tbn,199,0,5,149.72,115.555,30.58,0.2555
tbn,199,0,6,149.51,115.415,36.8692,0.25
tbn,199,0,7,149.315,115.255,41.8221,0.255
tbn,199,0,8,149.135,115.08,46.6357,0.2476
tbn,199,0,9,148.975,114.885,54.4596,0.2581
tbn,199,0,10,148.835,114.675,58.2415,0.247
tbn,199,0,11,148.715,114.455,64.441,0.255
tbn,199,0,12,148.615,114.22,69.4408,0.2563
tbn,199,0,13,148.535,113.975,74.3594,0.2596
tbn,199,0,14,148.48,113.72,81.2523,0.2631
tbn,199,0,15,148.455,113.455,87.88,0.2702
tbn,199,0,16,148.455,113.18,92.0441,0.2802
tbn,199,0,17,148.48,112.905,98.4291,0.2729
tbn,199,0,18,148.535,112.64,105.0663,0.2693
tbn,199,0,19,148.61,112.39,108.436,0.253
tbn,199,0,20,148.71,112.155,117.5537,0.2594
tbn,199,0,21,148.835,111.93,120.5806,0.2555
tbn,199,0,22,148.975,111.72,126.8699,0.25
tbn,199,0,23,149.135,111.53,133.3643,0.2476
tbn,199,0,24,149.31,111.36,138.3647,0.2408
tbn,199,0,25,149.505,111.205,144.4643,0.2581
tbn,199,0,26,149.715,111.065,148.2385,0.247
tbn,199,0,27,149.935,110.95,156.5012,0.2508
tbn,199,0,28,150.17,110.855,159.444,0.2563
tbn,199,0,29,150.415,110.78,166.5048,0.2571
tbn,199,0,30,150.67,110.735,173.4186,0.2617
tbn,199,0,31,150.93,110.71,175.5969,0.2608
tbn,199,0,32,151.19,110.71,4.4031,0.2608
tbn,199,0,33,151.45,110.735,6.5814,0.2617
tbn,199,0,34,151.705,110.78,13.4952,0.2571
tbn,199,0,35,151.95,110.855,20.556,0.2563
tbn,199,0,36,152.185,110.95,23.4988,0.2508
tbn,199,0,37,152.405,111.065,31.7615,0.247
tbn,199,0,38,152.615,111.205,35.5357,0.2581
tbn,199,0,39,152.81,111.36,41.6353,0.2408
tbn,199,0,40,152.985,111.53,46.6357,0.2476
tbn,199,0,41,153.145,111.72,53.1301,0.25
tbn,199,0,42,153.285,111.93,59.4194,0.2555
tbn,199,0,43,153.41,112.155,62.4463,0.2594
tbn,199,0,44,153.51,112.39,71.564,0.253
tbn,199,0,45,153.585,112.64,74.9337,0.2693
tbn,199,0,46,153.64,112.905,81.5709,0.2729
tbn,199,0,47,153.665,113.18,87.9559,0.2802
tbn,199,0,48,153.665,113.455,92.12,0.2702
tbn,199,0,49,153.64,113.72,98.7477,0.2631
tbn,199,0,50,153.585,113.975,105.6406,0.2596
tbn,199,0,51,153.505,114.22,110.5592,0.2563
tbn,199,0,52,153.405,114.455,115.559,0.255
tbn,199,0,53,153.285,114.675,121.7585,0.247
tbn,199,0,54,153.145,114.885,125.5404,0.2581
tbn,199,0,55,152.985,115.08,133.3643,0.2476
tbn,199,0,56,152.805,115.255,138.1779,0.255
tbn,199,0,57,152.61,115.415,143.1308,0.25
tbn,199,0,58,152.4,115.555,149.42,0.2555
tbn,199,0,59,152.18,115.675,153.4381,0.246
tbn,199,0,60,151.95,115.77,161.5607,0.253
tbn,199,0,61,151.705,115.845,164.3562,0.2596
tbn,199,0,62,151.45,115.895,173.4186,0.2617
tbn,199,0,63,151.19,115.92,175.6036,0.2608
tbn,199,1,0,150.96,111.255,177.1435,0.2002
tbn,199,1,1,150.765,111.275,171.0278,0.1924
tbn,199,1,2,150.575,111.315,165.2515,0.1965
tbn,199,1,3,150.39,111.375,158.7467,0.1931
tbn,199,1,4,150.135,111.505,150.0683,0.3808
tbn,199,1,5,149.82,111.725,140.1947,0.3905
tbn,199,1,6,149.55,112.0,128.6616,0.3842
tbn,199,1,7,149.34,112.325,117.2148,0.3936
tbn,199,1,8,149.215,112.595,110.2266,0.2025
tbn,199,1,9,149.155,112.79,104.0342,0.2061
tbn,199,1,10,149.115,112.995,98.133,0.2122
tbn,199,1,11,149.095,113.21,92.6011,0.2202
tbn,199,1,12,149.095,113.42,87.1389,0.2002
tbn,199,1,13,149.115,113.625,81.8658,0.2121
tbn,199,1,14,149.15,113.825,78.1134,0.1942
tbn,199,1,15,149.2,114.015,72.4753,0.1993
tbn,199,1,16,149.32,114.285,62.7833,0.3936
tbn,199,1,17,149.525,114.615,53.4273,0.386
tbn,199,1,18,149.785,114.895,40.7643,0.3829
tbn,199,1,19,150.095,115.115,29.9317,0.3808
tbn,199,1,20,150.355,115.245,20.2266,0.2025
tbn,199,1,21,150.545,115.31,17.5247,0.1993
tbn,199,1,22,150.745,115.355,8.1301,0.2121
tbn,199,1,23,150.955,115.375,2.7289,0.2102
tbn,199,1,24,151.165,115.375,177.2711,0.2102
tbn,199,1,25,151.375,115.355,171.8699,0.2121
tbn,199,1,26,151.575,115.31,162.4753,0.1993
tbn,199,1,27,151.765,115.245,159.7734,0.2025
tbn,199,1,28,152.025,115.115,150.0683,0.3808
tbn,199,1,29,152.335,114.895,139.2357,0.3829
tbn,199,1,30,152.595,114.615,126.5727,0.386
tbn,199,1,31,152.8,114.285,117.2167,0.3936
tbn,199,1,32,152.92,114.015,107.5247,0.1993
tbn,199,1,33,152.97,113.825,101.8866,0.1942
tbn,199,1,34,153.005,113.625,98.1342,0.2121
tbn,199,1,35,153.025,113.42,92.8611,0.2002
tbn,199,1,36,153.025,113.21,87.3989,0.2202
tbn,199,1,37,153.005,112.995,81.867,0.2122
tbn,199,1,38,152.965,112.79,75.9658,0.2061
tbn,199,1,39,152.905,112.595,69.7734,0.2025
tbn,199,1,40,152.78,112.325,62.7852,0.3936
tbn,199,1,41,152.57,112.0,51.3384,0.3842
tbn,199,1,42,152.3,111.725,39.8053,0.3905
tbn,199,1,43,151.985,111.505,29.9317,0.3808
tbn,199,1,44,151.73,111.375,21.2533,0.1931
tbn,199,1,45,151.545,111.315,14.7485,0.1965
tbn,199,1,46,151.355,111.275,8.9722,0.1924
tbn,199,1,47,151.16,111.255,2.8565,0.2002
tbn,200,0,0,156.995,115.285,122.9033,0.2025
tbn,200,0,1,156.875,115.44,132.8832,0.191
tbn,200,0,2,156.735,115.575,139.0834,0.1985
tbn,200,0,3,156.585,115.69,146.3072,0.1803
tbn,200,0,4,156.425,115.78,154.8043,0.1879
tbn,200,0,5,156.245,115.85,162.474,0.1992
tbn,200,0,6,156.055,115.9,168.109,0.1942
tbn,200,0,7,155.86,115.925,177.1348,0.2002
tbn,200,0,8,155.62,115.92,4.0894,0.2807
tbn,200,0,9,155.345,115.875,14.5304,0.2789
tbn,200,0,10,155.085,115.79,21.8026,0.2693
tbn,200,0,11,154.85,115.67,32.4738,0.2608
tbn,200,0,12,154.645,115.51,43.4503,0.2617
tbn,200,0,13,154.48,115.31,57.5291,0.2608
tbn,200,0,14,154.36,115.07,68.962,0.2786
tbn,200,0,15,154.295,114.795,84.0937,0.2915
tbn,200,0,16,154.29,114.53,94.7642,0.2409
tbn,200,0,17,154.335,114.3,107.6518,0.2309
tbn,200,0,18,154.425,114.095,120.065,0.2195
tbn,200,0,19,154.55,113.92,131.1937,0.2126
tbn,200,0,20,154.7,113.765,136.8409,0.2193
tbn,200,0,21,154.875,113.63,147.7257,0.2247
tbn,200,0,22,155.07,113.515,151.1921,0.2282
tbn,200,0,23,155.275,113.41,154.536,0.2326
tbn,200,0,24,155.55,113.285,156.1947,0.3716
tbn,200,0,25,155.875,113.135,154.1752,0.3444
tbn,200,0,26,156.17,112.965,145.8441,0.3384
tbn,200,0,27,156.365,112.81,132.5045,0.1628
tbn,200,0,28,156.46,112.675,118.074,0.17
tbn,200,0,29,156.525,112.52,107.3546,0.1676
tbn,200,0,30,156.56,112.345,96.0102,0.1911
tbn,200,0,31,156.56,112.15,84.2877,0.201
tbn,200,0,32,156.53,111.96,77.4727,0.1844
tbn,200,0,33,156.465,111.785,62.1015,0.1924
tbn,200,0,34,156.37,111.625,56.3113,0.1803
tbn,200,0,35,156.25,111.49,40.6003,0.1844
tbn,200,0,36,156.105,111.38,33.6901,0.1803
tbn,200,0,37,155.94,111.3,18.4349,0.1897
tbn,200,0,38,155.755,111.26,6.0148,0.1911
tbn,200,0,39,155.565,111.26,173.9852,0.1911
tbn,200,0,40,155.38,111.295,164.4789,0.1868
tbn,200,0,41,155.205,111.365,152.1034,0.1924
tbn,200,0,42,155.05,111.47,139.4028,0.1844
tbn,200,0,43,154.92,111.6,130.5972,0.1844
tbn,200,0,44,154.815,111.75,119.3562,0.1836
tbn,200,0,45,154.74,111.925,107.5247,0.1993
tbn,200,0,46,154.705,112.12,92.8655,0.2002
tbn,200,0,47,154.38,112.15,12.3377,0.6551
tbn,200,0,48,154.09,111.935,101.6915,0.2962
tbn,200,0,49,154.175,111.655,112.1645,0.2915
tbn,200,0,50,154.305,111.405,123.1117,0.2746
tbn,200,0,51,154.475,111.19,133.5342,0.2759
tbn,200,0,52,154.68,111.005,142.3037,0.278
tbn,200,0,53,154.915,110.86,154.3599,0.2773
tbn,200,0,54,155.18,110.765,165.9623,0.2886
tbn,200,0,55,155.465,110.715,174.094,0.2915
tbn,200,0,56,155.77,110.715,5.3555,0.3214
tbn,200,0,57,156.08,110.77,14.9296,0.3105
tbn,200,0,58,156.37,110.88,26.5663,0.3131
tbn,200,0,59,156.625,111.04,38.0464,0.2921
tbn,200,0,60,156.84,111.24,47.7269,0.2973
tbn,200,0,61,157.015,111.48,60.0203,0.3002
tbn,200,0,62,157.135,111.76,73.2981,0.3132
tbn,200,0,63,157.195,112.08,84.9577,0.3413
tbn,200,0,64,157.2,112.4,93.8147,0.3007
tbn,200,0,65,157.155,112.68,105.068,0.2692
tbn,200,0,66,157.06,112.92,118.6124,0.2506
tbn,200,0,67,156.925,113.13,126.8671,0.25
tbn,200,0,68,156.76,113.315,136.6356,0.2476
tbn,200,0,69,156.565,113.47,146.3119,0.2524
tbn,200,0,70,156.34,113.605,151.5567,0.273
tbn,200,0,71,156.09,113.725,157.0702,0.2823
tbn,200,0,72,155.785,113.85,158.1969,0.377
tbn,200,0,73,155.49,113.975,155.3784,0.264
tbn,200,0,74,155.26,114.11,143.9722,0.272
tbn,200,0,75,155.105,114.235,135.0049,0.1273
tbn,200,0,76,155.025,114.335,122.4645,0.1304
tbn,200,0,77,154.965,114.45,112.6219,0.13
tbn,200,0,78,154.93,114.58,98.131,0.1414
tbn,200,0,79,154.93,114.73,82.8723,0.1612
tbn,200,0,80,154.97,114.885,68.2026,0.1616
tbn,200,0,81,155.04,115.02,56.3083,0.1442
tbn,200,0,82,155.135,115.13,42.2753,0.1487
tbn,200,0,83,155.32,115.255,29.9812,0.3002
tbn,200,0,84,155.6,115.355,9.46,0.3041
tbn,200,0,85,155.875,115.365,173.1575,0.2518
tbn,200,0,86,156.105,115.305,156.8029,0.2285
tbn,200,0,87,156.3,115.185,140.1944,0.2343
tbn,200,0,88,156.465,115.005,125.5404,0.2581
tbn,200,0,89,156.795,115.05,30.4648,0.5917
tbn,201,0,0,160.54,115.285,125.2144,0.2081
tbn,201,0,1,160.415,115.44,132.8832,0.191
tbn,201,0,2,160.28,115.575,137.1199,0.1911
tbn,201,0,3,160.13,115.69,147.9936,0.1887
tbn,201,0,4,159.965,115.78,154.8023,0.1879
tbn,201,0,5,159.79,115.85,161.5651,0.1897
tbn,201,0,6,159.605,115.9,168.109,0.1942
tbn,201,0,7,159.41,115.925,177.1348,0.2002
tbn,201,0,8,159.17,115.92,4.0894,0.2807
tbn,201,0,9,158.895,115.875,14.5304,0.2789
tbn,201,0,10,158.635,115.79,21.8026,0.2693
tbn,201,0,11,158.4,115.67,32.4738,0.2608
tbn,201,0,12,158.195,115.51,43.4503,0.2617
tbn,201,0,13,158.025,115.31,55.7144,0.2663
tbn,201,0,14,157.905,115.07,70.9049,0.2751
tbn,201,0,15,157.845,114.795,84.0937,0.2915
tbn,201,0,16,157.84,114.53,94.7642,0.2409
tbn,201,0,17,157.885,114.3,107.6518,0.2309
tbn,201,0,18,157.97,114.095,117.7561,0.2147
tbn,201,0,19,158.09,113.92,131.1906,0.2126
tbn,201,0,20,158.245,113.765,138.5714,0.2267
tbn,201,0,21,158.42,113.63,146.3122,0.2163
tbn,201,0,22,158.61,113.515,151.1921,0.2282
tbn,201,0,23,158.82,113.41,155.5548,0.2417
tbn,201,0,24,159.1,113.285,156.1947,0.3716
tbn,201,0,25,159.425,113.135,154.1752,0.3444
tbn,201,0,26,159.715,112.965,144.8702,0.3301
tbn,201,0,27,159.905,112.81,132.5045,0.1628
tbn,201,0,28,160.0,112.675,118.074,0.17
tbn,201,0,29,160.07,112.52,110.5548,0.1709
tbn,201,0,30,160.11,112.345,96.0102,0.1911
tbn,201,0,31,160.11,112.15,84.2877,0.201
tbn,201,0,32,160.075,111.96,74.4744,0.1868
tbn,201,0,33,160.01,111.785,64.8001,0.1879
tbn,201,0,34,159.915,111.625,53.7449,0.186
tbn,201,0,35,159.795,111.49,42.7105,0.1769
tbn,201,0,36,159.65,111.38,32.0064,0.1887
tbn,201,0,37,159.485,111.3,19.4395,0.1803
tbn,201,0,38,159.305,111.26,6.0148,0.1911
tbn,201,0,39,159.11,111.26,174.2838,0.201
tbn,201,0,40,158.92,111.295,164.4801,0.1868
tbn,201,0,41,158.75,111.365,150.6415,0.1836
tbn,201,0,42,158.595,111.47,141.343,0.1921
tbn,201,0,43,158.46,111.6,130.5972,0.1844
tbn,201,0,44,158.355,111.75,119.3562,0.1836
tbn,201,0,45,158.285,111.925,104.7442,0.1965
tbn,201,0,46,158.25,112.12,95.7123,0.201
tbn,201,0,47,157.92,112.15,12.3377,0.6551
tbn,201,0,48,157.635,111.935,103.5714,0.2983
tbn,201,0,49,157.72,111.655,110.3222,0.2879
tbn,201,0,50,157.85,111.405,124.8238,0.2802
tbn,201,0,51,158.025,111.19,133.5342,0.2759
tbn,201,0,52,158.23,111.005,142.3037,0.278
tbn,201,0,53,158.465,110.86,154.3599,0.2773
tbn,201,0,54,158.725,110.765,165.4635,0.2789
tbn,201,0,55,159.005,110.715,174.0943,0.2916
tbn,201,0,56,159.315,110.715,5.1942,0.3314
tbn,201,0,57,159.63,110.77,14.9296,0.3105
tbn,201,0,58,159.915,110.88,27.4097,0.3041
tbn,201,0,59,160.17,111.04,36.8681,0.3
tbn,201,0,60,160.385,111.24,49.1847,0.2907
tbn,201,0,61,160.555,111.48,60.0203,0.3002
tbn,201,0,62,160.68,111.76,71.5633,0.3162
tbn,201,0,63,160.745,112.08,84.9577,0.3413
tbn,201,0,64,160.745,112.4,95.71,0.3015
tbn,201,0,65,160.695,112.68,105.0711,0.2692
tbn,201,0,66,160.605,112.92,116.5651,0.246
tbn,201,0,67,160.475,113.13,126.8671,0.25
tbn,201,0,68,160.305,113.315,138.1779,0.255
tbn,201,0,69,160.105,113.47,146.3138,0.2524
tbn,201,0,70,159.88,113.605,151.5552,0.2729
tbn,201,0,71,159.635,113.725,156.2533,0.2731
tbn,201,0,72,159.33,113.85,158.7475,0.3863
tbn,201,0,73,159.035,113.975,154.4426,0.2549
tbn,201,0,74,158.81,114.11,143.9722,0.272
tbn,201,0,75,158.65,114.235,138.0157,0.1345
tbn,201,0,76,158.565,114.335,122.4702,0.1304
tbn,201,0,77,158.505,114.45,112.6157,0.13
tbn,201,0,78,158.475,114.58,94.0892,0.1404
tbn,201,0,79,158.48,114.73,82.8723,0.1612
tbn,201,0,80,158.515,114.885,71.5668,0.1581
tbn,201,0,81,158.58,115.02,56.3083,0.1442
tbn,201,0,82,158.675,115.13,42.2753,0.1487
tbn,201,0,83,158.865,115.255,29.0546,0.3089
tbn,201,0,84,159.145,115.355,9.7798,0.2943
tbn,201,0,85,159.42,115.365,173.4182,0.2617
tbn,201,0,86,159.655,115.305,156.8029,0.2285
tbn,201,0,87,159.85,115.185,140.1944,0.2343
tbn,201,0,88,160.01,115.005,123.691,0.2524
tbn,201,0,89,160.34,115.05,29.9804,0.6003
tbn,202,0,0,161.69,115.74,0.0,0.64
tbn,202,0,1,161.37,113.265,90.0,4.95
tbn,202,0,2,161.69,110.79,0.0,0.64
tbn,202,0,3,162.01,113.265,90.0,4.95
tbn,203,0,0,163.22,110.79,0.0,0.64
tbn,203,0,1,163.54,112.66,90.0,3.74
tbn,203,0,2,165.375,112.56,132.968,5.3845
tbn,203,0,3,167.21,113.165,90.0,5.15
tbn,203,0,4,166.89,115.74,0.0,0.64
tbn,203,0,5,166.57,113.935,90.0,3.61
tbn,203,0,6,164.735,114.055,133.6288,5.319
tbn,203,0,7,162.9,113.385,90.0,5.19
tbn,204,0,0,170.68,112.995,90.0,0.55
tbn,204,0,1,171.305,112.72,0.0,1.25
tbn,204,0,2,171.91,112.57,82.4071,0.3027
tbn,204,0,3,171.835,112.285,67.8327,0.2915
tbn,204,0,4,171.7,112.025,57.3802,0.2968
tbn,204,0,5,171.515,111.79,46.3315,0.3041
tbn,204,0,6,171.29,111.59,36.8699,0.3
tbn,204,0,7,171.035,111.435,25.7104,0.2997
tbn,204,0,8,170.765,111.325,18.434,0.2846
tbn,204,0,9,170.485,111.265,5.906,0.2915
tbn,204,0,10,170.245,111.255,176.9935,0.1903
tbn,204,0,11,170.055,111.28,168.109,0.1942
tbn,204,0,12,169.87,111.325,164.4789,0.1868
tbn,204,0,13,169.69,111.385,158.7483,0.1931
tbn,204,0,14,169.44,111.52,147.9924,0.3774
tbn,204,0,15,169.14,111.745,138.2396,0.3754
tbn,204,0,16,168.885,112.02,127.4786,0.378
tbn,204,0,17,168.685,112.34,116.5651,0.3801
tbn,204,0,18,168.545,112.695,106.5574,0.386
tbn,204,0,19,168.47,113.07,96.0079,0.3821
tbn,204,0,20,168.455,113.365,87.2755,0.2103
tbn,204,0,21,168.475,113.575,81.8699,0.2121
tbn,204,0,22,168.515,113.785,76.6062,0.2159
tbn,204,0,23,168.57,113.985,72.4753,0.1993
tbn,204,0,24,168.69,114.26,63.4349,0.4025
tbn,204,0,25,168.895,114.6,54.2918,0.3941
tbn,204,0,26,169.155,114.89,41.8796,0.3895
tbn,204,0,27,169.465,115.115,29.9317,0.3808
tbn,204,0,28,169.72,115.245,21.2517,0.1931
tbn,204,0,29,169.905,115.305,14.7399,0.1965
tbn,204,0,30,170.095,115.35,11.8919,0.1942
tbn,204,0,31,170.29,115.375,2.8563,0.2003
tbn,204,0,32,170.5,115.37,174.8081,0.2209
tbn,204,0,33,170.72,115.34,169.6931,0.2236
tbn,204,0,34,170.94,115.28,160.0201,0.2341
tbn,204,0,35,171.15,115.19,153.4349,0.2236
tbn,204,0,36,171.345,115.08,147.7237,0.2247
tbn,204,0,37,171.53,114.945,140.1968,0.2343
tbn,204,0,38,171.7,114.79,135.0,0.2263
tbn,204,0,39,171.85,114.62,127.876,0.228
tbn,204,0,40,172.125,114.745,46.3642,0.5941
tbn,204,0,41,172.235,115.07,130.813,0.2907
tbn,204,0,42,172.035,115.28,136.4007,0.29
tbn,204,0,43,171.82,115.46,143.9722,0.272
tbn,204,0,44,171.585,115.61,150.7486,0.2865
tbn,204,0,45,171.33,115.735,157.0702,0.2823
tbn,204,0,46,171.065,115.83,163.4926,0.2816
tbn,204,0,47,170.79,115.89,171.8681,0.2828
tbn,204,0,48,170.51,115.92,175.9166,0.2807
tbn,204,0,49,170.24,115.92,4.3961,0.2608
tbn,204,0,50,169.98,115.89,8.7482,0.2631
tbn,204,0,51,169.73,115.84,14.0354,0.2474
tbn,204,0,52,169.495,115.765,21.3702,0.247
tbn,204,0,53,169.265,115.665,25.5636,0.255
tbn,204,0,54,169.045,115.54,33.6862,0.2524
tbn,204,0,55,168.84,115.395,36.8748,0.25
tbn,204,0,56,168.65,115.235,43.3617,0.2476
tbn,204,0,57,168.48,115.055,49.8988,0.2484
tbn,204,0,58,168.325,114.855,54.4623,0.2581
tbn,204,0,59,168.185,114.64,59.42,0.2555
tbn,204,0,60,168.065,114.41,65.3782,0.264
tbn,204,0,61,167.965,114.165,70.2019,0.2657
tbn,204,0,62,167.89,113.91,77.0017,0.2668
tbn,204,0,63,167.84,113.65,81.2556,0.2631
tbn,204,0,64,167.815,113.38,87.9557,0.2802
tbn,204,0,65,167.815,113.115,92.2894,0.2502
tbn,204,0,66,167.84,112.865,99.0888,0.2532
tbn,204,0,67,167.89,112.62,104.0397,0.2474
tbn,204,0,68,167.965,112.385,111.3689,0.247
tbn,204,0,69,168.06,112.16,114.4419,0.2417
tbn,204,0,70,168.175,111.945,121.7615,0.247
tbn,204,0,71,168.31,111.74,124.9903,0.2441
tbn,204,0,72,168.46,111.55,131.6353,0.2408
tbn,204,0,73,168.63,111.38,138.3647,0.2408
tbn,204,0,74,168.82,111.225,143.1329,0.25
tbn,204,0,75,169.02,111.085,146.9747,0.2385
tbn,204,0,76,169.23,110.965,153.4381,0.246
tbn,204,0,77,169.455,110.865,158.6232,0.247
tbn,204,0,78,169.685,110.79,165.3794,0.2377
tbn,204,0,79,169.925,110.74,170.9146,0.2532
tbn,204,0,80,170.175,110.71,175.4216,0.2508
tbn,204,0,81,170.425,110.705,2.2928,0.2502
tbn,204,0,82,170.67,110.73,9.4641,0.2433
tbn,204,0,83,170.905,110.78,14.6206,0.2377
tbn,204,0,84,171.125,110.845,18.4287,0.2214
tbn,204,0,85,171.33,110.93,26.5668,0.2236
tbn,204,0,86,171.525,111.04,32.2743,0.2247
tbn,204,0,87,171.705,111.165,37.4067,0.214
tbn,204,0,88,171.87,111.305,43.1506,0.2193
tbn,204,0,89,172.02,111.465,50.5299,0.2202
tbn,204,0,90,172.155,111.64,54.1634,0.222
tbn,204,0,91,172.27,111.83,63.4349,0.2236
tbn,204,0,92,172.365,112.035,66.8014,0.2285
tbn,204,0,93,172.445,112.25,72.3482,0.2309
tbn,204,0,94,172.505,112.475,77.7351,0.2354
tbn,204,0,95,172.55,112.71,80.5389,0.2433
tbn,204,0,96,172.575,112.955,87.7106,0.2502
tbn,204,0,97,172.58,113.175,90.0,0.19
tbn,204,0,98,171.63,113.27,0.0,1.9
tbn,205,0,0,178.64,115.675,153.4361,0.3354
tbn,205,0,1,178.335,115.8,162.1201,0.3257
tbn,205,0,2,178.02,115.88,169.3805,0.3256
tbn,205,0,3,177.695,115.92,176.5337,0.3306
tbn,205,0,4,177.395,115.925,2.1167,0.2702
tbn,205,0,5,177.13,115.9,8.7482,0.2631
tbn,205,0,6,176.87,115.845,15.0695,0.2693
tbn,205,0,7,176.62,115.77,18.4328,0.253
tbn,205,0,8,176.385,115.675,25.5621,0.255
tbn,205,0,9,176.16,115.555,30.5741,0.2555
tbn,205,0,10,175.945,115.415,35.5432,0.2581
tbn,205,0,11,175.745,115.255,41.8169,0.2549
tbn,205,0,12,175.565,115.075,48.1805,0.255
tbn,205,0,13,175.4,114.88,51.3413,0.2561
tbn,205,0,14,175.255,114.67,59.42,0.2555
tbn,205,0,15,175.135,114.445,64.438,0.2549
tbn,205,0,16,175.035,114.21,69.4463,0.2563
tbn,205,0,17,174.955,113.96,74.932,0.2692
tbn,205,0,18,174.9,113.7,81.2523,0.2631
tbn,205,0,19,174.875,113.43,87.9557,0.2802
tbn,205,0,20,174.875,113.155,92.12,0.2702
tbn,205,0,21,174.9,112.89,98.7477,0.2631
tbn,205,0,22,174.955,112.635,105.6406,0.2596
tbn,205,0,23,175.03,112.39,108.436,0.253
tbn,205,0,24,175.13,112.155,117.5507,0.2594
tbn,205,0,25,175.255,111.935,121.7615,0.247
tbn,205,0,26,175.395,111.73,126.8671,0.25
tbn,205,0,27,175.555,111.54,133.3668,0.2476
tbn,205,0,28,175.735,111.365,138.1757,0.255
tbn,205,0,29,175.93,111.205,143.1329,0.25
tbn,205,0,30,176.14,111.07,151.3907,0.2506
tbn,205,0,31,176.36,110.955,153.4302,0.246
tbn,205,0,32,176.59,110.86,161.5683,0.253
tbn,205,0,33,176.835,110.785,164.3562,0.2596
tbn,205,0,34,177.09,110.735,173.4182,0.2617
tbn,205,0,35,177.35,110.71,175.6039,0.2608
tbn,205,0,36,177.65,110.715,5.0423,0.3413
tbn,205,0,37,177.985,110.76,10.3044,0.3354
tbn,205,0,38,178.315,110.845,18.4326,0.3478
tbn,205,0,39,178.635,110.97,24.307,0.3402
tbn,205,0,40,178.79,111.41,90.0,0.74
tbn,205,0,41,178.64,111.665,37.4735,0.378
tbn,205,0,42,178.33,111.47,26.5661,0.3578
tbn,205,0,43,177.995,111.34,15.9461,0.364
tbn,205,0,44,177.64,111.27,6.3415,0.3622
tbn,205,0,45,177.36,111.255,177.1348,0.2002
tbn,205,0,46,177.16,111.28,168.6875,0.204
tbn,205,0,47,176.965,111.325,165.2601,0.1965
tbn,205,0,48,176.78,111.385,158.7483,0.1931
tbn,205,0,49,176.525,111.515,150.0672,0.3808
tbn,205,0,50,176.215,111.735,139.2372,0.3829
tbn,205,0,51,175.95,112.015,127.7477,0.392
tbn,205,0,52,175.745,112.345,115.9059,0.3891
tbn,205,0,53,175.625,112.615,110.2255,0.2025
tbn,205,0,54,175.57,112.805,101.891,0.1942
tbn,205,0,55,175.535,113.0,98.5299,0.2022
tbn,205,0,56,175.515,113.205,92.7249,0.2102
tbn,205,0,57,175.515,113.415,87.2755,0.2103
tbn,205,0,58,175.535,113.62,81.4688,0.2022
tbn,205,0,59,175.57,113.82,78.6884,0.204
tbn,205,0,60,175.625,114.015,69.7775,0.2025
tbn,205,0,61,175.75,114.285,62.7812,0.3936
tbn,205,0,62,175.955,114.61,52.526,0.378
tbn,205,0,63,176.215,114.89,41.8781,0.3895
tbn,205,0,64,176.53,115.115,29.1941,0.3895
tbn,205,0,65,176.79,115.245,21.2533,0.1931
tbn,205,0,66,176.975,115.31,17.5247,0.1993
tbn,205,0,67,177.17,115.355,8.5306,0.2022
tbn,205,0,68,177.37,115.375,2.8652,0.2002
tbn,205,0,69,177.65,115.365,175.2366,0.3612
tbn,205,0,70,178.0,115.3,163.61,0.3544
tbn,205,0,71,178.335,115.17,154.1333,0.3667
tbn,205,0,72,178.645,114.985,144.0908,0.358
tbn,205,0,73,178.79,115.24,90.0,0.72
tbn,206,0,0,179.825,115.74,0.0,0.65
tbn,206,0,1,179.5,113.265,90.0,4.95
tbn,206,0,2,180.58,110.79,0.0,2.16
tbn,206,0,3,181.66,111.065,90.0,0.55
tbn,206,0,4,180.905,111.34,0.0,1.51
tbn,206,0,5,180.15,113.54,90.0,4.4
tbn,207,0,0,183.395,110.79,0.0,2.69
tbn,207,0,1,184.74,111.065,90.0,0.55
tbn,207,0,2,183.715,111.34,0.0,2.05
tbn,207,0,3,182.69,112.305,90.0,1.93
tbn,207,0,4,183.685,113.27,0.0,1.99
tbn,207,0,5,184.68,113.545,90.0,0.55
tbn,207,0,6,183.685,113.82,0.0,1.99
tbn,207,0,7,182.69,114.51,90.0,1.38
tbn,207,0,8,183.715,115.2,0.0,2.05
tbn,207,0,9,184.74,115.47,90.0,0.54
tbn,207,0,10,183.395,115.74,0.0,2.69
tbn,207,0,11,182.05,113.265,90.0,4.95
tbn,208,0,0,188.745,111.435,113.8389,1.4103
tbn,208,0,1,189.365,110.79,0.0,0.67
tbn,208,0,2,188.51,113.395,114.5515,5.7279
tbn,208,0,3,186.13,113.395,65.4485,5.7279
tbn,208,0,4,185.27,110.79,0.0,0.66
tbn,208,0,5,185.885,111.435,66.1611,1.4103
tbn,208,0,6,187.315,112.08,0.0,2.29
tbn,208,1,0,187.32,112.63,0.0,1.78
tbn,208,1,1,186.875,113.635,66.117,2.1982
tbn,208,1,2,187.765,113.635,113.883,2.1982
tbn,209,0,0,191.83,112.995,10.8832,0.2648
tbn,209,0,1,192.075,113.07,23.4988,0.2508
tbn,209,0,2,192.29,113.195,36.8692,0.25
tbn,209,0,3,192.475,113.355,45.0026,0.2404
tbn,209,0,4,192.63,113.54,55.0097,0.2441
tbn,209,0,5,192.745,113.75,67.7519,0.2377
tbn,209,0,6,192.825,113.98,73.7376,0.25
tbn,209,0,7,192.87,114.23,85.6039,0.2608
tbn,209,0,8,192.86,114.53,96.7088,0.3423
tbn,209,0,9,192.775,114.86,112.1116,0.3454
tbn,209,0,10,192.615,115.16,124.158,0.3384
tbn,209,0,11,192.385,115.41,140.8266,0.3483
tbn,209,0,12,192.09,115.585,157.8903,0.3454
tbn,209,0,13,191.765,115.68,169.6956,0.3354
tbn,209,0,14,191.425,115.725,175.101,0.3513
tbn,209,0,15,191.075,115.74,0.0,0.35
tbn,209,0,16,190.515,115.74,0.0,0.77
tbn,209,0,17,190.13,113.265,90.0,4.95
tbn,209,0,18,190.45,110.79,0.0,0.64
tbn,209,0,19,190.77,111.845,90.0,2.11
tbn,209,0,20,190.9,112.9,0.0,0.26
tbn,209,0,21,191.775,111.845,125.2285,2.5831
tbn,209,0,22,192.885,110.79,0.0,0.73
tbn,209,0,23,192.475,111.88,125.4133,2.6749
tbn,209,1,0,190.855,115.2,0.0,0.17
tbn,209,1,1,191.06,115.195,177.6116,0.2402
tbn,209,1,2,191.3,115.18,175.2391,0.2408
tbn,209,1,3,191.535,115.145,167.7306,0.2354
tbn,209,1,4,191.76,115.085,162.3482,0.2309
tbn,209,1,5,191.96,114.995,148.575,0.2109
tbn,209,1,6,192.125,114.865,135.0,0.2121
tbn,209,1,7,192.245,114.69,114.2256,0.2193
tbn,209,1,8,192.31,114.46,98.7477,0.2631
tbn,209,1,9,192.31,114.205,80.9078,0.2532
tbn,209,1,10,192.25,113.975,69.1443,0.2247
tbn,209,1,11,192.14,113.795,46.9739,0.2052
tbn,209,1,12,191.98,113.665,31.4272,0.2109
tbn,209,1,13,191.79,113.57,21.8059,0.2154
tbn,209,1,14,191.575,113.505,12.2613,0.2354
tbn,209,1,15,191.34,113.47,4.7685,0.2408
tbn,209,1,16,191.095,113.455,2.2859,0.2502
tbn,209,1,17,190.87,113.45,0.0,0.2
tbn,209,1,18,190.77,114.325,90.0,1.75
tbn,210,0,0,196.975,111.435,113.8389,1.4103
tbn,210,0,1,197.595,110.79,0.0,0.67
tbn,210,0,2,196.735,113.395,114.6424,5.7321
tbn,210,0,3,194.35,113.395,65.4485,5.7279
tbn,210,0,4,193.495,110.79,0.0,0.67
tbn,210,0,5,194.115,111.435,66.1611,1.4103
tbn,210,0,6,195.545,112.08,0.0,2.29
tbn,210,1,0,195.545,112.63,0.0,1.77
tbn,210,1,1,195.1,113.635,66.3557,2.1942
tbn,210,1,2,195.985,113.635,113.883,2.1982
tbn,211,0,0,198.67,110.79,0.0,0.64
tbn,211,0,1,198.99,112.66,90.0,3.74
tbn,211,0,2,200.825,112.56,132.968,5.3845
tbn,211,0,3,202.66,113.165,90.0,5.15
tbn,211,0,4,202.34,115.74,0.0,0.64
tbn,211,0,5,202.02,113.935,90.0,3.61
tbn,211,0,6,200.185,114.055,133.6288,5.319
tbn,211,0,7,198.35,113.385,90.0,5.19
tbn,212,0,0,207.035,115.675,152.6505,0.3265
tbn,212,0,1,206.735,115.8,162.121,0.3257
tbn,212,0,2,206.415,115.88,169.6952,0.3354
tbn,212,0,3,206.09,115.92,176.4257,0.3206
tbn,212,0,4,205.795,115.925,2.1167,0.2702
tbn,212,0,5,205.525,115.9,8.4291,0.2729
tbn,212,0,6,205.265,115.845,15.6438,0.2596
tbn,212,0,7,205.015,115.77,17.7419,0.2625
tbn,212,0,8,204.775,115.675,25.5621,0.255
tbn,212,0,9,204.55,115.555,30.5741,0.2555
tbn,212,0,10,204.335,115.415,35.5432,0.2581
tbn,212,0,11,204.135,115.255,41.8169,0.2549
tbn,212,0,12,203.955,115.075,48.1805,0.255
tbn,212,0,13,203.795,114.88,53.1301,0.25
tbn,212,0,14,203.65,114.67,57.5291,0.2608
tbn,212,0,15,203.525,114.445,64.438,0.2549
tbn,212,0,16,203.425,114.21,69.4463,0.2563
tbn,212,0,17,203.345,113.96,74.932,0.2692
tbn,212,0,18,203.29,113.7,81.2523,0.2631
tbn,212,0,19,203.265,113.43,87.9557,0.2802
tbn,212,0,20,203.265,113.155,92.12,0.2702
tbn,212,0,21,203.29,112.89,98.7477,0.2631
tbn,212,0,22,203.345,112.635,105.6406,0.2596
tbn,212,0,23,203.425,112.39,110.556,0.2563
tbn,212,0,24,203.525,112.155,115.559,0.255
tbn,212,0,25,203.645,111.935,121.7615,0.247
tbn,212,0,26,203.785,111.73,126.8671,0.25
tbn,212,0,27,203.945,111.54,133.3668,0.2476
tbn,212,0,28,204.125,111.365,138.1757,0.255
tbn,212,0,29,204.32,111.205,143.1329,0.25
tbn,212,0,30,204.53,111.07,151.3907,0.2506
tbn,212,0,31,204.755,110.955,154.4364,0.255
tbn,212,0,32,204.99,110.86,161.5672,0.253
tbn,212,0,33,205.23,110.785,163.7385,0.25
tbn,212,0,34,205.48,110.735,173.4182,0.2617
tbn,212,0,35,205.74,110.71,175.6039,0.2608
tbn,212,0,36,206.04,110.715,5.0423,0.3413
tbn,212,0,37,206.38,110.76,10.0077,0.3452
tbn,212,0,38,206.715,110.845,18.4326,0.3478
tbn,212,0,39,207.03,110.97,25.019,0.3311
tbn,212,0,40,207.18,111.41,90.0,0.74
tbn,212,0,41,207.035,111.665,38.4163,0.3701
tbn,212,0,42,206.725,111.47,25.8667,0.3667
tbn,212,0,43,206.39,111.34,16.39,0.3544
tbn,212,0,44,206.04,111.27,6.3415,0.3622
tbn,212,0,45,205.755,111.255,177.2709,0.2102
tbn,212,0,46,205.55,111.28,168.6875,0.204
tbn,212,0,47,205.355,111.325,165.2601,0.1965
tbn,212,0,48,205.17,111.385,158.7483,0.1931
tbn,212,0,49,204.915,111.515,150.0672,0.3808
tbn,212,0,50,204.605,111.735,139.2372,0.3829
tbn,212,0,51,204.345,112.015,126.5727,0.386
tbn,212,0,52,204.14,112.345,117.2167,0.3936
tbn,212,0,53,204.02,112.615,107.5273,0.1992
tbn,212,0,54,203.965,112.805,104.7442,0.1965
tbn,212,0,55,203.925,113.0,98.5299,0.2022
tbn,212,0,56,203.905,113.205,92.7249,0.2102
tbn,212,0,57,203.905,113.415,87.2755,0.2103
tbn,212,0,58,203.925,113.62,81.4688,0.2022
tbn,212,0,59,203.965,113.82,75.9638,0.2062
tbn,212,0,60,204.02,114.015,72.4753,0.1993
tbn,212,0,61,204.14,114.285,62.7812,0.3936
tbn,212,0,62,204.35,114.61,51.343,0.3842
tbn,212,0,63,204.615,114.89,41.8781,0.3895
tbn,212,0,64,204.925,115.115,29.9277,0.3808
tbn,212,0,65,205.18,115.245,21.2533,0.1931
tbn,212,0,66,205.365,115.31,17.5247,0.1993
tbn,212,0,67,205.56,115.355,8.5306,0.2022
tbn,212,0,68,205.765,115.375,2.7289,0.2102
tbn,212,0,69,206.045,115.365,175.101,0.3513
tbn,212,0,70,206.395,115.3,164.0539,0.364
tbn,212,0,71,206.73,115.17,153.4349,0.3578
tbn,212,0,72,207.035,114.985,144.0908,0.358
tbn,212,0,73,207.18,115.24,90.0,0.72
tbn,213,0,0,209.245,110.79,0.0,2.69
tbn,213,0,1,210.59,111.065,90.0,0.55
tbn,213,0,2,209.565,111.34,0.0,2.05
tbn,213,0,3,208.54,112.305,90.0,1.93
tbn,213,0,4,209.535,113.27,0.0,1.99
tbn,213,0,5,210.53,113.545,90.0,0.55
tbn,213,0,6,209.535,113.82,0.0,1.99
tbn,213,0,7,208.54,114.51,90.0,1.38
tbn,213,0,8,209.565,115.2,0.0,2.05
tbn,213,0,9,210.59,115.47,90.0,0.54
tbn,213,0,10,209.245,115.74,0.0,2.69
tbn,213,0,11,207.9,113.265,90.0,4.95
tbn,214,0,0,214.05,115.285,125.2144,0.2081
tbn,214,0,1,213.93,115.44,130.607,0.1844
tbn,214,0,2,213.795,115.575,139.0834,0.1985
tbn,214,0,3,213.64,115.69,147.9936,0.1887
tbn,214,0,4,213.475,115.78,154.8023,0.1879
tbn,214,0,5,213.3,115.85,161.5651,0.1897
tbn,214,0,6,213.115,115.9,168.109,0.1942
tbn,214,0,7,212.92,115.925,177.1348,0.2002
tbn,214,0,8,212.68,115.92,4.0894,0.2807
tbn,214,0,9,212.405,115.875,14.5304,0.2789
tbn,214,0,10,212.145,115.79,21.8026,0.2693
tbn,214,0,11,211.91,115.67,32.4738,0.2608
tbn,214,0,12,211.705,115.51,43.4503,0.2617
tbn,214,0,13,211.535,115.31,55.7144,0.2663
tbn,214,0,14,211.415,115.07,70.9049,0.2751
tbn,214,0,15,211.355,114.795,84.0937,0.2915
tbn,214,0,16,211.35,114.53,94.7642,0.2409
tbn,214,0,17,211.395,114.3,107.6518,0.2309
tbn,214,0,18,211.485,114.095,120.065,0.2195
tbn,214,0,19,211.605,113.92,129.0996,0.2061
tbn,214,0,20,211.755,113.765,138.5714,0.2267
tbn,214,0,21,211.935,113.63,147.7257,0.2247
tbn,214,0,22,212.13,113.515,151.1921,0.2282
tbn,214,0,23,212.335,113.41,154.536,0.2326
tbn,214,0,24,212.61,113.285,156.1947,0.3716
tbn,214,0,25,212.935,113.135,154.1752,0.3444
tbn,214,0,26,213.225,112.965,144.8702,0.3301
tbn,214,0,27,213.415,112.81,132.5045,0.1628
tbn,214,0,28,213.515,112.675,120.9638,0.1749
tbn,214,0,29,213.585,112.52,107.3546,0.1676
tbn,214,0,30,213.62,112.345,96.0102,0.1911
tbn,214,0,31,213.62,112.15,84.2877,0.201
tbn,214,0,32,213.585,111.96,74.4744,0.1868
tbn,214,0,33,213.52,111.785,64.8001,0.1879
tbn,214,0,34,213.425,111.625,53.7449,0.186
tbn,214,0,35,213.305,111.49,42.7105,0.1769
tbn,214,0,36,213.16,111.38,32.0064,0.1887
tbn,214,0,37,212.995,111.3,19.4395,0.1803
tbn,214,0,38,212.815,111.26,6.0148,0.1911
tbn,214,0,39,212.625,111.26,173.9852,0.1911
tbn,214,0,40,212.435,111.295,165.2601,0.1965
tbn,214,0,41,212.26,111.365,150.6415,0.1836
tbn,214,0,42,212.11,111.47,139.4028,0.1844
tbn,214,0,43,211.98,111.6,130.5972,0.1844
tbn,214,0,44,211.875,111.75,119.3562,0.1836
tbn,214,0,45,211.8,111.925,107.5247,0.1993
tbn,214,0,46,211.76,112.12,95.7123,0.201
tbn,214,0,47,211.43,112.15,12.3377,0.6551
tbn,214,0,48,211.145,111.935,103.5714,0.2983
tbn,214,0,49,211.235,111.655,112.1645,0.2915
tbn,214,0,50,211.365,111.405,123.1117,0.2746
tbn,214,0,51,211.535,111.19,133.5342,0.2759
tbn,214,0,52,211.74,111.005,142.3037,0.278
tbn,214,0,53,211.975,110.86,154.3599,0.2773
tbn,214,0,54,212.235,110.765,165.4635,0.2789
tbn,214,0,55,212.52,110.715,174.2897,0.3015
tbn,214,0,56,212.83,110.715,5.3555,0.3214
tbn,214,0,57,213.14,110.77,14.9296,0.3105
tbn,214,0,58,213.425,110.88,27.4097,0.3041
tbn,214,0,59,213.68,111.04,36.8681,0.3
tbn,214,0,60,213.9,111.24,47.7269,0.2973
tbn,214,0,61,214.075,111.48,60.0203,0.3002
tbn,214,0,62,214.195,111.76,73.2981,0.3132
tbn,214,0,63,214.255,112.08,84.9577,0.3413
tbn,214,0,64,214.26,112.4,93.8147,0.3007
tbn,214,0,65,214.21,112.68,107.1044,0.272
tbn,214,0,66,214.115,112.92,116.5651,0.246
tbn,214,0,67,213.985,113.13,126.8671,0.25
tbn,214,0,68,213.82,113.315,136.6356,0.2476
tbn,214,0,69,213.62,113.47,147.5319,0.2608
tbn,214,0,70,213.395,113.605,150.5227,0.2642
tbn,214,0,71,213.15,113.725,157.0702,0.2823
tbn,214,0,72,212.845,113.85,158.1969,0.377
tbn,214,0,73,212.55,113.975,155.3784,0.264
tbn,214,0,74,212.32,114.11,143.9722,0.272
tbn,214,0,75,212.165,114.235,135.0049,0.1273
tbn,214,0,76,212.08,114.335,126.0241,0.136
tbn,214,0,77,212.02,114.45,108.4328,0.1265
tbn,214,0,78,211.99,114.58,98.131,0.1414
tbn,214,0,79,211.99,114.73,82.8723,0.1612
tbn,214,0,80,212.025,114.885,71.5668,0.1581
tbn,214,0,81,212.095,115.02,53.1301,0.15
tbn,214,0,82,212.19,115.13,45.0,0.1414
tbn,214,0,83,212.375,115.255,29.0546,0.3089
tbn,214,0,84,212.655,115.355,9.7798,0.2943
tbn,214,0,85,212.93,115.365,173.4182,0.2617
tbn,214,0,86,213.165,115.305,156.8029,0.2285
tbn,214,0,87,213.36,115.185,140.1944,0.2343
tbn,214,0,88,213.525,115.005,125.5404,0.2581
tbn,214,0,89,213.855,115.05,30.4648,0.5917
tbn,215,0,0,215.27,111.425,12.0943,0.1432
tbn,215,0,1,215.14,111.37,33.6867,0.1442
tbn,215,0,2,215.04,111.27,56.315,0.1442
tbn,215,0,3,214.985,111.14,77.9044,0.1432
tbn,215,0,4,214.985,111.0,102.0931,0.1432
tbn,215,0,5,215.04,110.87,123.6917,0.1442
tbn,215,0,6,215.14,110.77,146.3133,0.1442
tbn,215,0,7,215.27,110.715,167.9057,0.1432
tbn,215,0,8,215.41,110.715,12.0943,0.1432
tbn,215,0,9,215.54,110.77,33.6867,0.1442
tbn,215,0,10,215.64,110.87,56.3083,0.1442
tbn,215,0,11,215.695,111.0,77.9069,0.1432
tbn,215,0,12,215.695,111.14,102.0956,0.1432
tbn,215,0,13,215.64,111.27,123.685,0.1442
tbn,215,0,14,215.54,111.37,146.3133,0.1442
tbn,215,0,15,215.41,111.425,167.9057,0.1432
tbn,216,0,0,74.32,105.36,12.994,0.2668
tbn,216,0,1,74.565,105.44,23.5002,0.2508
tbn,216,0,2,74.78,105.56,34.9884,0.2441
tbn,216,0,3,74.965,105.715,45.0026,0.2404
tbn,216,0,4,75.12,105.9,55.0097,0.2441
tbn,216,0,5,75.235,106.115,68.6285,0.247
tbn,216,0,6,75.315,106.35,73.7395,0.25
tbn,216,0,7,75.36,106.595,85.4268,0.2508
tbn,216,0,8,75.35,106.89,96.7101,0.3423
tbn,216,0,9,75.265,107.22,112.1105,0.3454
tbn,216,0,10,75.105,107.52,124.1602,0.3384
tbn,216,0,11,74.875,107.77,140.8258,0.3483
tbn,216,0,12,74.58,107.945,157.8898,0.3454
tbn,216,0,13,74.255,108.045,168.0227,0.3373
tbn,216,0,14,73.915,108.09,176.7313,0.3506
tbn,216,0,15,73.565,108.105,178.3619,0.3501
tbn,216,0,16,73.005,108.11,0.0,0.77
tbn,216,0,17,72.62,105.635,90.0,4.95
tbn,216,0,18,72.94,103.16,0.0,0.64
tbn,216,0,19,73.26,104.21,90.0,2.1
tbn,216,0,20,73.39,105.26,0.0,0.26
tbn,216,0,21,74.265,104.21,125.3565,2.5749
tbn,216,0,22,75.375,103.16,0.0,0.73
tbn,216,0,23,74.965,104.245,125.5376,2.6667
tbn,216,1,0,73.345,107.56,0.0,0.17
tbn,216,1,1,73.55,107.555,177.6118,0.2402
tbn,216,1,2,73.79,107.54,175.2389,0.2408
tbn,216,1,3,74.025,107.505,167.7306,0.2354
tbn,216,1,4,74.25,107.445,162.3482,0.2309
tbn,216,1,5,74.45,107.355,148.5739,0.2109
tbn,216,1,6,74.615,107.225,135.0015,0.2121
tbn,216,1,7,74.735,107.05,114.2256,0.2193
tbn,216,1,8,74.8,106.825,99.0905,0.2532
tbn,216,1,9,74.8,106.57,81.254,0.2631
tbn,216,1,10,74.74,106.335,69.1461,0.2247
tbn,216,1,11,74.63,106.155,46.9739,0.2052
tbn,216,1,12,74.47,106.025,31.4261,0.2109
tbn,216,1,13,74.28,105.93,21.8052,0.2154
tbn,216,1,14,74.065,105.865,12.2621,0.2354
tbn,216,1,15,73.83,105.83,4.7682,0.2408
tbn,216,1,16,73.585,105.82,0.0,0.25
tbn,216,1,17,73.36,105.82,0.0,0.2
tbn,216,1,18,73.26,106.69,90.0,1.74
tbn,217,0,0,77.55,103.16,0.0,2.7
tbn,217,0,1,78.9,103.435,90.0,0.55
tbn,217,0,2,77.87,103.71,0.0,2.06
tbn,217,0,3,76.84,104.67,90.0,1.92
tbn,217,0,4,77.84,105.63,0.0,2.0
tbn,217,0,5,78.84,105.905,90.0,0.55
tbn,217,0,6,77.84,106.18,0.0,2.0
tbn,217,0,7,76.84,106.87,90.0,1.38
tbn,217,0,8,77.87,107.56,0.0,2.06
tbn,217,0,9,78.9,107.835,90.0,0.55
tbn,217,0,10,77.55,108.11,0.0,2.7
tbn,217,0,11,76.2,105.635,90.0,4.95
tbn,218,0,0,82.905,103.8,114.004,1.4012
tbn,218,0,1,83.525,103.16,0.0,0.67
tbn,218,0,2,82.665,105.76,114.6842,5.723
tbn,218,0,3,80.28,105.76,65.4069,5.7188
tbn,218,0,4,79.425,103.16,0.0,0.67
tbn,218,0,5,80.045,103.8,65.996,1.4012
tbn,218,0,6,81.475,104.44,0.0,2.29
tbn,218,1,0,81.475,104.99,0.0,1.77
tbn,218,1,1,81.03,105.995,66.3558,2.1942
tbn,218,1,2,81.915,105.995,113.883,2.1982
tbn,219,0,0,84.795,103.16,0.0,1.03
tbn,219,0,1,85.455,103.165,1.9769,0.2902
tbn,219,0,2,85.74,103.18,4.0834,0.2807
tbn,219,0,3,86.015,103.215,10.4888,0.2746
tbn,219,0,4,86.28,103.275,15.0703,0.2693
tbn,219,0,5,86.535,103.35,17.7482,0.2625
tbn,219,0,6,86.775,103.445,25.5567,0.2549
tbn,219,0,7,87.0,103.56,28.6093,0.2506
tbn,219,0,8,87.21,103.695,36.8692,0.25
tbn,219,0,9,87.4,103.85,41.6341,0.2408
tbn,219,0,10,87.57,104.025,49.8988,0.2484
tbn,219,0,11,87.72,104.22,55.0097,0.2441
tbn,219,0,12,87.85,104.435,62.4493,0.2594
tbn,219,0,13,87.955,104.675,70.2003,0.2657
tbn,219,0,14,88.035,104.93,74.9304,0.2692
tbn,219,0,15,88.095,105.205,80.2188,0.2943
tbn,219,0,16,88.125,105.505,88.152,0.3102
tbn,219,0,17,88.125,105.81,91.9096,0.3002
tbn,219,0,18,88.095,106.1,100.1238,0.2844
tbn,219,0,19,88.035,106.37,105.0679,0.2693
tbn,219,0,20,87.955,106.62,110.5576,0.2563
tbn,219,0,21,87.85,106.85,118.6093,0.2506
tbn,219,0,22,87.72,107.06,124.9903,0.2441
tbn,219,0,23,87.565,107.25,133.3656,0.2476
tbn,219,0,24,87.39,107.425,136.6344,0.2476
tbn,219,0,25,87.2,107.58,145.0106,0.2441
tbn,219,0,26,86.99,107.71,151.3907,0.2506
tbn,219,0,27,86.765,107.82,156.4998,0.2508
tbn,219,0,28,86.53,107.915,159.4452,0.2563
tbn,219,0,29,86.28,107.99,167.0056,0.2668
tbn,219,0,30,86.02,108.045,169.1107,0.2648
tbn,219,0,31,85.75,108.085,173.8847,0.2816
tbn,219,0,32,85.47,108.105,177.9526,0.2802
tbn,219,0,33,84.805,108.11,0.0,1.05
tbn,219,0,34,84.28,105.635,90.0,4.95
tbn,219,1,0,85.03,107.56,0.0,0.22
tbn,219,1,1,85.255,107.555,177.5156,0.2302
tbn,219,1,2,85.485,107.54,175.0255,0.2309
tbn,219,1,3,85.71,107.515,172.2352,0.222
tbn,219,1,4,85.93,107.48,169.6931,0.2236
tbn,219,1,5,86.14,107.43,163.3012,0.2088
tbn,219,1,6,86.34,107.365,160.7163,0.2119
tbn,219,1,7,86.53,107.285,153.4272,0.2013
tbn,219,1,8,86.705,107.19,149.5414,0.1972
tbn,219,1,9,86.865,107.08,141.3345,0.1921
tbn,219,1,10,87.01,106.95,135.0031,0.198
tbn,219,1,11,87.14,106.8,126.8681,0.2
tbn,219,1,12,87.25,106.635,120.4677,0.1972
tbn,219,1,13,87.34,106.45,111.8007,0.2154
tbn,219,1,14,87.41,106.24,105.2563,0.228
tbn,219,1,15,87.46,106.01,99.4611,0.2433
tbn,219,1,16,87.485,105.76,92.203,0.2602
tbn,219,1,17,87.485,105.5,87.797,0.2602
tbn,219,1,18,87.46,105.25,80.5389,0.2433
tbn,219,1,19,87.41,105.025,74.0527,0.2184
tbn,219,1,20,87.34,104.82,68.1993,0.2154
tbn,219,1,21,87.25,104.63,60.9448,0.2059
tbn,219,1,22,87.14,104.46,53.1319,0.2
tbn,219,1,23,87.01,104.315,42.8801,0.1911
tbn,219,1,24,86.865,104.19,38.6584,0.1921
tbn,219,1,25,86.705,104.075,32.9081,0.2025
tbn,219,1,26,86.53,103.975,26.5651,0.2012
tbn,219,1,27,86.34,103.895,19.2837,0.2119
tbn,219,1,28,86.14,103.83,16.6988,0.2088
tbn,219,1,29,85.93,103.78,10.3069,0.2236
tbn,219,1,30,85.71,103.745,7.7648,0.222
tbn,219,1,31,85.485,103.72,4.9745,0.2309
tbn,219,1,32,85.255,103.71,0.0,0.23
tbn,219,1,33,85.03,103.71,0.0,0.22
tbn,219,1,34,84.92,105.635,90.0,3.85
tbn,220,0,0,89.245,103.16,0.0,1.15
tbn,220,0,1,89.975,103.165,1.8494,0.3102
tbn,220,0,2,90.285,103.2,10.9537,0.3158
tbn,220,0,3,90.58,103.28,19.6545,0.2973
tbn,220,0,4,90.85,103.405,29.9812,0.3002
tbn,220,0,5,91.09,103.575,40.8153,0.2907
tbn,220,0,6,91.285,103.79,54.688,0.2941
tbn,220,0,7,91.4,103.98,66.8018,0.1523
tbn,220,0,8,91.45,104.13,75.9612,0.1649
tbn,220,0,9,91.485,104.29,79.381,0.1628
tbn,220,0,10,91.505,104.46,86.8223,0.1803
tbn,220,0,11,91.5,104.66,95.1942,0.2209
tbn,220,0,12,91.465,104.875,103.3919,0.2159
tbn,220,0,13,91.395,105.08,114.2288,0.2193
tbn,220,0,14,91.29,105.27,123.6873,0.2164
tbn,220,0,15,91.155,105.44,133.156,0.2193
tbn,220,0,16,90.995,105.58,144.7776,0.2081
tbn,220,0,17,90.815,105.69,152.2466,0.2147
tbn,220,0,18,90.62,105.77,163.2937,0.2088
tbn,220,0,19,90.52,105.805,90.0,0.01
tbn,220,0,20,90.635,105.89,34.8247,0.2802
tbn,220,0,21,90.835,106.085,53.5324,0.286
tbn,220,0,22,90.97,106.335,69.6764,0.2879
tbn,220,0,23,91.04,106.605,81.5725,0.2729
tbn,220,0,24,91.05,106.84,95.7093,0.201
tbn,220,0,25,91.03,107.03,96.3418,0.1811
tbn,220,0,26,90.995,107.205,106.3869,0.1772
tbn,220,0,27,90.94,107.36,113.2027,0.1523
tbn,220,0,28,90.825,107.55,125.3086,0.2941
tbn,220,0,29,90.63,107.76,140.7119,0.2842
tbn,220,0,30,90.385,107.91,156.0381,0.2955
tbn,220,0,31,90.105,108.01,164.5747,0.3008
tbn,220,0,32,89.8,108.07,172.8789,0.3225
tbn,220,0,33,89.47,108.1,176.6303,0.3406
tbn,220,0,34,88.985,108.11,0.0,0.63
tbn,220,0,35,88.67,105.635,90.0,4.95
tbn,220,1,0,89.395,107.56,0.0,0.17
tbn,220,1,1,89.585,107.555,177.2793,0.2102
tbn,220,1,2,89.785,107.54,173.9852,0.1911
tbn,220,1,3,89.965,107.505,163.6141,0.1772
tbn,220,1,4,90.125,107.445,154.981,0.1655
tbn,220,1,5,90.265,107.355,139.7685,0.1703
tbn,220,1,6,90.375,107.23,122.7314,0.1664
tbn,220,1,7,90.45,107.065,107.5247,0.1993
tbn,220,1,8,90.49,106.855,94.9706,0.2309
tbn,220,1,9,90.49,106.62,85.2352,0.2408
tbn,220,1,10,90.45,106.405,72.4753,0.1993
tbn,220,1,11,90.375,106.235,59.0362,0.1749
tbn,220,1,12,90.265,106.105,40.2315,0.1703
tbn,220,1,13,90.125,106.015,25.019,0.1655
tbn,220,1,14,89.96,105.96,12.5314,0.1844
tbn,220,1,15,89.77,105.925,8.5306,0.2022
tbn,220,1,16,89.57,105.91,0.0,0.2
tbn,220,1,17,89.39,105.91,0.0,0.16
tbn,220,1,18,89.31,106.735,90.0,1.65
tbn,220,2,0,89.495,105.45,0.0,0.37
tbn,220,2,1,89.78,105.445,177.1348,0.2002
tbn,220,2,2,89.985,105.425,171.8702,0.2121
tbn,220,2,3,90.19,105.385,165.9674,0.2062
tbn,220,2,4,90.38,105.325,158.7475,0.1931
tbn,220,2,5,90.55,105.23,143.1305,0.2
tbn,220,2,6,90.695,105.1,132.8753,0.1911
tbn,220,2,7,90.8,104.93,111.8037,0.2154
tbn,220,2,8,90.855,104.71,97.1241,0.2419
tbn,220,2,9,90.86,104.47,85.237,0.2408
tbn,220,2,10,90.81,104.25,68.1993,0.2154
tbn,220,2,11,90.715,104.075,53.7449,0.186
tbn,220,2,12,90.59,103.94,40.6003,0.1844
tbn,220,2,13,90.435,103.84,25.1977,0.1879
tbn,220,2,14,90.255,103.77,17.5331,0.1993
tbn,220,2,15,90.06,103.725,8.5306,0.2022
tbn,220,2,16,89.86,103.71,0.0,0.2
tbn,220,2,17,89.535,103.71,0.0,0.45
tbn,220,2,18,89.31,104.58,90.0,1.74
tbn,221,0,0,95.465,103.8,114.004,1.4012
tbn,221,0,1,96.085,103.16,0.0,0.67
tbn,221,0,2,95.23,105.76,114.5931,5.7188
tbn,221,0,3,92.845,105.76,65.3158,5.723
tbn,221,0,4,91.985,103.16,0.0,0.67
tbn,221,0,5,92.605,103.8,65.996,1.4012
tbn,221,0,6,94.035,104.44,0.0,2.29
tbn,221,1,0,94.035,104.99,0.0,1.77
tbn,221,1,1,93.595,105.995,66.117,2.1982
tbn,221,1,2,94.48,105.995,113.6442,2.1942
tbn,222,0,0,100.345,108.035,152.6511,0.3265
tbn,222,0,1,100.045,108.16,162.1201,0.3257
tbn,222,0,2,99.725,108.24,169.6956,0.3354
tbn,222,0,3,99.4,108.28,176.4256,0.3206
tbn,222,0,4,99.105,108.285,2.1167,0.2702
tbn,222,0,5,98.835,108.26,8.4286,0.273
tbn,222,0,6,98.575,108.21,13.4952,0.2571
tbn,222,0,7,98.325,108.135,19.7981,0.2657
tbn,222,0,8,98.085,108.035,25.5636,0.255
tbn,222,0,9,97.86,107.915,30.5741,0.2555
tbn,222,0,10,97.645,107.775,35.5422,0.2581
tbn,222,0,11,97.445,107.615,41.8169,0.2549
tbn,222,0,12,97.265,107.44,46.6357,0.2476
tbn,222,0,13,97.105,107.245,54.4649,0.2581
tbn,222,0,14,96.96,107.035,56.309,0.2524
tbn,222,0,15,96.835,106.815,64.441,0.255
tbn,222,0,16,96.735,106.575,70.2003,0.2657
tbn,222,0,17,96.655,106.32,74.9304,0.2692
tbn,222,0,18,96.6,106.06,81.254,0.2631
tbn,222,0,19,96.575,105.79,87.9557,0.2802
tbn,222,0,20,96.575,105.515,92.12,0.2702
tbn,222,0,21,96.6,105.25,98.746,0.2631
tbn,222,0,22,96.655,104.995,105.6422,0.2596
tbn,222,0,23,96.735,104.75,110.5576,0.2563
tbn,222,0,24,96.835,104.515,115.559,0.255
tbn,222,0,25,96.955,104.295,121.76,0.247
tbn,222,0,26,97.095,104.09,126.8685,0.25
tbn,222,0,27,97.255,103.9,133.3643,0.2476
tbn,222,0,28,97.435,103.725,138.1779,0.255
tbn,222,0,29,97.63,103.57,145.0106,0.2441
tbn,222,0,30,97.84,103.435,149.42,0.2555
tbn,222,0,31,98.065,103.315,154.4371,0.255
tbn,222,0,32,98.3,103.22,161.5678,0.253
tbn,222,0,33,98.54,103.15,165.9642,0.2474
tbn,222,0,34,98.79,103.1,171.2521,0.2631
tbn,222,0,35,99.05,103.075,177.7953,0.2602
tbn,222,0,36,99.35,103.08,3.3698,0.3406
tbn,222,0,37,99.69,103.12,10.0075,0.3453
tbn,222,0,38,100.025,103.205,18.433,0.3478
tbn,222,0,39,100.34,103.33,25.019,0.3311
tbn,222,0,40,100.49,103.77,90.0,0.74
tbn,222,0,41,100.345,104.025,38.4156,0.3701
tbn,222,0,42,100.035,103.83,25.8667,0.3667
tbn,222,0,43,99.7,103.7,16.3907,0.3544
tbn,222,0,44,99.345,103.63,6.1714,0.3722
tbn,222,0,45,99.06,103.62,174.2838,0.201
tbn,222,0,46,98.86,103.645,171.4698,0.2022
tbn,222,0,47,98.665,103.685,165.2595,0.1965
tbn,222,0,48,98.48,103.745,158.7475,0.1931
tbn,222,0,49,98.225,103.875,150.0683,0.3808
tbn,222,0,50,97.915,104.1,138.1245,0.3895
tbn,222,0,51,97.655,104.38,127.474,0.378
tbn,222,0,52,97.45,104.705,117.2157,0.3936
tbn,222,0,53,97.33,104.975,107.5294,0.1992
tbn,222,0,54,97.275,105.165,104.7421,0.1965
tbn,222,0,55,97.235,105.36,98.5299,0.2022
tbn,222,0,56,97.215,105.565,92.727,0.2102
tbn,222,0,57,97.215,105.775,87.2734,0.2103
tbn,222,0,58,97.235,105.98,81.4688,0.2022
tbn,222,0,59,97.275,106.18,75.9658,0.2062
tbn,222,0,60,97.33,106.375,72.4732,0.1993
tbn,222,0,61,97.45,106.645,62.7822,0.3936
tbn,222,0,62,97.66,106.975,52.256,0.3921
tbn,222,0,63,97.92,107.255,41.7604,0.3754
tbn,222,0,64,98.23,107.475,29.1936,0.3895
tbn,222,0,65,98.49,107.61,23.9679,0.197
tbn,222,0,66,98.675,107.675,14.7399,0.1965
tbn,222,0,67,98.87,107.715,8.5302,0.2022
tbn,222,0,68,99.075,107.735,2.729,0.2102
tbn,222,0,69,99.355,107.725,175.1011,0.3513
tbn,222,0,70,99.705,107.66,164.0536,0.364
tbn,222,0,71,100.04,107.535,154.886,0.3534
tbn,222,0,72,100.345,107.35,142.8152,0.364
tbn,222,0,73,100.49,107.6,90.0,0.72
tbn,223,0,0,101.85,107.055,90.0,2.11
tbn,223,0,1,101.53,108.11,0.0,0.64
tbn,223,0,2,101.21,105.635,90.0,4.95
tbn,223,0,3,101.53,103.16,0.0,0.64
tbn,223,0,4,101.85,104.215,90.0,2.11
tbn,223,0,5,101.975,105.385,42.6154,0.3397
tbn,223,0,6,103.04,104.33,128.7791,3.0017
tbn,223,0,7,104.395,103.16,0.0,0.83
tbn,223,0,8,103.675,104.54,129.4359,3.5736
tbn,223,0,9,103.655,107.015,44.4812,3.1255
tbn,223,0,10,104.365,108.11,0.0,0.81
tbn,223,0,11,102.905,107.055,44.9998,2.984
tbn,224,0,0,109.19,108.285,2.2047,0.2602
tbn,224,0,1,108.93,108.26,8.7416,0.2631
tbn,224,0,2,108.68,108.205,16.2615,0.25
tbn,224,0,3,108.44,108.13,18.4388,0.253
tbn,224,0,4,108.205,108.035,25.5567,0.2549
tbn,224,0,5,107.98,107.915,30.5809,0.2555
tbn,224,0,6,107.77,107.775,36.8681,0.25
tbn,224,0,7,107.575,107.615,41.8232,0.255
tbn,224,0,8,107.395,107.44,46.6344,0.2476
tbn,224,0,9,107.235,107.25,53.1315,0.25
tbn,224,0,10,107.095,107.04,59.418,0.2555
tbn,224,0,11,106.975,106.815,64.441,0.255
tbn,224,0,12,106.875,106.58,69.444,0.2563
tbn,224,0,13,106.795,106.335,74.3578,0.2596
tbn,224,0,14,106.74,106.08,81.254,0.2631
tbn,224,0,15,106.715,105.815,87.8784,0.2702
tbn,224,0,16,106.715,105.54,92.0456,0.2802
tbn,224,0,17,106.74,105.265,98.4275,0.2729
tbn,224,0,18,106.795,105.0,105.0679,0.2693
tbn,224,0,19,106.875,104.75,110.556,0.2563
tbn,224,0,20,106.975,104.515,115.559,0.255
tbn,224,0,21,107.095,104.29,120.582,0.2555
tbn,224,0,22,107.235,104.085,128.2901,0.2421
tbn,224,0,23,107.395,103.895,131.8208,0.255
tbn,224,0,24,107.575,103.72,139.8977,0.2484
tbn,224,0,25,107.77,103.565,143.1319,0.25
tbn,224,0,26,107.975,103.43,150.2497,0.2419
tbn,224,0,27,108.195,103.315,154.4426,0.2549
tbn,224,0,28,108.43,103.22,161.5683,0.253
tbn,224,0,29,108.675,103.145,164.3562,0.2596
tbn,224,0,30,108.93,103.095,173.4182,0.2617
tbn,224,0,31,109.19,103.075,177.7953,0.2602
tbn,224,0,32,109.455,103.075,2.1232,0.2702
tbn,224,0,33,109.715,103.095,6.8425,0.2518
tbn,224,0,34,109.965,103.145,15.6438,0.2596
tbn,224,0,35,110.21,103.22,18.4317,0.253
tbn,224,0,36,110.445,103.315,25.5574,0.2549
tbn,224,0,37,110.67,103.43,28.6155,0.2506
tbn,224,0,38,110.88,103.565,36.8681,0.25
tbn,224,0,39,111.07,103.72,41.6353,0.2408
tbn,224,0,40,111.245,103.895,48.1792,0.255
tbn,224,0,41,111.405,104.085,51.7099,0.2421
tbn,224,0,42,111.55,104.29,57.5255,0.2607
tbn,224,0,43,111.675,104.515,64.441,0.255
tbn,224,0,44,111.775,104.75,69.444,0.2563
tbn,224,0,45,111.85,105.0,77.0064,0.2668
tbn,224,0,46,111.9,105.265,81.5725,0.2729
tbn,224,0,47,111.93,105.54,85.9139,0.2807
tbn,224,0,48,111.93,105.815,94.2375,0.2707
tbn,224,0,49,111.9,106.08,98.746,0.2631
tbn,224,0,50,111.85,106.335,103.4952,0.2571
tbn,224,0,51,111.775,106.58,110.556,0.2563
tbn,224,0,52,111.67,106.815,117.5522,0.2594
tbn,224,0,53,111.545,107.04,120.582,0.2555
tbn,224,0,54,111.405,107.25,126.8685,0.25
tbn,224,0,55,111.245,107.44,133.3656,0.2476
tbn,224,0,56,111.065,107.615,138.1768,0.255
tbn,224,0,57,110.87,107.775,143.1319,0.25
tbn,224,0,58,110.66,107.915,149.4191,0.2555
tbn,224,0,59,110.44,108.035,153.4381,0.246
tbn,224,0,60,110.21,108.13,161.5618,0.253
tbn,224,0,61,109.965,108.205,164.3562,0.2596
tbn,224,0,62,109.71,108.26,171.2584,0.2631
tbn,224,0,63,109.45,108.285,177.7953,0.2602
tbn,224,1,0,109.22,103.615,177.1435,0.2002
tbn,224,1,1,109.025,103.64,168.109,0.1942
tbn,224,1,2,108.835,103.685,165.2515,0.1965
tbn,224,1,3,108.65,103.74,161.5658,0.1897
tbn,224,1,4,108.395,103.865,150.0677,0.3808
tbn,224,1,5,108.085,104.085,139.2365,0.3829
tbn,224,1,6,107.815,104.36,129.8067,0.3905
tbn,224,1,7,107.6,104.685,117.2157,0.3936
tbn,224,1,8,107.475,104.955,110.2245,0.2025
tbn,224,1,9,107.415,105.15,104.0383,0.2061
tbn,224,1,10,107.375,105.355,98.1289,0.2122
tbn,224,1,11,107.355,105.57,92.6031,0.2202
tbn,224,1,12,107.355,105.785,87.273,0.2102
tbn,224,1,13,107.375,105.99,81.4688,0.2022
tbn,224,1,14,107.41,106.185,78.1112,0.1942
tbn,224,1,15,107.465,106.375,69.7755,0.2025
tbn,224,1,16,107.585,106.645,64.0941,0.3891
tbn,224,1,17,107.785,106.975,53.4264,0.386
tbn,224,1,18,108.045,107.255,40.7635,0.3829
tbn,224,1,19,108.355,107.48,31.2204,0.3859
tbn,224,1,20,108.615,107.615,20.2185,0.2025
tbn,224,1,21,108.805,107.675,14.7485,0.1965
tbn,224,1,22,109.005,107.715,8.1298,0.2121
tbn,224,1,23,109.215,107.735,2.729,0.2102
tbn,224,1,24,109.43,107.735,177.3949,0.2202
tbn,224,1,25,109.64,107.715,171.4694,0.2022
tbn,224,1,26,109.835,107.675,165.2515,0.1965
tbn,224,1,27,110.025,107.615,159.7815,0.2025
tbn,224,1,28,110.285,107.48,148.7796,0.3859
tbn,224,1,29,110.595,107.255,139.2365,0.3829
tbn,224,1,30,110.86,106.975,127.7477,0.392
tbn,224,1,31,111.065,106.645,115.9059,0.3891
tbn,224,1,32,111.18,106.375,107.5247,0.1993
tbn,224,1,33,111.235,106.185,104.7442,0.1965
tbn,224,1,34,111.27,105.99,95.7102,0.201
tbn,224,1,35,111.285,105.785,92.727,0.2102
tbn,224,1,36,111.285,105.57,87.3969,0.2202
tbn,224,1,37,111.265,105.355,81.8711,0.2122
tbn,224,1,38,111.225,105.15,75.9617,0.2061
tbn,224,1,39,111.17,104.955,72.4753,0.1993
tbn,224,1,40,111.045,104.685,61.5045,0.3983
tbn,224,1,41,110.83,104.36,51.3393,0.3842
tbn,224,1,42,110.56,104.085,39.8053,0.3905
tbn,224,1,43,110.245,103.865,29.9323,0.3808
tbn,224,1,44,109.99,103.74,18.4342,0.1897
tbn,224,1,45,109.805,103.685,14.7485,0.1965
tbn,224,1,46,109.615,103.64,11.891,0.1942
tbn,224,1,47,109.42,103.615,2.8565,0.2002
tbn,225,0,0,114.97,107.835,90.0,0.55
tbn,225,0,1,113.755,108.11,0.0,2.43
tbn,225,0,2,112.54,105.635,90.0,4.95
tbn,225,0,3,112.86,103.16,0.0,0.64
tbn,225,0,4,113.18,104.395,90.0,2.47
tbn,225,0,5,114.045,105.63,0.0,1.73
tbn,225,0,6,114.91,105.905,90.0,0.55
tbn,225,0,7,114.045,106.18,0.0,1.73
tbn,225,0,8,113.18,106.87,90.0,1.38
tbn,225,0,9,114.075,107.56,0.0,1.79
tbn,226,0,0,120.845,103.8,114.004,1.4012
tbn,226,0,1,121.465,103.16,0.0,0.67
tbn,226,0,2,120.605,105.76,114.6842,5.723
tbn,226,0,3,118.22,105.76,65.4069,5.7188
tbn,226,0,4,117.365,103.16,0.0,0.67
tbn,226,0,5,117.985,103.8,65.996,1.4012
tbn,226,0,6,119.415,104.44,0.0,2.29
tbn,226,1,0,119.41,104.99,0.0,1.78
tbn,226,1,1,118.965,105.995,66.117,2.1982
tbn,226,1,2,119.855,105.995,113.883,2.1982
tbn,227,0,0,122.54,108.11,0.0,0.64
tbn,227,0,1,122.22,105.635,90.0,4.95
tbn,227,0,2,123.295,103.16,0.0,2.15
tbn,227,0,3,124.37,103.435,90.0,0.55
tbn,227,0,4,123.615,103.71,0.0,1.51
tbn,227,0,5,122.86,105.91,90.0,4.4
tbn,228,0,0,125.08,108.11,0.0,0.64
tbn,228,0,1,124.76,105.635,90.0,4.95
tbn,228,0,2,125.84,103.16,0.0,2.16
tbn,228,0,3,126.92,103.435,90.0,0.55
tbn,228,0,4,126.16,103.71,0.0,1.52
tbn,228,0,5,125.4,105.91,90.0,4.4
tbn,229,0,0,130.91,105.36,12.9944,0.2668
tbn,229,0,1,131.155,105.44,23.4988,0.2508
tbn,229,0,2,131.375,105.56,33.6881,0.2524
tbn,229,0,3,131.56,105.715,46.7373,0.2335
tbn,229,0,4,131.71,105.9,55.0097,0.2441
tbn,229,0,5,131.83,106.115,66.4984,0.2508
tbn,229,0,6,131.91,106.35,75.9655,0.2474
tbn,229,0,7,131.95,106.595,85.4286,0.2508
tbn,229,0,8,131.94,106.89,96.7088,0.3423
tbn,229,0,9,131.86,107.22,110.5566,0.3417
tbn,229,0,10,131.7,107.52,125.5374,0.3441
tbn,229,0,11,131.47,107.77,139.7645,0.3406
tbn,229,0,12,131.18,107.945,157.8893,0.3454
tbn,229,0,13,130.85,108.045,168.3656,0.3471
tbn,229,0,14,130.505,108.09,176.7312,0.3506
tbn,229,0,15,130.16,108.105,178.3137,0.3401
tbn,229,0,16,129.6,108.11,0.0,0.78
tbn,229,0,17,129.21,105.635,90.0,4.95
tbn,229,0,18,129.53,103.16,0.0,0.64
tbn,229,0,19,129.85,104.21,90.0,2.1
tbn,229,0,20,129.985,105.26,0.0,0.27
tbn,229,0,21,130.86,104.21,125.1748,2.5691
tbn,229,0,22,131.97,103.16,0.0,0.74
tbn,229,0,23,131.56,104.245,125.7119,2.6726
tbn,229,1,0,129.935,107.56,0.0,0.17
tbn,229,1,1,130.14,107.555,177.6116,0.2402
tbn,229,1,2,130.38,107.54,175.2391,0.2408
tbn,229,1,3,130.62,107.505,168.2278,0.2452
tbn,229,1,4,130.845,107.445,161.5626,0.2214
tbn,229,1,5,131.045,107.355,149.935,0.2195
tbn,229,1,6,131.21,107.225,133.0261,0.2052
tbn,229,1,7,131.33,107.05,116.5651,0.2236
tbn,229,1,8,131.395,106.825,96.8425,0.2518
tbn,229,1,9,131.395,106.57,83.4186,0.2617
tbn,229,1,10,131.335,106.335,66.7979,0.2285
tbn,229,1,11,131.22,106.155,46.9739,0.2052
tbn,229,1,12,131.065,106.025,32.902,0.2025
tbn,229,1,13,130.875,105.93,20.8593,0.2247
tbn,229,1,14,130.655,105.865,12.2613,0.2354
tbn,229,1,15,130.42,105.83,4.7685,0.2408
tbn,229,1,16,130.18,105.82,0.0,0.24
tbn,229,1,17,129.955,105.82,0.0,0.21
tbn,229,1,18,129.85,106.69,90.0,1.74
tbn,230,0,0,132.7,106.545,90.0,3.13
tbn,230,0,1,132.705,104.875,92.7249,0.2102
tbn,230,0,2,132.725,104.675,98.9722,0.1924
tbn,230,0,3,132.76,104.485,101.891,0.1942
tbn,230,0,4,132.805,104.3,105.5256,0.1868
tbn,230,0,5,132.91,104.05,116.5629,0.3578
tbn,230,0,6,133.095,103.75,126.8709,0.35
tbn,230,0,7,133.33,103.495,138.5016,0.3471
tbn,230,0,8,133.615,103.295,151.2636,0.3536
tbn,230,0,9,133.86,103.18,161.5651,0.1897
tbn,230,0,10,134.04,103.125,164.4699,0.1868
tbn,230,0,11,134.23,103.085,171.4701,0.2022
tbn,230,0,12,134.435,103.07,0.0,0.21
tbn,230,0,13,134.64,103.07,0.0,0.2
tbn,230,0,14,134.84,103.085,8.5299,0.2022
tbn,230,0,15,135.035,103.125,14.7497,0.1965
tbn,230,0,16,135.215,103.18,19.4379,0.1803
tbn,230,0,17,135.46,103.295,27.9777,0.3623
tbn,230,0,18,135.75,103.495,41.4984,0.3471
tbn,230,0,19,135.985,103.75,53.1291,0.35
tbn,230,0,20,136.165,104.05,64.8866,0.3534
tbn,230,0,21,136.27,104.3,71.5607,0.1897
tbn,230,0,22,136.32,104.485,78.1134,0.1942
tbn,230,0,23,136.35,104.675,83.9898,0.1911
tbn,230,0,24,136.365,104.875,87.2751,0.2102
tbn,230,0,25,136.37,106.545,90.0,3.13
tbn,230,0,26,136.05,108.11,0.0,0.64
tbn,230,0,27,135.73,106.65,90.0,2.92
tbn,230,0,28,135.725,105.04,88.0918,0.3002
tbn,230,0,29,135.7,104.745,82.1453,0.2928
tbn,230,0,30,135.64,104.465,73.4946,0.2816
tbn,230,0,31,135.545,104.215,64.441,0.255
tbn,230,0,32,135.41,104.0,51.3397,0.2561
tbn,230,0,33,135.225,103.825,35.5357,0.2581
tbn,230,0,34,135.06,103.72,26.5767,0.1342
tbn,230,0,35,134.93,103.67,15.9371,0.1456
tbn,230,0,36,134.785,103.635,11.3088,0.153
tbn,230,0,37,134.625,103.62,0.0,0.17
tbn,230,0,38,134.455,103.62,0.0,0.17
tbn,230,0,39,134.29,103.635,169.381,0.1628
tbn,230,0,40,134.14,103.67,164.0629,0.1456
tbn,230,0,41,134.01,103.72,153.4233,0.1342
tbn,230,0,42,133.845,103.825,144.4643,0.2581
tbn,230,0,43,133.66,104.0,128.6603,0.2561
tbn,230,0,44,133.525,104.215,115.559,0.255
tbn,230,0,45,133.435,104.465,104.5365,0.2789
tbn,230,0,46,133.38,104.745,97.8518,0.2928
tbn,230,0,47,133.355,105.04,91.9111,0.3002
tbn,230,0,48,133.35,106.65,90.0,2.92
tbn,230,0,49,133.025,108.11,0.0,0.65
tbn,231,0,0,137.53,103.16,0.0,0.64
tbn,231,0,1,137.85,105.025,90.0,3.73
tbn,231,0,2,139.685,104.92,132.968,5.3845
tbn,231,0,3,141.52,105.53,90.0,5.16
tbn,231,0,4,141.2,108.11,0.0,0.64
tbn,231,0,5,140.88,106.3,90.0,3.62
tbn,231,0,6,139.045,106.415,133.6288,5.319
tbn,231,0,7,137.21,105.75,90.0,5.18
tbn,232,0,0,142.185,108.11,0.0,0.67
tbn,232,0,1,142.885,105.54,111.9357,5.5412
tbn,232,0,2,144.625,104.795,68.8785,3.9129
tbn,232,0,3,146.035,104.795,111.1215,3.9129
tbn,232,0,4,147.775,105.54,68.0643,5.5412
tbn,232,0,5,148.475,108.11,0.0,0.67
tbn,232,0,6,147.44,106.345,68.3668,3.7975
tbn,232,0,7,146.035,106.435,110.8096,3.9689
tbn,232,0,8,144.625,106.475,68.7723,3.8942
tbn,232,0,9,143.22,106.385,112.087,3.7232
tbn,233,0,0,152.435,103.8,114.0043,1.4012
tbn,233,0,1,153.055,103.16,0.0,0.67
tbn,233,0,2,152.2,105.76,114.5932,5.7188
tbn,233,0,3,149.815,105.76,65.3158,5.723
tbn,233,0,4,148.955,103.16,0.0,0.67
tbn,233,0,5,149.575,103.8,65.9957,1.4012
tbn,233,0,6,151.005,104.44,0.0,2.29
tbn,233,1,0,151.01,104.99,0.0,1.78
tbn,233,1,1,150.565,105.995,66.117,2.1982
tbn,233,1,2,151.455,105.995,113.883,2.1982
tbn,234,0,0,154.92,104.255,90.0,2.19
tbn,234,0,1,155.24,103.16,0.0,0.64
tbn,234,0,2,155.56,104.255,90.0,2.19
tbn,234,0,3,156.37,106.73,59.5891,3.2003
tbn,234,0,4,156.825,108.11,0.0,0.71
tbn,234,0,5,155.855,107.075,59.2813,2.4079
tbn,234,0,6,154.62,107.075,120.9231,2.413
tbn,234,0,7,153.645,108.11,0.0,0.71
tbn,234,0,8,154.105,106.73,120.5652,3.2054
tbn,235,0,0,160.15,107.1,90.0,2.02
tbn,235,0,1,159.83,108.11,0.0,0.64
tbn,235,0,2,159.51,105.635,90.0,4.95
tbn,235,0,3,159.83,103.16,0.0,0.64
tbn,235,0,4,160.15,104.35,90.0,2.38
tbn,235,0,5,161.295,105.54,0.0,2.29
tbn,235,0,6,162.44,104.35,90.0,2.38
tbn,235,0,7,162.76,103.16,0.0,0.64
tbn,235,0,8,163.08,105.635,90.0,4.95
tbn,235,0,9,162.76,108.11,0.0,0.64
tbn,235,0,10,162.44,107.1,90.0,2.02
tbn,235,0,11,161.295,106.09,0.0,2.29
tbn,236,0,0,166.08,108.285,2.2048,0.2602
tbn,236,0,1,165.82,108.26,8.7411,0.2631
tbn,236,0,2,165.565,108.205,15.6438,0.2596
tbn,236,0,3,165.32,108.13,18.4393,0.253
tbn,236,0,4,165.085,108.035,25.5559,0.255
tbn,236,0,5,164.865,107.915,31.7615,0.247
tbn,236,0,6,164.66,107.775,36.8692,0.25
tbn,236,0,7,164.465,107.615,41.8221,0.255
tbn,236,0,8,164.285,107.44,46.6357,0.2476
tbn,236,0,9,164.125,107.25,53.1301,0.25
tbn,236,0,10,163.985,107.04,59.4194,0.2555
tbn,236,0,11,163.86,106.815,62.4463,0.2594
tbn,236,0,12,163.755,106.58,69.444,0.2563
tbn,236,0,13,163.68,106.335,76.5048,0.2571
tbn,236,0,14,163.63,106.08,81.2523,0.2631
tbn,236,0,15,163.6,105.815,85.7658,0.2707
tbn,236,0,16,163.6,105.54,94.083,0.2807
tbn,236,0,17,163.63,105.265,98.4291,0.2729
tbn,236,0,18,163.68,105.0,102.9936,0.2668
tbn,236,0,19,163.755,104.75,110.556,0.2563
tbn,236,0,20,163.855,104.515,115.559,0.255
tbn,236,0,21,163.975,104.29,120.5835,0.2555
tbn,236,0,22,164.12,104.085,130.1012,0.2484
tbn,236,0,23,164.285,103.895,131.8195,0.255
tbn,236,0,24,164.46,103.72,138.3647,0.2408
tbn,236,0,25,164.65,103.565,143.1308,0.25
tbn,236,0,26,164.86,103.43,151.3845,0.2506
tbn,236,0,27,165.085,103.315,154.4441,0.255
tbn,236,0,28,165.32,103.22,161.5672,0.253
tbn,236,0,29,165.56,103.145,163.7385,0.25
tbn,236,0,30,165.81,103.095,173.4182,0.2617
tbn,236,0,31,166.075,103.075,177.8769,0.2702
tbn,236,0,32,166.34,103.075,2.2048,0.2602
tbn,236,0,33,166.6,103.095,6.5814,0.2617
tbn,236,0,34,166.855,103.145,15.6438,0.2596
tbn,236,0,35,167.1,103.22,18.4328,0.253
tbn,236,0,36,167.335,103.315,25.5559,0.255
tbn,236,0,37,167.555,103.43,29.7512,0.2419
tbn,236,0,38,167.76,103.565,36.8692,0.25
tbn,236,0,39,167.955,103.72,40.1012,0.2484
tbn,236,0,40,168.135,103.895,48.1805,0.255
tbn,236,0,41,168.295,104.085,51.7085,0.2421
tbn,236,0,42,168.435,104.29,59.4194,0.2555
tbn,236,0,43,168.555,104.515,64.441,0.255
tbn,236,0,44,168.655,104.75,69.4408,0.2563
tbn,236,0,45,168.735,105.0,74.9337,0.2693
tbn,236,0,46,168.79,105.265,81.5709,0.2729
tbn,236,0,47,168.815,105.54,87.9559,0.2802
tbn,236,0,48,168.815,105.815,92.12,0.2702
tbn,236,0,49,168.79,106.08,98.7477,0.2631
tbn,236,0,50,168.735,106.335,105.6406,0.2596
tbn,236,0,51,168.655,106.58,110.5592,0.2563
tbn,236,0,52,168.555,106.815,115.559,0.255
tbn,236,0,53,168.435,107.04,120.5806,0.2555
tbn,236,0,54,168.29,107.25,128.6587,0.2561
tbn,236,0,55,168.125,107.44,133.3643,0.2476
tbn,236,0,56,167.95,107.615,136.6356,0.2476
tbn,236,0,57,167.76,107.775,143.1308,0.25
tbn,236,0,58,167.55,107.915,149.42,0.2555
tbn,236,0,59,167.325,108.035,154.4426,0.2549
tbn,236,0,60,167.09,108.13,161.5618,0.253
tbn,236,0,61,166.85,108.205,163.7376,0.25
tbn,236,0,62,166.6,108.26,171.2589,0.2631
tbn,236,0,63,166.34,108.285,177.7952,0.2602
tbn,236,1,0,166.11,103.615,177.1435,0.2002
tbn,236,1,1,165.915,103.64,168.109,0.1942
tbn,236,1,2,165.725,103.685,165.2515,0.1965
tbn,236,1,3,165.54,103.74,161.5651,0.1897
tbn,236,1,4,165.28,103.865,150.803,0.3895
tbn,236,1,5,164.965,104.085,139.2357,0.3829
tbn,236,1,6,164.7,104.36,128.6616,0.3842
tbn,236,1,7,164.485,104.685,118.4955,0.3983
tbn,236,1,8,164.36,104.955,107.5247,0.1993
tbn,236,1,9,164.305,105.15,104.0342,0.2061
tbn,236,1,10,164.265,105.355,98.133,0.2122
tbn,236,1,11,164.245,105.57,92.6011,0.2202
tbn,236,1,12,164.245,105.785,87.2751,0.2102
tbn,236,1,13,164.26,105.99,84.2877,0.201
tbn,236,1,14,164.295,106.185,75.2558,0.1965
tbn,236,1,15,164.35,106.375,72.4753,0.1993
tbn,236,1,16,164.465,106.645,64.0941,0.3891
tbn,236,1,17,164.67,106.975,52.2523,0.392
tbn,236,1,18,164.93,107.255,41.7604,0.3754
tbn,236,1,19,165.24,107.48,30.4673,0.3945
tbn,236,1,20,165.5,107.615,21.2432,0.1931
tbn,236,1,21,165.69,107.675,14.0414,0.2062
tbn,236,1,22,165.89,107.715,8.5306,0.2022
tbn,236,1,23,166.1,107.735,2.6051,0.2202
tbn,236,1,24,166.315,107.735,177.2711,0.2102
tbn,236,1,25,166.52,107.715,171.4694,0.2022
tbn,236,1,26,166.72,107.675,165.9586,0.2062
tbn,236,1,27,166.91,107.615,158.7551,0.1931
tbn,236,1,28,167.17,107.48,149.5338,0.3945
tbn,236,1,29,167.485,107.255,139.2357,0.3829
tbn,236,1,30,167.745,106.975,126.5727,0.386
tbn,236,1,31,167.945,106.645,115.9079,0.3891
tbn,236,1,32,168.065,106.375,110.2225,0.2025
tbn,236,1,33,168.12,106.185,101.8866,0.1942
tbn,236,1,34,168.155,105.99,98.5355,0.2022
tbn,236,1,35,168.175,105.785,92.7249,0.2102
tbn,236,1,36,168.175,105.57,87.3989,0.2202
tbn,236,1,37,168.155,105.355,81.867,0.2122
tbn,236,1,38,168.115,105.15,75.9658,0.2061
tbn,236,1,39,168.055,104.955,69.7734,0.2025
tbn,236,1,40,167.93,104.685,62.7852,0.3936
tbn,236,1,41,167.715,104.36,50.1933,0.3905
tbn,236,1,42,167.445,104.085,40.7628,0.3829
tbn,236,1,43,167.135,103.865,29.9317,0.3808
tbn,236,1,44,166.88,103.74,18.4349,0.1897
tbn,236,1,45,166.695,103.685,14.7485,0.1965
tbn,236,1,46,166.505,103.64,11.891,0.1942
tbn,236,1,47,166.31,103.615,2.8565,0.2002
tbn,237,0,0,169.75,108.11,0.0,0.64
tbn,237,0,1,169.43,105.635,90.0,4.95
tbn,237,0,2,170.505,103.16,0.0,2.15
tbn,237,0,3,171.58,103.435,90.0,0.55
tbn,237,0,4,170.825,103.71,0.0,1.51
tbn,237,0,5,170.07,105.91,90.0,4.4
tbn,238,0,0,172.485,103.16,0.0,1.03
tbn,238,0,1,173.145,103.165,1.9768,0.2902
tbn,238,0,2,173.43,103.18,4.0834,0.2807
tbn,238,0,3,173.705,103.215,10.4894,0.2746
tbn,238,0,4,173.97,103.275,15.0695,0.2693
tbn,238,0,5,174.225,103.35,17.7482,0.2625
tbn,238,0,6,174.465,103.445,25.5574,0.2549
tbn,238,0,7,174.685,103.56,29.7431,0.2419
tbn,238,0,8,174.895,103.695,35.5377,0.2581
tbn,238,0,9,175.09,103.85,41.6329,0.2408
tbn,238,0,10,175.26,104.025,49.9015,0.2484
tbn,238,0,11,175.41,104.22,55.0097,0.2441
tbn,238,0,12,175.54,104.435,62.4463,0.2594
tbn,238,0,13,175.645,104.675,70.2019,0.2657
tbn,238,0,14,175.725,104.93,74.932,0.2692
tbn,238,0,15,175.785,105.205,80.2173,0.2943
tbn,238,0,16,175.815,105.505,88.1506,0.3102
tbn,238,0,17,175.815,105.81,91.9111,0.3002
tbn,238,0,18,175.785,106.1,100.1253,0.2844
tbn,238,0,19,175.725,106.37,105.0663,0.2693
tbn,238,0,20,175.645,106.62,110.556,0.2563
tbn,238,0,21,175.54,106.85,118.6124,0.2506
tbn,238,0,22,175.405,107.06,126.8671,0.25
tbn,238,0,23,175.25,107.25,131.6353,0.2408
tbn,238,0,24,175.08,107.425,136.6332,0.2476
tbn,238,0,25,174.89,107.58,145.0106,0.2441
tbn,238,0,26,174.68,107.71,151.3907,0.2506
tbn,238,0,27,174.455,107.82,156.5012,0.2508
tbn,238,0,28,174.22,107.915,159.444,0.2563
tbn,238,0,29,173.97,107.99,167.0064,0.2668
tbn,238,0,30,173.705,108.045,169.5043,0.2746
tbn,238,0,31,173.435,108.085,173.6602,0.2717
tbn,238,0,32,173.16,108.105,177.9526,0.2802
tbn,238,0,33,172.495,108.11,0.0,1.05
tbn,238,0,34,171.97,105.635,90.0,4.95
tbn,238,1,0,172.72,107.56,0.0,0.22
tbn,238,1,1,172.945,107.555,177.5156,0.2302
tbn,238,1,2,173.175,107.54,175.0257,0.2309
tbn,238,1,3,173.4,107.515,172.2347,0.222
tbn,238,1,4,173.62,107.48,169.6931,0.2236
tbn,238,1,5,173.83,107.43,163.3024,0.2088
tbn,238,1,6,174.03,107.365,160.7156,0.2119
tbn,238,1,7,174.22,107.285,153.4272,0.2013
tbn,238,1,8,174.395,107.19,149.5403,0.1972
tbn,238,1,9,174.555,107.08,141.3359,0.1921
tbn,238,1,10,174.7,106.95,135.0031,0.198
tbn,238,1,11,174.83,106.8,126.8681,0.2
tbn,238,1,12,174.94,106.635,120.4696,0.1972
tbn,238,1,13,175.03,106.45,111.8007,0.2154
tbn,238,1,14,175.1,106.24,105.2544,0.228
tbn,238,1,15,175.15,106.01,99.4611,0.2433
tbn,238,1,16,175.175,105.76,92.2047,0.2602
tbn,238,1,17,175.175,105.5,87.7953,0.2602
tbn,238,1,18,175.15,105.25,80.5389,0.2433
tbn,238,1,19,175.1,105.025,74.0546,0.2184
tbn,238,1,20,175.03,104.82,68.1993,0.2154
tbn,238,1,21,174.94,104.63,60.9429,0.2059
tbn,238,1,22,174.83,104.46,53.1319,0.2
tbn,238,1,23,174.7,104.315,42.8801,0.1911
tbn,238,1,24,174.555,104.19,38.657,0.1921
tbn,238,1,25,174.395,104.075,32.9093,0.2025
tbn,238,1,26,174.22,103.975,26.5651,0.2012
tbn,238,1,27,174.03,103.895,19.2844,0.2119
tbn,238,1,28,173.83,103.83,16.6976,0.2088
tbn,238,1,29,173.62,103.78,10.3069,0.2236
tbn,238,1,30,173.4,103.745,7.7653,0.222
tbn,238,1,31,173.175,103.72,4.9743,0.2309
tbn,238,1,32,172.945,103.71,0.0,0.23
tbn,238,1,33,172.72,103.71,0.0,0.22
tbn,238,1,34,172.61,105.635,90.0,3.85
tbn,239,0,0,176.68,108.11,0.0,0.64
tbn,239,0,1,176.36,105.635,90.0,4.95
tbn,239,0,2,176.68,103.16,0.0,0.64
tbn,239,0,3,177.0,105.635,90.0,4.95
tbn,240,0,0,178.21,103.16,0.0,0.64
tbn,240,0,1,178.53,105.025,90.0,3.73
tbn,240,0,2,180.365,104.92,132.968,5.3845
tbn,240,0,3,182.2,105.53,90.0,5.16
tbn,240,0,4,181.88,108.11,0.0,0.64
tbn,240,0,5,181.56,106.3,90.0,3.62
tbn,240,0,6,179.725,106.415,133.6288,5.319
tbn,240,0,7,177.89,105.75,90.0,5.18
tbn,241,0,0,185.67,105.355,90.0,0.55
tbn,241,0,1,186.295,105.08,0.0,1.25
tbn,241,0,2,186.9,104.935,82.1482,0.2928
tbn,241,0,3,186.825,104.65,68.5521,0.3008
tbn,241,0,4,186.69,104.385,57.3802,0.2968
tbn,241,0,5,186.505,104.155,44.9979,0.297
tbn,241,0,6,186.28,103.96,36.8746,0.3
tbn,241,0,7,186.025,103.8,27.4046,0.3041
tbn,241,0,8,185.755,103.685,18.434,0.2846
tbn,241,0,9,185.475,103.625,5.906,0.2915
tbn,241,0,10,185.235,103.62,173.9943,0.1911
tbn,241,0,11,185.045,103.645,171.0278,0.1924
tbn,241,0,12,184.86,103.685,164.4789,0.1868
tbn,241,0,13,184.68,103.745,158.7483,0.1931
tbn,241,0,14,184.43,103.88,147.9924,0.3774
tbn,241,0,15,184.13,104.105,138.2396,0.3754
tbn,241,0,16,183.875,104.385,126.5746,0.386
tbn,241,0,17,183.675,104.705,117.256,0.3712
tbn,241,0,18,183.535,105.055,106.5574,0.386
tbn,241,0,19,183.46,105.43,96.0079,0.3821
tbn,241,0,20,183.445,105.73,87.3989,0.2202
tbn,241,0,21,183.465,105.945,81.8711,0.2122
tbn,241,0,22,183.505,106.15,75.9617,0.2061
tbn,241,0,23,183.56,106.345,72.4753,0.1993
tbn,241,0,24,183.68,106.62,63.4349,0.4025
tbn,241,0,25,183.885,106.96,54.2918,0.3941
tbn,241,0,26,184.145,107.25,41.8796,0.3895
tbn,241,0,27,184.455,107.475,29.9317,0.3808
tbn,241,0,28,184.71,107.605,21.2517,0.1931
tbn,241,0,29,184.895,107.67,17.5247,0.1993
tbn,241,0,30,185.085,107.715,8.9729,0.1923
tbn,241,0,31,185.28,107.735,2.8563,0.2003
tbn,241,0,32,185.49,107.73,174.8081,0.2209
tbn,241,0,33,185.71,107.7,169.6931,0.2236
tbn,241,0,34,185.93,107.645,162.3555,0.2309
tbn,241,0,35,186.14,107.56,153.4349,0.2236
tbn,241,0,36,186.335,107.445,145.6169,0.2302
tbn,241,0,37,186.52,107.31,142.1233,0.2281
tbn,241,0,38,186.69,107.155,133.2678,0.2334
tbn,241,0,39,186.84,106.98,127.876,0.228
tbn,241,0,40,187.115,107.105,46.3642,0.5941
tbn,241,0,41,187.225,107.435,129.5564,0.2983
tbn,241,0,42,187.025,107.645,137.8675,0.2832
tbn,241,0,43,186.81,107.825,142.3037,0.278
tbn,241,0,44,186.575,107.975,152.5247,0.2818
tbn,241,0,45,186.32,108.095,157.0702,0.2823
tbn,241,0,46,186.055,108.19,163.4926,0.2816
tbn,241,0,47,185.78,108.25,171.8681,0.2828
tbn,241,0,48,185.5,108.28,175.9166,0.2807
tbn,241,0,49,185.23,108.285,2.2047,0.2602
tbn,241,0,50,184.97,108.26,8.7482,0.2631
tbn,241,0,51,184.72,108.205,16.2547,0.25
tbn,241,0,52,184.485,108.125,21.3702,0.247
tbn,241,0,53,184.255,108.025,25.5636,0.255
tbn,241,0,54,184.035,107.905,31.7596,0.247
tbn,241,0,55,183.83,107.76,38.6609,0.2561
tbn,241,0,56,183.64,107.595,43.3617,0.2476
tbn,241,0,57,183.47,107.415,49.8988,0.2484
tbn,241,0,58,183.315,107.215,54.4623,0.2581
tbn,241,0,59,183.175,107.0,59.42,0.2555
tbn,241,0,60,183.055,106.77,65.3782,0.264
tbn,241,0,61,182.955,106.53,69.444,0.2563
tbn,241,0,62,182.88,106.28,77.0032,0.2668
tbn,241,0,63,182.83,106.015,81.5741,0.2729
tbn,241,0,64,182.805,105.74,87.9557,0.2802
tbn,241,0,65,182.805,105.475,92.2894,0.2502
tbn,241,0,66,182.83,105.225,99.0888,0.2532
tbn,241,0,67,182.88,104.98,104.0397,0.2474
tbn,241,0,68,182.955,104.745,111.3689,0.247
tbn,241,0,69,183.05,104.52,114.4419,0.2417
tbn,241,0,70,183.165,104.305,121.7615,0.247
tbn,241,0,71,183.3,104.1,124.9903,0.2441
tbn,241,0,72,183.45,103.91,131.6353,0.2408
tbn,241,0,73,183.62,103.74,138.3647,0.2408
tbn,241,0,74,183.805,103.585,141.7113,0.2421
tbn,241,0,75,184.005,103.445,148.2404,0.247
tbn,241,0,76,184.22,103.325,153.4381,0.246
tbn,241,0,77,184.445,103.225,158.6232,0.247
tbn,241,0,78,184.675,103.15,165.3794,0.2377
tbn,241,0,79,184.915,103.1,170.9146,0.2532
tbn,241,0,80,185.165,103.075,177.7072,0.2502
tbn,241,0,81,185.415,103.075,2.2928,0.2502
tbn,241,0,82,185.66,103.095,7.1246,0.2419
tbn,241,0,83,185.895,103.14,14.6206,0.2377
tbn,241,0,84,186.115,103.21,20.8506,0.2247
tbn,241,0,85,186.32,103.295,24.2272,0.2193
tbn,241,0,86,186.515,103.4,32.2743,0.2247
tbn,241,0,87,186.695,103.53,39.4757,0.2202
tbn,241,0,88,186.86,103.675,43.1506,0.2193
tbn,241,0,89,187.01,103.83,48.8148,0.2126
tbn,241,0,90,187.14,104.005,57.7257,0.2247
tbn,241,0,91,187.255,104.195,59.9316,0.2195
tbn,241,0,92,187.355,104.395,66.8014,0.2285
tbn,241,0,93,187.435,104.61,72.3482,0.2309
tbn,241,0,94,187.495,104.835,77.7351,0.2354
tbn,241,0,95,187.54,105.07,80.5389,0.2433
tbn,241,0,96,187.565,105.315,87.7106,0.2502
tbn,241,0,97,187.57,105.535,90.0,0.19
tbn,241,0,98,186.62,105.63,0.0,1.9
tbn,242,0,0,190.45,108.11,0.0,0.64
tbn,242,0,1,190.13,105.635,90.0,4.95
tbn,242,0,2,190.45,103.16,0.0,0.64
tbn,242,0,3,190.77,105.635,90.0,4.95
tbn,243,0,0,191.98,103.16,0.0,0.64
tbn,243,0,1,192.3,105.025,90.0,3.73
tbn,243,0,2,194.135,104.92,132.968,5.3845
tbn,243,0,3,195.97,105.53,90.0,5.16
tbn,243,0,4,195.65,108.11,0.0,0.64
tbn,243,0,5,195.33,106.3,90.0,3.62
tbn,243,0,6,193.495,106.415,133.6288,5.319
tbn,243,0,7,191.66,105.75,90.0,5.18
tbn,244,0,0,199.555,107.645,122.9033,0.2025
tbn,244,0,1,199.435,107.805,130.9166,0.1985
tbn,244,0,2,199.3,107.94,139.3997,0.1844
tbn,244,0,3,199.15,108.05,147.9912,0.1887
tbn,244,0,4,198.985,108.14,154.8043,0.1879
tbn,244,0,5,198.81,108.21,161.5651,0.1897
tbn,244,0,6,198.625,108.26,168.109,0.1942
tbn,244,0,7,198.425,108.285,177.2709,0.2102
tbn,244,0,8,198.185,108.28,4.2404,0.2707
tbn,244,0,9,197.915,108.24,12.5281,0.2766
tbn,244,0,10,197.655,108.155,23.7467,0.2731
tbn,244,0,11,197.415,108.03,31.3318,0.2693
tbn,244,0,12,197.21,107.87,44.9976,0.2546
tbn,244,0,13,197.045,107.67,55.7144,0.2663
tbn,244,0,14,196.925,107.435,70.2019,0.2657
tbn,244,0,15,196.86,107.165,82.1453,0.2928
tbn,244,0,16,196.855,106.895,96.8425,0.2518
tbn,244,0,17,196.905,106.66,107.6518,0.2309
tbn,244,0,18,196.99,106.455,117.7561,0.2147
tbn,244,0,19,197.11,106.28,131.1937,0.2126
tbn,244,0,20,197.265,106.13,140.5243,0.2202
tbn,244,0,21,197.44,105.995,144.1602,0.222
tbn,244,0,22,197.63,105.875,151.1921,0.2282
tbn,244,0,23,197.835,105.77,154.536,0.2326
tbn,244,0,24,198.115,105.65,158.196,0.377
tbn,244,0,25,198.445,105.5,152.7009,0.3489
tbn,244,0,26,198.735,105.325,144.8687,0.3301
tbn,244,0,27,198.925,105.17,132.5045,0.1628
tbn,244,0,28,199.02,105.04,119.7482,0.1612
tbn,244,0,29,199.09,104.885,109.4379,0.1803
tbn,244,0,30,199.13,104.705,96.0102,0.1911
tbn,244,0,31,199.13,104.51,84.2877,0.201
tbn,244,0,32,199.095,104.32,74.4789,0.1868
tbn,244,0,33,199.03,104.145,64.8001,0.1879
tbn,244,0,34,198.935,103.985,53.7449,0.186
tbn,244,0,35,198.815,103.85,42.7072,0.1769
tbn,244,0,36,198.67,103.74,32.0064,0.1887
tbn,244,0,37,198.505,103.665,16.3954,0.1772
tbn,244,0,38,198.325,103.625,8.9722,0.1924
tbn,244,0,39,198.13,103.62,174.2838,0.201
tbn,244,0,40,197.94,103.66,161.5651,0.1897
tbn,244,0,41,197.77,103.73,153.4393,0.1789
tbn,244,0,42,197.615,103.83,141.343,0.1921
tbn,244,0,43,197.48,103.96,130.5972,0.1844
tbn,244,0,44,197.375,104.11,119.3562,0.1836
tbn,244,0,45,197.305,104.285,104.7442,0.1965
tbn,244,0,46,197.27,104.48,95.7123,0.201
tbn,244,0,47,196.94,104.515,11.4798,0.6531
tbn,244,0,48,196.65,104.3,101.3116,0.306
tbn,244,0,49,196.735,104.02,112.9286,0.2823
tbn,244,0,50,196.87,103.77,123.6917,0.2884
tbn,244,0,51,197.04,103.55,131.9911,0.2691
tbn,244,0,52,197.245,103.37,145.1744,0.2802
tbn,244,0,53,197.485,103.23,154.3542,0.2773
tbn,244,0,54,197.745,103.13,163.4985,0.2816
tbn,244,0,55,198.025,103.08,176.0569,0.2907
tbn,244,0,56,198.335,103.08,3.4663,0.3306
tbn,244,0,57,198.65,103.13,14.9289,0.3105
tbn,244,0,58,198.935,103.24,27.4097,0.3041
tbn,244,0,59,199.19,103.4,36.8699,0.3
tbn,244,0,60,199.405,103.6,49.1847,0.2907
tbn,244,0,61,199.575,103.845,60.9481,0.3089
tbn,244,0,62,199.7,104.13,71.5633,0.3162
tbn,244,0,63,199.765,104.445,84.8056,0.3313
tbn,244,0,64,199.765,104.76,95.71,0.3015
tbn,244,0,65,199.715,105.04,105.068,0.2692
tbn,244,0,66,199.625,105.28,116.5651,0.246
tbn,244,0,67,199.495,105.49,126.8699,0.25
tbn,244,0,68,199.325,105.675,138.1779,0.255
tbn,244,0,69,199.125,105.83,146.3119,0.2524
tbn,244,0,70,198.9,105.965,151.5567,0.273
tbn,244,0,71,198.655,106.085,156.2533,0.2731
tbn,244,0,72,198.35,106.215,157.3769,0.39
tbn,244,0,73,198.055,106.345,154.4426,0.2549
tbn,244,0,74,197.825,106.475,146.8892,0.2746
tbn,244,0,75,197.665,106.595,135.0049,0.1273
tbn,244,0,76,197.585,106.695,122.4645,0.1304
tbn,244,0,77,197.525,106.815,111.038,0.1393
tbn,244,0,78,197.495,106.95,94.0838,0.1403
tbn,244,0,79,197.495,107.1,86.4257,0.1603
tbn,244,0,80,197.53,107.25,66.8044,0.1523
tbn,244,0,81,197.6,107.38,56.3083,0.1442
tbn,244,0,82,197.695,107.495,44.996,0.1556
tbn,244,0,83,197.885,107.62,27.4097,0.3041
tbn,244,0,84,198.165,107.715,9.7803,0.2943
tbn,244,0,85,198.44,107.725,173.4186,0.2617
tbn,244,0,86,198.675,107.665,156.8014,0.2285
tbn,244,0,87,198.865,107.545,138.5772,0.2267
tbn,244,0,88,199.025,107.365,125.5404,0.2581
tbn,244,0,89,199.355,107.41,30.4648,0.5917
tbn,245,0,0,202.355,107.56,0.0,1.19
tbn,245,0,1,202.95,107.835,90.0,0.55
tbn,245,0,2,201.445,108.11,0.0,3.01
tbn,245,0,3,199.94,107.835,90.0,0.55
tbn,245,0,4,200.53,107.56,0.0,1.18
tbn,245,0,5,201.12,105.36,90.0,4.4
tbn,245,0,6,201.44,103.16,0.0,0.64
tbn,245,0,7,201.76,105.36,90.0,4.4
tbn,246,0,0,205.1,105.36,12.9944,0.2668
tbn,246,0,1,205.345,105.44,23.4988,0.2508
tbn,246,0,2,205.56,105.56,34.9894,0.2441
tbn,246,0,3,205.745,105.715,45.0026,0.2404
tbn,246,0,4,205.9,105.9,55.0097,0.2441
tbn,246,0,5,206.02,106.115,66.4984,0.2508
tbn,246,0,6,206.1,106.35,75.9655,0.2474
tbn,246,0,7,206.14,106.595,85.4286,0.2508
tbn,246,0,8,206.13,106.89,96.7088,0.3423
tbn,246,0,9,206.05,107.22,110.5566,0.3417
tbn,246,0,10,205.89,107.52,125.5374,0.3441
tbn,246,0,11,205.655,107.77,140.8266,0.3483
tbn,246,0,12,205.365,107.945,157.2481,0.3362
tbn,246,0,13,205.04,108.045,168.3656,0.3471
tbn,246,0,14,204.695,108.09,176.7312,0.3506
tbn,246,0,15,204.35,108.105,178.3137,0.3401
tbn,246,0,16,203.79,108.11,0.0,0.78
tbn,246,0,17,203.4,105.635,90.0,4.95
tbn,246,0,18,203.72,103.16,0.0,0.64
tbn,246,0,19,204.04,104.21,90.0,2.1
tbn,246,0,20,204.17,105.26,0.0,0.26
tbn,246,0,21,205.045,104.21,125.3566,2.5749
tbn,246,0,22,206.16,103.16,0.0,0.74
tbn,246,0,23,205.75,104.245,125.7119,2.6726
tbn,246,1,0,204.125,107.56,0.0,0.17
tbn,246,1,1,204.33,107.555,177.6116,0.2402
tbn,246,1,2,204.57,107.54,175.2391,0.2408
tbn,246,1,3,204.81,107.505,168.2278,0.2452
tbn,246,1,4,205.035,107.445,161.5626,0.2214
tbn,246,1,5,205.235,107.355,149.935,0.2195
tbn,246,1,6,205.4,107.225,133.0261,0.2052
tbn,246,1,7,205.515,107.05,114.2256,0.2193
tbn,246,1,8,205.58,106.825,99.0922,0.2532
tbn,246,1,9,205.585,106.57,83.4186,0.2617
tbn,246,1,10,205.525,106.335,66.7979,0.2285
tbn,246,1,11,205.41,106.155,46.9739,0.2052
tbn,246,1,12,205.255,106.025,32.902,0.2025
tbn,246,1,13,205.065,105.93,20.8593,0.2247
tbn,246,1,14,204.845,105.865,12.2613,0.2354
tbn,246,1,15,204.61,105.83,4.7685,0.2408
tbn,246,1,16,204.365,105.82,0.0,0.25
tbn,246,1,17,204.14,105.82,0.0,0.2
tbn,246,1,18,204.04,106.69,90.0,1.74
tbn,247,0,0,206.89,106.545,90.0,3.13
tbn,247,0,1,206.895,104.875,92.7249,0.2102
tbn,247,0,2,206.91,104.675,96.0102,0.1911
tbn,247,0,3,206.94,104.485,101.891,0.1942
tbn,247,0,4,206.99,104.3,108.4349,0.1897
tbn,247,0,5,207.095,104.05,115.1134,0.3534
tbn,247,0,6,207.275,103.75,126.8709,0.35
tbn,247,0,7,207.515,103.495,139.5714,0.3547
tbn,247,0,8,207.805,103.295,151.2636,0.3536
tbn,247,0,9,208.05,103.18,161.5651,0.1897
tbn,247,0,10,208.23,103.125,164.4699,0.1868
tbn,247,0,11,208.42,103.085,171.4701,0.2022
tbn,247,0,12,208.625,103.07,0.0,0.21
tbn,247,0,13,208.83,103.07,0.0,0.2
tbn,247,0,14,209.03,103.085,8.5299,0.2022
tbn,247,0,15,209.225,103.125,14.7497,0.1965
tbn,247,0,16,209.405,103.18,19.4379,0.1803
tbn,247,0,17,209.645,103.295,28.7376,0.3535
tbn,247,0,18,209.935,103.495,40.4286,0.3547
tbn,247,0,19,210.175,103.75,53.1291,0.35
tbn,247,0,20,210.355,104.05,64.8866,0.3534
tbn,247,0,21,210.46,104.3,71.5607,0.1897
tbn,247,0,22,210.51,104.485,78.1134,0.1942
tbn,247,0,23,210.54,104.675,83.9898,0.1911
tbn,247,0,24,210.555,104.875,87.2751,0.2102
tbn,247,0,25,210.56,106.545,90.0,3.13
tbn,247,0,26,210.24,108.11,0.0,0.64
tbn,247,0,27,209.92,106.65,90.0,2.92
tbn,247,0,28,209.915,105.04,88.0918,0.3002
tbn,247,0,29,209.885,104.745,80.2173,0.2943
tbn,247,0,30,209.825,104.465,75.4635,0.2789
tbn,247,0,31,209.735,104.215,64.441,0.255
tbn,247,0,32,209.6,104.0,51.3397,0.2561
tbn,247,0,33,209.415,103.825,35.5357,0.2581
tbn,247,0,34,209.25,103.72,26.5767,0.1342
tbn,247,0,35,209.12,103.67,15.9371,0.1456
tbn,247,0,36,208.975,103.635,11.3088,0.153
tbn,247,0,37,208.815,103.62,0.0,0.17
tbn,247,0,38,208.645,103.62,0.0,0.17
tbn,247,0,39,208.48,103.635,169.381,0.1628
tbn,247,0,40,208.33,103.67,164.0629,0.1456
tbn,247,0,41,208.2,103.72,153.4233,0.1342
tbn,247,0,42,208.035,103.825,144.4643,0.2581
tbn,247,0,43,207.85,104.0,128.6603,0.2561
tbn,247,0,44,207.715,104.215,115.559,0.255
tbn,247,0,45,207.625,104.465,104.5365,0.2789
tbn,247,0,46,207.57,104.745,97.8518,0.2928
tbn,247,0,47,207.54,105.04,93.815,0.3007
tbn,247,0,48,207.53,106.65,90.0,2.92
tbn,247,0,49,207.21,108.11,0.0,0.64
tbn,248,0,0,214.9,108.035,153.4361,0.3354
tbn,248,0,1,214.595,108.16,162.1201,0.3257
tbn,248,0,2,214.28,108.24,169.3805,0.3256
tbn,248,0,3,213.955,108.28,176.5337,0.3306
tbn,248,0,4,213.655,108.285,2.1167,0.2702
tbn,248,0,5,213.39,108.26,8.7482,0.2631
tbn,248,0,6,213.13,108.21,12.9936,0.2668
tbn,248,0,7,212.88,108.135,20.556,0.2563
tbn,248,0,8,212.64,108.035,24.6262,0.264
tbn,248,0,9,212.415,107.915,31.7536,0.247
tbn,248,0,10,212.205,107.775,35.5432,0.2581
tbn,248,0,11,212.005,107.615,41.8169,0.2549
tbn,248,0,12,211.825,107.44,46.6357,0.2476
tbn,248,0,13,211.66,107.245,52.6983,0.264
tbn,248,0,14,211.515,107.035,58.2385,0.247
tbn,248,0,15,211.395,106.815,64.441,0.255
tbn,248,0,16,211.295,106.575,70.2019,0.2657
tbn,248,0,17,211.215,106.32,74.932,0.2692
tbn,248,0,18,211.16,106.06,81.2523,0.2631
tbn,248,0,19,211.13,105.79,85.9166,0.2807
tbn,248,0,20,211.13,105.515,94.2342,0.2707
tbn,248,0,21,211.16,105.25,98.7477,0.2631
tbn,248,0,22,211.21,104.995,103.4952,0.2571
tbn,248,0,23,211.285,104.75,110.556,0.2563
tbn,248,0,24,211.39,104.515,117.5507,0.2594
tbn,248,0,25,211.515,104.295,121.7615,0.247
tbn,248,0,26,211.655,104.09,126.8671,0.25
tbn,248,0,27,211.815,103.9,133.3668,0.2476
tbn,248,0,28,211.995,103.725,138.1757,0.255
tbn,248,0,29,212.19,103.57,145.0127,0.2441
tbn,248,0,30,212.395,103.435,148.2385,0.247
tbn,248,0,31,212.615,103.315,154.4364,0.255
tbn,248,0,32,212.85,103.22,161.5683,0.253
tbn,248,0,33,213.095,103.15,166.5048,0.2571
tbn,248,0,34,213.35,103.1,171.2518,0.2631
tbn,248,0,35,213.61,103.075,177.7953,0.2602
tbn,248,0,36,213.905,103.08,3.4716,0.3306
tbn,248,0,37,214.24,103.12,10.0077,0.3452
tbn,248,0,38,214.575,103.205,18.4326,0.3478
tbn,248,0,39,214.895,103.33,24.307,0.3402
tbn,248,0,40,215.05,103.77,90.0,0.74
tbn,248,0,41,214.9,104.025,37.4735,0.378
tbn,248,0,42,214.59,103.83,26.5661,0.3578
tbn,248,0,43,214.255,103.7,15.9461,0.364
tbn,248,0,44,213.9,103.63,6.3415,0.3622
tbn,248,0,45,213.62,103.62,174.2838,0.201
tbn,248,0,46,213.42,103.645,171.4694,0.2022
tbn,248,0,47,213.225,103.685,165.2601,0.1965
tbn,248,0,48,213.04,103.745,158.7483,0.1931
tbn,248,0,49,212.78,103.875,150.8019,0.3895
tbn,248,0,50,212.47,104.1,137.1233,0.3821
tbn,248,0,51,212.21,104.38,128.6587,0.3842
tbn,248,0,52,212.005,104.705,115.9059,0.3891
tbn,248,0,53,211.885,104.975,110.2255,0.2025
tbn,248,0,54,211.83,105.165,101.891,0.1942
tbn,248,0,55,211.795,105.36,98.5299,0.2022
tbn,248,0,56,211.775,105.565,92.7249,0.2102
tbn,248,0,57,211.775,105.775,87.2755,0.2103
tbn,248,0,58,211.795,105.98,81.4688,0.2022
tbn,248,0,59,211.83,106.18,78.6884,0.204
tbn,248,0,60,211.885,106.375,69.7775,0.2025
tbn,248,0,61,212.01,106.645,62.7812,0.3936
tbn,248,0,62,212.215,106.975,53.43,0.386
tbn,248,0,63,212.475,107.255,40.7628,0.3829
tbn,248,0,64,212.79,107.475,29.1941,0.3895
tbn,248,0,65,213.05,107.61,23.9679,0.197
tbn,248,0,66,213.235,107.675,14.7399,0.1965
tbn,248,0,67,213.43,107.715,8.5306,0.2022
tbn,248,0,68,213.63,107.735,2.8652,0.2002
tbn,248,0,69,213.91,107.725,175.2366,0.3612
tbn,248,0,70,214.26,107.66,163.61,0.3544
tbn,248,0,71,214.595,107.535,155.557,0.3625
tbn,248,0,72,214.905,107.35,142.8145,0.364
tbn,248,0,73,215.05,107.6,90.0,0.72
tbn,249,0,0,217.73,107.56,0.0,1.18
tbn,249,0,1,218.32,107.835,90.0,0.55
tbn,249,0,2,216.82,108.11,0.0,3.0
tbn,249,0,3,215.32,107.835,90.0,0.55
tbn,249,0,4,215.91,107.56,0.0,1.18
tbn,249,0,5,216.5,105.36,90.0,4.4
tbn,249,0,6,216.82,103.16,0.0,0.64
tbn,249,0,7,217.14,105.36,90.0,4.4
tbn,250,0,0,219.095,108.11,0.0,0.65
tbn,250,0,1,218.77,105.635,90.0,4.95
tbn,250,0,2,219.095,103.16,0.0,0.65
tbn,250,0,3,219.42,105.635,90.0,4.95
tbn,251,0,0,222.42,108.285,2.2048,0.2602
tbn,251,0,1,222.16,108.26,8.7411,0.2631
tbn,251,0,2,221.905,108.205,15.6438,0.2596
tbn,251,0,3,221.665,108.13,19.1831,0.2435
tbn,251,0,4,221.435,108.035,25.5574,0.2549
tbn,251,0,5,221.21,107.915,30.58,0.2555
tbn,251,0,6,221.0,107.775,36.8692,0.25
tbn,251,0,7,220.805,107.615,41.8221,0.255
tbn,251,0,8,220.625,107.44,46.6357,0.2476
tbn,251,0,9,220.465,107.25,53.1301,0.25
tbn,251,0,10,220.325,107.04,59.4194,0.2555
tbn,251,0,11,220.205,106.815,64.441,0.255
tbn,251,0,12,220.105,106.58,69.4408,0.2563
tbn,251,0,13,220.025,106.335,74.3594,0.2596
tbn,251,0,14,219.97,106.08,81.2523,0.2631
tbn,251,0,15,219.945,105.815,87.88,0.2702
tbn,251,0,16,219.945,105.54,92.0441,0.2802
tbn,251,0,17,219.97,105.265,98.4291,0.2729
tbn,251,0,18,220.025,105.0,105.0663,0.2693
tbn,251,0,19,220.105,104.75,110.5592,0.2563
tbn,251,0,20,220.205,104.515,115.559,0.255
tbn,251,0,21,220.325,104.29,120.5806,0.2555
tbn,251,0,22,220.465,104.085,128.2915,0.2421
tbn,251,0,23,220.625,103.895,131.8195,0.255
tbn,251,0,24,220.805,103.72,139.8988,0.2484
tbn,251,0,25,221.0,103.565,143.1308,0.25
tbn,251,0,26,221.205,103.43,150.2488,0.2419
tbn,251,0,27,221.425,103.315,154.4441,0.255
tbn,251,0,28,221.66,103.22,161.5672,0.253
tbn,251,0,29,221.905,103.145,164.3562,0.2596
tbn,251,0,30,222.16,103.095,173.4186,0.2617
tbn,251,0,31,222.42,103.075,177.7952,0.2602
tbn,251,0,32,222.685,103.075,2.1231,0.2702
tbn,251,0,33,222.945,103.095,6.8425,0.2518
tbn,251,0,34,223.195,103.145,15.6438,0.2596
tbn,251,0,35,223.44,103.22,18.4328,0.253
tbn,251,0,36,223.675,103.315,25.5559,0.255
tbn,251,0,37,223.895,103.43,29.7512,0.2419
tbn,251,0,38,224.105,103.565,35.5357,0.2581
tbn,251,0,39,224.3,103.72,41.6353,0.2408
tbn,251,0,40,224.475,103.895,48.1805,0.255
tbn,251,0,41,224.635,104.085,51.7085,0.2421
tbn,251,0,42,224.78,104.29,57.5255,0.2607
tbn,251,0,43,224.905,104.515,64.441,0.255
tbn,251,0,44,225.005,104.75,69.444,0.2563
tbn,251,0,45,225.08,105.0,77.0064,0.2668
tbn,251,0,46,225.13,105.265,81.5709,0.2729
tbn,251,0,47,225.155,105.54,87.9559,0.2802
tbn,251,0,48,225.155,105.815,92.12,0.2702
tbn,251,0,49,225.13,106.08,98.7477,0.2631
tbn,251,0,50,225.075,106.335,105.6406,0.2596
tbn,251,0,51,224.995,106.58,110.5592,0.2563
tbn,251,0,52,224.895,106.815,115.559,0.255
tbn,251,0,53,224.775,107.04,120.5806,0.2555
tbn,251,0,54,224.635,107.25,126.8699,0.25
tbn,251,0,55,224.475,107.44,133.3643,0.2476
tbn,251,0,56,224.295,107.615,138.1779,0.255
tbn,251,0,57,224.1,107.775,143.1308,0.25
tbn,251,0,58,223.89,107.915,149.42,0.2555
tbn,251,0,59,223.67,108.035,153.4381,0.246
tbn,251,0,60,223.44,108.13,161.5607,0.253
tbn,251,0,61,223.195,108.205,164.3562,0.2596
tbn,251,0,62,222.94,108.26,171.2589,0.2631
tbn,251,0,63,222.68,108.285,177.7952,0.2602
tbn,251,1,0,222.45,103.615,177.1435,0.2002
tbn,251,1,1,222.255,103.64,168.109,0.1942
tbn,251,1,2,222.065,103.685,165.2515,0.1965
tbn,251,1,3,221.88,103.74,161.5651,0.1897
tbn,251,1,4,221.625,103.865,150.0683,0.3808
tbn,251,1,5,221.31,104.085,140.1947,0.3905
tbn,251,1,6,221.04,104.36,128.6616,0.3842
tbn,251,1,7,220.83,104.685,117.2148,0.3936
tbn,251,1,8,220.705,104.955,110.2266,0.2025
tbn,251,1,9,220.645,105.15,104.0342,0.2061
tbn,251,1,10,220.605,105.355,98.133,0.2122
tbn,251,1,11,220.585,105.57,92.6011,0.2202
tbn,251,1,12,220.585,105.785,87.2751,0.2102
tbn,251,1,13,220.605,105.99,81.4645,0.2022
tbn,251,1,14,220.64,106.185,78.1134,0.1942
tbn,251,1,15,220.69,106.375,72.4753,0.1993
tbn,251,1,16,220.81,106.645,62.7833,0.3936
tbn,251,1,17,221.015,106.975,53.4273,0.386
tbn,251,1,18,221.275,107.255,40.7643,0.3829
tbn,251,1,19,221.585,107.48,31.2198,0.3859
tbn,251,1,20,221.845,107.615,20.2185,0.2025
tbn,251,1,21,222.035,107.675,14.7485,0.1965
tbn,251,1,22,222.235,107.715,8.1301,0.2121
tbn,251,1,23,222.445,107.735,2.7289,0.2102
tbn,251,1,24,222.655,107.735,177.2711,0.2102
tbn,251,1,25,222.865,107.715,171.8699,0.2121
tbn,251,1,26,223.065,107.675,165.2515,0.1965
tbn,251,1,27,223.255,107.615,159.7815,0.2025
tbn,251,1,28,223.515,107.48,148.7802,0.3859
tbn,251,1,29,223.825,107.255,139.2357,0.3829
tbn,251,1,30,224.085,106.975,126.5727,0.386
tbn,251,1,31,224.29,106.645,117.2167,0.3936
tbn,251,1,32,224.41,106.375,107.5247,0.1993
tbn,251,1,33,224.46,106.185,101.8866,0.1942
tbn,251,1,34,224.495,105.99,98.5355,0.2022
tbn,251,1,35,224.515,105.785,92.7249,0.2102
tbn,251,1,36,224.515,105.57,87.3989,0.2202
tbn,251,1,37,224.495,105.355,81.867,0.2122
tbn,251,1,38,224.455,105.15,75.9658,0.2061
tbn,251,1,39,224.395,104.955,69.7734,0.2025
tbn,251,1,40,224.27,104.685,62.7852,0.3936
tbn,251,1,41,224.06,104.36,51.3384,0.3842
tbn,251,1,42,223.79,104.085,39.8053,0.3905
tbn,251,1,43,223.475,103.865,29.9317,0.3808
tbn,251,1,44,223.22,103.74,18.4349,0.1897
tbn,251,1,45,223.035,103.685,14.7485,0.1965
tbn,251,1,46,222.845,103.64,11.891,0.1942
tbn,251,1,47,222.65,103.615,2.8565,0.2002
tbn,252,0,0,226.09,103.16,0.0,0.64
tbn,252,0,1,226.41,105.025,90.0,3.73
tbn,252,0,2,228.245,104.92,132.968,5.3845
tbn,252,0,3,230.08,105.53,90.0,5.16
tbn,252,0,4,229.76,108.11,0.0,0.64
tbn,252,0,5,229.44,106.3,90.0,3.62
tbn,252,0,6,227.605,106.415,133.6288,5.319
tbn,252,0,7,225.77,105.75,90.0,5.18
tbn,253,0,0,233.665,107.645,122.9033,0.2025
tbn,253,0,1,233.545,107.805,130.9166,0.1985
tbn,253,0,2,233.41,107.94,139.3997,0.1844
tbn,253,0,3,233.26,108.05,147.9912,0.1887
tbn,253,0,4,233.095,108.14,154.8043,0.1879
tbn,253,0,5,232.92,108.21,161.5651,0.1897
tbn,253,0,6,232.735,108.26,168.109,0.1942
tbn,253,0,7,232.535,108.285,177.2709,0.2102
tbn,253,0,8,232.295,108.28,4.2404,0.2707
tbn,253,0,9,232.025,108.24,12.5281,0.2766
tbn,253,0,10,231.765,108.155,23.7467,0.2731
tbn,253,0,11,231.525,108.03,31.3318,0.2693
tbn,253,0,12,231.315,107.87,43.4503,0.2617
tbn,253,0,13,231.15,107.67,57.5291,0.2608
tbn,253,0,14,231.035,107.435,70.2019,0.2657
tbn,253,0,15,230.97,107.165,82.1453,0.2928
tbn,253,0,16,230.965,106.895,96.8425,0.2518
tbn,253,0,17,231.015,106.66,107.6518,0.2309
tbn,253,0,18,231.1,106.455,117.7561,0.2147
tbn,253,0,19,231.22,106.28,131.1937,0.2126
tbn,253,0,20,231.375,106.13,140.5243,0.2202
tbn,253,0,21,231.55,105.995,144.1602,0.222
tbn,253,0,22,231.74,105.875,151.1921,0.2282
tbn,253,0,23,231.945,105.77,154.536,0.2326
tbn,253,0,24,232.22,105.65,157.6175,0.3677
tbn,253,0,25,232.55,105.5,153.4349,0.3578
tbn,253,0,26,232.845,105.325,144.8687,0.3301
tbn,253,0,27,233.035,105.17,132.5045,0.1628
tbn,253,0,28,233.13,105.04,119.7482,0.1612
tbn,253,0,29,233.2,104.885,109.4379,0.1803
tbn,253,0,30,233.24,104.705,96.0102,0.1911
tbn,253,0,31,233.24,104.51,84.2877,0.201
tbn,253,0,32,233.205,104.32,74.4789,0.1868
tbn,253,0,33,233.14,104.145,64.8001,0.1879
tbn,253,0,34,233.045,103.985,53.7449,0.186
tbn,253,0,35,232.925,103.85,42.7072,0.1769
tbn,253,0,36,232.78,103.74,32.0064,0.1887
tbn,253,0,37,232.615,103.665,16.3954,0.1772
tbn,253,0,38,232.435,103.625,8.9722,0.1924
tbn,253,0,39,232.24,103.62,174.2838,0.201
tbn,253,0,40,232.05,103.66,161.5651,0.1897
tbn,253,0,41,231.875,103.73,154.8023,0.1879
tbn,253,0,42,231.72,103.83,139.4028,0.1844
tbn,253,0,43,231.59,103.96,130.5972,0.1844
tbn,253,0,44,231.485,104.11,119.3562,0.1836
tbn,253,0,45,231.415,104.285,104.7442,0.1965
tbn,253,0,46,231.38,104.48,95.7123,0.201
tbn,253,0,47,231.05,104.515,11.4798,0.6531
tbn,253,0,48,230.76,104.3,101.3116,0.306
tbn,253,0,49,230.845,104.02,112.9286,0.2823
tbn,253,0,50,230.98,103.77,123.6917,0.2884
tbn,253,0,51,231.15,103.55,131.9911,0.2691
tbn,253,0,52,231.355,103.37,145.1744,0.2802
tbn,253,0,53,231.595,103.23,154.3542,0.2773
tbn,253,0,54,231.855,103.13,163.4985,0.2816
tbn,253,0,55,232.135,103.08,176.0569,0.2907
tbn,253,0,56,232.445,103.08,3.4663,0.3306
tbn,253,0,57,232.76,103.13,14.9289,0.3105
tbn,253,0,58,233.045,103.24,27.4097,0.3041
tbn,253,0,59,233.3,103.4,36.8699,0.3
tbn,253,0,60,233.515,103.6,49.1847,0.2907
tbn,253,0,61,233.685,103.845,60.9481,0.3089
tbn,253,0,62,233.81,104.13,71.5633,0.3162
tbn,253,0,63,233.875,104.445,84.8056,0.3313
tbn,253,0,64,233.875,104.76,95.71,0.3015
tbn,253,0,65,233.825,105.04,105.068,0.2692
tbn,253,0,66,233.735,105.28,116.5651,0.246
tbn,253,0,67,233.605,105.49,126.8699,0.25
tbn,253,0,68,233.435,105.675,138.1779,0.255
tbn,253,0,69,233.235,105.83,146.3119,0.2524
tbn,253,0,70,233.01,105.965,151.5567,0.273
tbn,253,0,71,232.765,106.085,156.2533,0.2731
tbn,253,0,72,232.46,106.215,157.3769,0.39
tbn,253,0,73,232.165,106.345,154.4426,0.2549
tbn,253,0,74,231.935,106.475,146.8892,0.2746
tbn,253,0,75,231.775,106.595,135.0049,0.1273
tbn,253,0,76,231.695,106.695,122.4645,0.1304
tbn,253,0,77,231.635,106.815,111.038,0.1393
tbn,253,0,78,231.605,106.95,94.0838,0.1403
tbn,253,0,79,231.605,107.1,86.4257,0.1603
tbn,253,0,80,231.64,107.25,66.8044,0.1523
tbn,253,0,81,231.71,107.38,56.3083,0.1442
tbn,253,0,82,231.805,107.495,44.996,0.1556
tbn,253,0,83,231.995,107.62,27.4097,0.3041
tbn,253,0,84,232.275,107.715,9.7803,0.2943
tbn,253,0,85,232.55,107.725,173.4186,0.2617
tbn,253,0,86,232.785,107.665,156.8014,0.2285
tbn,253,0,87,232.975,107.545,138.5772,0.2267
tbn,253,0,88,233.135,107.365,125.5404,0.2581
tbn,253,0,89,233.465,107.41,30.4648,0.5917
tbn,254,0,0,236.73,108.11,0.0,0.64
tbn,254,0,1,236.41,105.635,90.0,4.95
tbn,254,0,2,236.73,103.16,0.0,0.64
tbn,254,0,3,237.05,105.635,90.0,4.95
tbn,255,0,0,240.65,107.645,125.2144,0.2081
tbn,255,0,1,240.525,107.805,130.9166,0.1985
tbn,255,0,2,240.39,107.94,139.3997,0.1844
tbn,255,0,3,240.24,108.05,147.9936,0.1887
tbn,255,0,4,240.075,108.14,154.8023,0.1879
tbn,255,0,5,239.9,108.21,161.5651,0.1897
tbn,255,0,6,239.715,108.26,168.109,0.1942
tbn,255,0,7,239.52,108.285,177.1348,0.2002
tbn,255,0,8,239.28,108.28,4.0894,0.2807
tbn,255,0,9,239.005,108.24,12.5288,0.2766
tbn,255,0,10,238.745,108.155,23.7467,0.2731
tbn,255,0,11,238.51,108.03,32.4738,0.2608
tbn,255,0,12,238.305,107.87,43.4503,0.2617
tbn,255,0,13,238.135,107.67,55.7144,0.2663
tbn,255,0,14,238.015,107.435,70.1988,0.2657
tbn,255,0,15,237.955,107.165,84.0943,0.2916
tbn,255,0,16,237.95,106.895,94.5749,0.2508
tbn,255,0,17,237.995,106.66,107.6518,0.2309
tbn,255,0,18,238.085,106.455,120.065,0.2195
tbn,255,0,19,238.205,106.28,129.0996,0.2061
tbn,255,0,20,238.355,106.13,140.5243,0.2202
tbn,255,0,21,238.535,105.995,145.619,0.2302
tbn,255,0,22,238.73,105.875,151.1921,0.2282
tbn,255,0,23,238.935,105.77,154.536,0.2326
tbn,255,0,24,239.21,105.65,157.6175,0.3677
tbn,255,0,25,239.535,105.5,152.6997,0.3489
tbn,255,0,26,239.825,105.325,144.8702,0.3301
tbn,255,0,27,240.015,105.17,132.5045,0.1628
tbn,255,0,28,240.115,105.04,122.7371,0.1664
tbn,255,0,29,240.185,104.885,106.3893,0.1772
tbn,255,0,30,240.22,104.705,96.0102,0.1911
tbn,255,0,31,240.22,104.51,84.2877,0.201
tbn,255,0,32,240.185,104.32,74.4744,0.1868
tbn,255,0,33,240.12,104.145,64.8001,0.1879
tbn,255,0,34,240.025,103.985,53.7449,0.186
tbn,255,0,35,239.905,103.85,42.7105,0.1769
tbn,255,0,36,239.76,103.74,32.0064,0.1887
tbn,255,0,37,239.595,103.665,16.3954,0.1772
tbn,255,0,38,239.415,103.625,8.9722,0.1924
tbn,255,0,39,239.225,103.62,173.9852,0.1911
tbn,255,0,40,239.035,103.66,162.4753,0.1993
tbn,255,0,41,238.86,103.73,153.4371,0.1789
tbn,255,0,42,238.705,103.83,141.343,0.1921
tbn,255,0,43,238.575,103.96,128.1545,0.1781
tbn,255,0,44,238.475,104.11,119.3562,0.1836
tbn,255,0,45,238.4,104.285,107.5247,0.1993
tbn,255,0,46,238.36,104.48,95.7123,0.201
tbn,255,0,47,238.03,104.515,11.4798,0.6531
tbn,255,0,48,237.745,104.3,103.1346,0.3081
tbn,255,0,49,237.835,104.02,112.9286,0.2823
tbn,255,0,50,237.965,103.77,122.008,0.283
tbn,255,0,51,238.135,103.55,133.5342,0.2759
tbn,255,0,52,238.34,103.37,143.9722,0.272
tbn,255,0,53,238.575,103.23,154.3542,0.2773
tbn,255,0,54,238.835,103.13,163.4976,0.2816
tbn,255,0,55,239.12,103.08,176.1881,0.3007
tbn,255,0,56,239.43,103.08,3.5743,0.3206
tbn,255,0,57,239.74,103.13,14.9296,0.3105
tbn,255,0,58,240.025,103.24,27.4097,0.3041
tbn,255,0,59,240.28,103.4,36.8681,0.3
tbn,255,0,60,240.5,103.6,47.7269,0.2973
tbn,255,0,61,240.675,103.845,60.9481,0.3089
tbn,255,0,62,240.795,104.13,73.2981,0.3132
tbn,255,0,63,240.855,104.445,84.8056,0.3313
tbn,255,0,64,240.86,104.76,93.8147,0.3007
tbn,255,0,65,240.81,105.04,107.1044,0.272
tbn,255,0,66,240.715,105.28,116.5651,0.246
tbn,255,0,67,240.585,105.49,126.8671,0.25
tbn,255,0,68,240.42,105.675,136.6356,0.2476
tbn,255,0,69,240.22,105.83,147.5319,0.2608
tbn,255,0,70,239.995,105.965,150.5227,0.2642
tbn,255,0,71,239.75,106.085,157.0702,0.2823
tbn,255,0,72,239.445,106.215,156.7984,0.3808
tbn,255,0,73,239.15,106.345,155.3784,0.264
tbn,255,0,74,238.92,106.475,145.7144,0.2663
tbn,255,0,75,238.765,106.595,135.0049,0.1273
tbn,255,0,76,238.68,106.695,126.0241,0.136
tbn,255,0,77,238.62,106.815,107.0994,0.136
tbn,255,0,78,238.59,106.95,98.1327,0.1414
tbn,255,0,79,238.59,107.1,82.8736,0.1612
tbn,255,0,80,238.625,107.25,70.347,0.1487
tbn,255,0,81,238.695,107.38,53.1301,0.15
tbn,255,0,82,238.79,107.495,47.7208,0.1487
tbn,255,0,83,238.975,107.62,27.411,0.3041
tbn,255,0,84,239.255,107.715,9.7798,0.2943
tbn,255,0,85,239.53,107.725,173.4182,0.2617
tbn,255,0,86,239.765,107.665,156.8029,0.2285
tbn,255,0,87,239.96,107.545,140.1944,0.2343
tbn,255,0,88,240.125,107.365,125.5404,0.2581
tbn,255,0,89,240.455,107.41,30.4648,0.5917
tbn,256,0,0,245.09,105.36,12.9944,0.2668
tbn,256,0,1,245.335,105.44,23.4988,0.2508
tbn,256,0,2,245.55,105.56,34.9894,0.2441
tbn,256,0,3,245.735,105.715,45.0026,0.2404
tbn,256,0,4,245.89,105.9,55.0097,0.2441
tbn,256,0,5,246.01,106.115,66.4984,0.2508
tbn,256,0,6,246.09,106.35,75.9655,0.2474
tbn,256,0,7,246.13,106.595,85.4286,0.2508
tbn,256,0,8,246.12,106.89,96.7088,0.3423
tbn,256,0,9,246.04,107.22,110.5566,0.3417
tbn,256,0,10,245.88,107.52,125.5374,0.3441
tbn,256,0,11,245.65,107.77,139.7645,0.3406
tbn,256,0,12,245.36,107.945,157.8893,0.3454
tbn,256,0,13,245.03,108.045,168.3656,0.3471
tbn,256,0,14,244.685,108.09,176.7312,0.3506
tbn,256,0,15,244.34,108.105,178.3137,0.3401
tbn,256,0,16,243.78,108.11,0.0,0.78
tbn,256,0,17,243.39,105.635,90.0,4.95
tbn,256,0,18,243.71,103.16,0.0,0.64
tbn,256,0,19,244.03,104.21,90.0,2.1
tbn,256,0,20,244.165,105.26,0.0,0.27
tbn,256,0,21,245.04,104.21,125.1748,2.5691
tbn,256,0,22,246.15,103.16,0.0,0.74
tbn,256,0,23,245.74,104.245,125.7119,2.6726
tbn,256,1,0,244.115,107.56,0.0,0.17
tbn,256,1,1,244.32,107.555,177.6116,0.2402
tbn,256,1,2,244.56,107.54,175.2391,0.2408
tbn,256,1,3,244.8,107.505,168.2278,0.2452
tbn,256,1,4,245.025,107.445,161.5626,0.2214
tbn,256,1,5,245.225,107.355,149.935,0.2195
tbn,256,1,6,245.39,107.225,133.0261,0.2052
tbn,256,1,7,245.51,107.05,116.5651,0.2236
tbn,256,1,8,245.575,106.825,96.8425,0.2518
tbn,256,1,9,245.575,106.57,83.4186,0.2617
tbn,256,1,10,245.515,106.335,66.7979,0.2285
tbn,256,1,11,245.4,106.155,46.9739,0.2052
tbn,256,1,12,245.245,106.025,32.902,0.2025
tbn,256,1,13,245.055,105.93,20.8593,0.2247
tbn,256,1,14,244.835,105.865,12.2613,0.2354
tbn,256,1,15,244.6,105.83,4.7685,0.2408
tbn,256,1,16,244.355,105.82,0.0,0.25
tbn,256,1,17,244.13,105.82,0.0,0.2
tbn,256,1,18,244.03,106.69,90.0,1.74
tbn,257,0,0,248.32,103.16,0.0,2.7
tbn,257,0,1,249.67,103.435,90.0,0.55
tbn,257,0,2,248.645,103.71,0.0,2.05
tbn,257,0,3,247.62,104.67,90.0,1.92
tbn,257,0,4,248.615,105.63,0.0,1.99
tbn,257,0,5,249.61,105.905,90.0,0.55
tbn,257,0,6,248.615,106.18,0.0,1.99
tbn,257,0,7,247.62,106.87,90.0,1.38
tbn,257,0,8,248.645,107.56,0.0,2.05
tbn,257,0,9,249.67,107.835,90.0,0.55
tbn,257,0,10,248.32,108.11,0.0,2.7
tbn,257,0,11,246.97,105.635,90.0,4.95
tbn,258,0,0,254.87,103.435,137.6192,1.083
tbn,258,0,1,254.56,103.89,44.9976,0.2546
tbn,258,0,2,254.73,104.085,52.6969,0.264
tbn,258,0,3,254.88,104.3,57.5291,0.2608
tbn,258,0,4,255.005,104.525,64.441,0.255
tbn,258,0,5,255.105,104.765,70.1988,0.2657
tbn,258,0,6,255.185,105.015,74.3594,0.2596
tbn,258,0,7,255.24,105.275,81.5709,0.2729
tbn,258,0,8,255.265,105.545,87.88,0.2702
tbn,258,0,9,255.265,105.815,92.1198,0.2702
tbn,258,0,10,255.24,106.08,98.7477,0.2631
tbn,258,0,11,255.185,106.335,105.6406,0.2596
tbn,258,0,12,255.105,106.58,110.5592,0.2563
tbn,258,0,13,255.005,106.815,115.562,0.2549
tbn,258,0,14,254.885,107.04,120.5771,0.2555
tbn,258,0,15,254.745,107.25,126.8699,0.25
tbn,258,0,16,254.585,107.44,133.3643,0.2476
tbn,258,0,17,254.405,107.615,138.1779,0.255
tbn,258,0,18,254.21,107.775,143.1308,0.25
tbn,258,0,19,254.0,107.915,149.42,0.2555
tbn,258,0,20,253.775,108.035,154.4426,0.2549
tbn,258,0,21,253.545,108.13,160.8169,0.2435
tbn,258,0,22,253.305,108.205,164.3562,0.2596
tbn,258,0,23,253.05,108.26,171.2589,0.2631
tbn,258,0,24,252.79,108.285,177.7952,0.2602
tbn,258,0,25,252.53,108.285,2.2048,0.2602
tbn,258,0,26,252.27,108.26,8.7411,0.2631
tbn,258,0,27,252.015,108.205,15.6438,0.2596
tbn,258,0,28,251.77,108.13,18.4393,0.253
tbn,258,0,29,251.54,108.035,26.5619,0.246
tbn,258,0,30,251.32,107.915,30.58,0.2555
tbn,258,0,31,251.11,107.775,36.8692,0.25
tbn,258,0,32,250.915,107.615,41.8221,0.255
tbn,258,0,33,250.735,107.44,46.6357,0.2476
tbn,258,0,34,250.575,107.25,53.1301,0.25
tbn,258,0,35,250.435,107.04,59.4229,0.2555
tbn,258,0,36,250.315,106.815,64.438,0.2549
tbn,258,0,37,250.215,106.58,69.4408,0.2563
tbn,258,0,38,250.135,106.335,74.3594,0.2596
tbn,258,0,39,250.08,106.08,81.2523,0.2631
tbn,258,0,40,250.055,105.815,87.8802,0.2702
tbn,258,0,41,250.055,105.54,92.0443,0.2802
tbn,258,0,42,250.08,105.265,98.4291,0.2729
tbn,258,0,43,250.135,105.0,105.0663,0.2693
tbn,258,0,44,250.21,104.75,108.436,0.253
tbn,258,0,45,250.31,104.515,117.5537,0.2594
tbn,258,0,46,250.435,104.29,120.5771,0.2555
tbn,258,0,47,250.575,104.085,128.296,0.2421
tbn,258,0,48,250.735,103.895,131.8195,0.255
tbn,258,0,49,250.91,103.72,138.3647,0.2408
tbn,258,0,50,251.105,103.565,144.4643,0.2581
tbn,258,0,51,251.315,103.43,150.2488,0.2419
tbn,258,0,52,251.535,103.315,154.4441,0.255
tbn,258,0,53,251.77,103.22,161.5607,0.253
tbn,258,0,54,252.015,103.145,164.3627,0.2596
tbn,258,0,55,252.27,103.095,173.4186,0.2617
tbn,258,0,56,252.53,103.075,177.7952,0.2602
tbn,258,0,57,252.84,103.08,3.1781,0.3606
tbn,258,0,58,253.205,103.13,12.2032,0.3785
tbn,258,0,59,253.565,103.235,20.3768,0.3734
tbn,258,0,60,253.905,103.39,28.6093,0.3759
tbn,258,0,61,254.28,103.275,135.6899,0.5869
tbn,258,0,62,254.88,103.07,0.0,0.78
tbn,258,1,0,252.895,105.05,0.0,0.77
tbn,258,1,1,253.075,104.48,134.747,1.6052
tbn,258,1,2,253.52,103.845,28.4448,0.2729
tbn,258,1,3,253.275,103.735,19.7981,0.2657
tbn,258,1,4,253.025,103.66,13.4952,0.2571
tbn,258,1,5,252.78,103.62,4.7609,0.2408
tbn,258,1,6,252.56,103.615,177.1435,0.2002
tbn,258,1,7,252.365,103.64,168.109,0.1942
tbn,258,1,8,252.175,103.685,165.2515,0.1965
tbn,258,1,9,251.99,103.74,161.5651,0.1897
tbn,258,1,10,251.735,103.865,150.0683,0.3808
tbn,258,1,11,251.42,104.085,140.1947,0.3905
tbn,258,1,12,251.15,104.36,128.6616,0.3842
tbn,258,1,13,250.94,104.685,117.2148,0.3936
tbn,258,1,14,250.815,104.955,110.2266,0.2025
tbn,258,1,15,250.755,105.15,104.0342,0.2061
tbn,258,1,16,250.715,105.355,98.133,0.2122
tbn,258,1,17,250.695,105.57,92.6015,0.2202
tbn,258,1,18,250.695,105.785,87.2755,0.2103
tbn,258,1,19,250.715,105.99,81.4645,0.2022
tbn,258,1,20,250.75,106.185,78.1134,0.1942
tbn,258,1,21,250.8,106.375,72.4753,0.1993
tbn,258,1,22,250.92,106.645,62.7833,0.3936
tbn,258,1,23,251.125,106.975,53.4273,0.386
tbn,258,1,24,251.385,107.255,40.7643,0.3829
tbn,258,1,25,251.695,107.48,31.2198,0.3859
tbn,258,1,26,251.955,107.615,20.2185,0.2025
tbn,258,1,27,252.145,107.675,14.7485,0.1965
tbn,258,1,28,252.345,107.715,8.1301,0.2121
tbn,258,1,29,252.555,107.735,2.7289,0.2102
tbn,258,1,30,252.765,107.735,177.2711,0.2102
tbn,258,1,31,252.975,107.715,171.8699,0.2121
tbn,258,1,32,253.175,107.675,165.2515,0.1965
tbn,258,1,33,253.365,107.615,159.7815,0.2025
tbn,258,1,34,253.625,107.48,148.7802,0.3859
tbn,258,1,35,253.935,107.255,139.2357,0.3829
tbn,258,1,36,254.195,106.975,126.5727,0.386
tbn,258,1,37,254.4,106.645,117.2167,0.3936
tbn,258,1,38,254.52,106.375,107.5247,0.1993
tbn,258,1,39,254.57,106.185,101.891,0.1942
tbn,258,1,40,254.605,105.99,98.5312,0.2022
tbn,258,1,41,254.625,105.785,92.7245,0.2103
tbn,258,1,42,254.61,105.49,83.9916,0.3821
tbn,258,1,43,254.54,105.105,75.6183,0.4026
tbn,258,1,44,254.445,104.82,63.4349,0.2012
tbn,258,1,45,254.355,104.64,63.4311,0.2012
tbn,258,1,46,254.25,104.47,53.1319,0.2
tbn,258,1,47,254.12,104.32,45.0031,0.198
tbn,258,1,48,253.665,104.65,133.9048,1.1104
tbn,259,0,0,255.79,106.545,90.0,3.13
tbn,259,0,1,255.795,104.875,92.7249,0.2102
tbn,259,0,2,255.81,104.675,96.0102,0.1911
tbn,259,0,3,255.84,104.485,101.891,0.1942
tbn,259,0,4,255.89,104.3,108.4349,0.1897
tbn,259,0,5,255.995,104.05,115.1157,0.3534
tbn,259,0,6,256.175,103.75,126.8689,0.35
tbn,259,0,7,256.41,103.495,138.4999,0.3471
tbn,259,0,8,256.7,103.295,152.0235,0.3624
tbn,259,0,9,256.945,103.18,160.5621,0.1803
tbn,259,0,10,257.125,103.125,165.2515,0.1965
tbn,259,0,11,257.315,103.085,171.0278,0.1924
tbn,259,0,12,257.515,103.07,0.0,0.21
tbn,259,0,13,257.725,103.07,0.0,0.21
tbn,259,0,14,257.93,103.085,8.5299,0.2022
tbn,259,0,15,258.12,103.125,15.5301,0.1868
tbn,259,0,16,258.3,103.18,18.4349,0.1897
tbn,259,0,17,258.545,103.295,28.7376,0.3535
tbn,259,0,18,258.83,103.495,41.4968,0.3471
tbn,259,0,19,259.065,103.75,53.1311,0.35
tbn,259,0,20,259.25,104.05,63.4349,0.3578
tbn,259,0,21,259.355,104.3,74.4699,0.1868
tbn,259,0,22,259.4,104.485,78.1178,0.1942
tbn,259,0,23,259.435,104.675,81.0278,0.1924
tbn,259,0,24,259.455,104.875,87.2709,0.2102
tbn,259,0,25,259.46,106.545,90.0,3.13
tbn,259,0,26,259.135,108.11,0.0,0.65
tbn,259,0,27,258.81,106.65,90.0,2.92
tbn,259,0,28,258.805,105.04,88.0889,0.3002
tbn,259,0,29,258.78,104.745,82.1453,0.2928
tbn,259,0,30,258.725,104.465,75.4696,0.2789
tbn,259,0,31,258.63,104.215,62.4493,0.2594
tbn,259,0,32,258.495,104.0,53.1231,0.25
tbn,259,0,33,258.315,103.825,35.5377,0.2581
tbn,259,0,34,258.145,103.72,24.7845,0.1432
tbn,259,0,35,258.015,103.67,17.0933,0.136
tbn,259,0,36,257.87,103.635,10.619,0.1628
tbn,259,0,37,257.705,103.62,0.0,0.17
tbn,259,0,38,257.535,103.62,0.0,0.17
tbn,259,0,39,257.375,103.635,168.6901,0.153
tbn,259,0,40,257.23,103.67,164.0612,0.1456
tbn,259,0,41,257.1,103.72,153.4291,0.1342
tbn,259,0,42,256.935,103.825,144.4623,0.2581
tbn,259,0,43,256.75,104.0,128.663,0.2561
tbn,259,0,44,256.615,104.215,115.5559,0.255
tbn,259,0,45,256.52,104.465,106.5083,0.2816
tbn,259,0,46,256.46,104.745,97.8488,0.2928
tbn,259,0,47,256.435,105.04,91.9111,0.3002
tbn,259,0,48,256.43,106.65,90.0,2.92
tbn,259,0,49,256.11,108.11,0.0,0.64
tbn,260,0,0,260.62,108.11,0.0,0.64
tbn,260,0,1,260.3,105.635,90.0,4.95
tbn,260,0,2,260.62,103.16,0.0,0.64
tbn,260,0,3,260.94,105.635,90.0,4.95
tbn,261,0,0,263.53,105.36,12.9936,0.2668
tbn,261,0,1,263.775,105.44,23.5016,0.2508
tbn,261,0,2,263.99,105.56,34.9873,0.2441
tbn,261,0,3,264.175,105.715,45.0051,0.2404
tbn,261,0,4,264.33,105.9,55.0068,0.2441
tbn,261,0,5,264.45,106.115,66.4984,0.2508
tbn,261,0,6,264.53,106.35,75.9655,0.2474
tbn,261,0,7,264.57,106.595,85.4286,0.2508
tbn,261,0,8,264.56,106.89,96.7063,0.3423
tbn,261,0,9,264.48,107.22,110.5614,0.3417
tbn,261,0,10,264.32,107.52,125.5353,0.3441
tbn,261,0,11,264.085,107.77,140.8282,0.3483
tbn,261,0,12,263.795,107.945,157.2481,0.3362
tbn,261,0,13,263.47,108.045,168.3651,0.3471
tbn,261,0,14,263.125,108.09,176.7314,0.3506
tbn,261,0,15,262.78,108.105,178.3137,0.3401
tbn,261,0,16,262.22,108.11,0.0,0.78
tbn,261,0,17,261.83,105.635,90.0,4.95
tbn,261,0,18,262.15,103.16,0.0,0.64
tbn,261,0,19,262.47,104.21,90.0,2.1
tbn,261,0,20,262.6,105.26,0.0,0.26
tbn,261,0,21,263.475,104.21,125.3569,2.5749
tbn,261,0,22,264.585,103.16,0.0,0.73
tbn,261,0,23,264.175,104.245,125.5373,2.6667
tbn,261,1,0,262.555,107.56,0.0,0.17
tbn,261,1,1,262.76,107.555,177.6119,0.2402
tbn,261,1,2,263.0,107.54,175.2388,0.2408
tbn,261,1,3,263.24,107.505,168.2271,0.2451
tbn,261,1,4,263.465,107.445,161.5651,0.2214
tbn,261,1,5,263.66,107.355,148.5728,0.2109
tbn,261,1,6,263.825,107.225,135.0,0.2121
tbn,261,1,7,263.945,107.05,114.2256,0.2193
tbn,261,1,8,264.01,106.825,99.0922,0.2532
tbn,261,1,9,264.015,106.57,83.4186,0.2617
tbn,261,1,10,263.955,106.335,66.8014,0.2285
tbn,261,1,11,263.84,106.155,46.9708,0.2052
tbn,261,1,12,263.68,106.025,31.4272,0.2109
tbn,261,1,13,263.49,105.93,21.8044,0.2154
tbn,261,1,14,263.275,105.865,12.2629,0.2354
tbn,261,1,15,263.04,105.83,4.7679,0.2409
tbn,261,1,16,262.795,105.82,0.0,0.25
tbn,261,1,17,262.57,105.82,0.0,0.2
tbn,261,1,18,262.47,106.69,90.0,1.74
tbn,262,0,0,266.76,103.16,0.0,2.7
tbn,262,0,1,268.11,103.435,90.0,0.55
tbn,262,0,2,267.085,103.71,0.0,2.05
tbn,262,0,3,266.06,104.67,90.0,1.92
tbn,262,0,4,267.055,105.63,0.0,1.99
tbn,262,0,5,268.05,105.905,90.0,0.55
tbn,262,0,6,267.055,106.18,0.0,1.99
tbn,262,0,7,266.06,106.87,90.0,1.38
tbn,262,0,8,267.085,107.56,0.0,2.05
tbn,262,0,9,268.11,107.835,90.0,0.55
tbn,262,0,10,266.76,108.11,0.0,2.7
tbn,262,0,11,265.41,105.635,90.0,4.95
tbn,263,0,0,269.365,103.16,0.0,1.03
tbn,263,0,1,270.025,103.165,1.9768,0.2902
tbn,263,0,2,270.31,103.18,4.0834,0.2807
tbn,263,0,3,270.585,103.215,10.4894,0.2746
tbn,263,0,4,270.85,103.275,15.0695,0.2693
tbn,263,0,5,271.105,103.35,17.7482,0.2625
tbn,263,0,6,271.345,103.445,25.5589,0.2549
tbn,263,0,7,271.57,103.56,28.6093,0.2506
tbn,263,0,8,271.78,103.695,36.8671,0.25
tbn,263,0,9,271.97,103.85,41.6353,0.2408
tbn,263,0,10,272.14,104.025,49.8988,0.2484
tbn,263,0,11,272.29,104.22,55.0068,0.2441
tbn,263,0,12,272.42,104.435,62.4493,0.2594
tbn,263,0,13,272.53,104.675,68.1974,0.2693
tbn,263,0,14,272.615,104.93,74.9351,0.2692
tbn,263,0,15,272.67,105.205,82.1453,0.2928
tbn,263,0,16,272.695,105.505,88.1506,0.3102
tbn,263,0,17,272.695,105.81,91.9111,0.3002
tbn,263,0,18,272.67,106.1,98.1319,0.2828
tbn,263,0,19,272.61,106.37,107.0994,0.272
tbn,263,0,20,272.525,106.62,110.556,0.2563
tbn,263,0,21,272.42,106.85,118.6093,0.2506
tbn,263,0,22,272.29,107.06,124.9932,0.2441
tbn,263,0,23,272.135,107.25,133.3617,0.2476
tbn,263,0,24,271.96,107.425,136.638,0.2476
tbn,263,0,25,271.77,107.58,145.0086,0.2441
tbn,263,0,26,271.56,107.71,151.3907,0.2506
tbn,263,0,27,271.335,107.82,156.5012,0.2508
tbn,263,0,28,271.1,107.915,159.444,0.2563
tbn,263,0,29,270.85,107.99,167.0064,0.2668
tbn,263,0,30,270.59,108.045,169.111,0.2648
tbn,263,0,31,270.32,108.085,173.8847,0.2816
tbn,263,0,32,270.04,108.105,177.9526,0.2802
tbn,263,0,33,269.375,108.11,0.0,1.05
tbn,263,0,34,268.85,105.635,90.0,4.95
tbn,263,1,0,269.6,107.56,0.0,0.22
tbn,263,1,1,269.825,107.555,177.5157,0.2302
tbn,263,1,2,270.055,107.54,175.0257,0.2309
tbn,263,1,3,270.285,107.515,172.5683,0.2319
tbn,263,1,4,270.505,107.48,169.2146,0.2138
tbn,263,1,5,270.71,107.43,163.3,0.2088
tbn,263,1,6,270.91,107.365,160.717,0.2119
tbn,263,1,7,271.1,107.285,153.4272,0.2013
tbn,263,1,8,271.275,107.19,149.5425,0.1972
tbn,263,1,9,271.435,107.08,141.3331,0.1921
tbn,263,1,10,271.58,106.95,135.0,0.198
tbn,263,1,11,271.71,106.8,126.8751,0.2
tbn,263,1,12,271.82,106.635,120.4619,0.1972
tbn,263,1,13,271.91,106.45,111.8044,0.2154
tbn,263,1,14,271.98,106.24,105.2544,0.228
tbn,263,1,15,272.03,106.01,99.4647,0.2433
tbn,263,1,16,272.055,105.76,92.1979,0.2602
tbn,263,1,17,272.055,105.5,87.8021,0.2602
tbn,263,1,18,272.03,105.25,80.5353,0.2433
tbn,263,1,19,271.98,105.025,74.0546,0.2184
tbn,263,1,20,271.91,104.82,68.1956,0.2154
tbn,263,1,21,271.82,104.63,60.9503,0.2059
tbn,263,1,22,271.71,104.46,53.1249,0.2
tbn,263,1,23,271.58,104.315,42.8832,0.191
tbn,263,1,24,271.435,104.19,38.6598,0.1921
tbn,263,1,25,271.275,104.075,32.9069,0.2025
tbn,263,1,26,271.1,103.975,26.5651,0.2012
tbn,263,1,27,270.91,103.895,19.283,0.2119
tbn,263,1,28,270.71,103.83,16.7,0.2088
tbn,263,1,29,270.505,103.78,10.7854,0.2138
tbn,263,1,30,270.285,103.745,7.4317,0.2319
tbn,263,1,31,270.055,103.72,4.9743,0.2309
tbn,263,1,32,269.825,103.71,0.0,0.23
tbn,263,1,33,269.6,103.71,0.0,0.22
tbn,263,1,34,269.49,105.635,90.0,3.85
tbn,264,0,0,273.63,103.785,12.0931,0.1432
tbn,264,0,1,273.5,103.73,33.6867,0.1442
tbn,264,0,2,273.4,103.63,56.32,0.1442
tbn,264,0,3,273.345,103.5,77.9044,0.1432
tbn,264,0,4,273.345,103.36,102.0931,0.1432
tbn,264,0,5,273.4,103.23,123.6867,0.1442
tbn,264,0,6,273.5,103.13,146.3133,0.1442
tbn,264,0,7,273.63,103.08,171.8629,0.1414
tbn,264,0,8,273.77,103.08,8.1371,0.1414
tbn,264,0,9,273.9,103.13,33.6867,0.1442
tbn,264,0,10,274.0,103.23,56.3133,0.1442
tbn,264,0,11,274.055,103.36,77.9069,0.1432
tbn,264,0,12,274.055,103.5,102.0956,0.1432
tbn,264,0,13,274.0,103.63,123.68,0.1442
tbn,264,0,14,273.9,103.73,146.3133,0.1442
tbn,264,0,15,273.77,103.785,167.9069,0.1432
tbn,265,0,0,249.305,275.535,101.2774,6.9033
tbn,265,0,1,246.71,281.79,123.782,6.906
tbn,265,0,2,241.92,286.58,146.2179,6.906
tbn,265,0,3,235.66,289.175,168.7388,6.9131
tbn,265,0,4,228.885,289.175,11.2774,6.9033
tbn,265,0,5,222.625,286.58,33.736,6.9143
tbn,265,0,6,217.83,281.79,56.218,6.906
tbn,265,0,7,215.24,275.535,78.8039,6.9013
tbn,265,0,8,215.24,268.76,101.18,6.9112
tbn,265,0,9,217.83,262.5,123.7821,6.906
tbn,265,0,10,222.625,257.71,146.2638,6.9144
tbn,265,0,11,228.885,255.115,168.7228,6.9033
tbn,265,0,12,235.66,255.115,11.261,6.9131
tbn,265,0,13,241.92,257.71,33.7823,6.906
tbn,265,0,14,246.71,262.5,56.2179,6.906
tbn,265,0,15,249.305,268.76,78.7388,6.9131
tbn,266,0,0,232.855,299.235,86.3723,18.8077
tbn,267,0,0,233.68,308.62,0.0,20.38
tbn,267,0,1,243.87,314.605,90.0,11.97
tbn,267,0,2,233.68,320.59,0.0,20.38
tbn,267,0,3,223.49,314.605,90.0,11.97
tbn,267,1,0,225.44,314.61,90.0,8.08
tbn,267,1,1,233.68,318.65,0.0,16.48
tbn,267,1,2,241.92,314.61,90.0,8.08
tbn,267,1,3,233.68,310.57,0.0,16.48
tbn,268,0,0,228.75,315.995,90.0,1.87
tbn,268,0,1,228.45,316.93,0.0,0.6
tbn,268,0,2,228.15,314.63,90.0,4.6
tbn,268,0,3,228.45,312.33,0.0,0.6
tbn,268,0,4,228.75,313.44,90.0,2.22
tbn,268,0,5,229.815,314.55,0.0,2.13
tbn,268,0,6,230.88,313.44,90.0,2.22
tbn,268,0,7,231.175,312.33,0.0,0.59
tbn,268,0,8,231.47,314.63,90.0,4.6
tbn,268,0,9,231.175,316.93,0.0,0.59
tbn,268,0,10,230.88,315.995,90.0,1.87
tbn,268,0,11,229.815,315.06,0.0,2.13
tbn,269,0,0,235.025,316.505,126.2551,0.186
tbn,269,0,1,234.91,316.65,130.5972,0.1844
tbn,269,0,2,234.785,316.775,139.7685,0.1703
tbn,269,0,3,234.645,316.88,146.3072,0.1803
tbn,269,0,4,234.49,316.965,156.3689,0.1746
tbn,269,0,5,234.33,317.03,159.4452,0.1709
tbn,269,0,6,234.16,317.075,170.5377,0.1825
tbn,269,0,7,233.975,317.095,176.9843,0.1903
tbn,269,0,8,233.75,317.09,4.4028,0.2608
tbn,269,0,9,233.495,317.05,13.4952,0.2571
tbn,269,0,10,233.255,316.975,21.3702,0.247
tbn,269,0,11,233.035,316.86,33.6939,0.2524
tbn,269,0,12,232.845,316.71,43.2572,0.2334
tbn,269,0,13,232.69,316.525,56.3128,0.2524
tbn,269,0,14,232.58,316.305,70.8225,0.2435
tbn,269,0,15,232.525,316.055,83.6573,0.2717
tbn,269,0,16,232.52,315.805,94.9712,0.2308
tbn,269,0,17,232.56,315.59,106.6976,0.2088
tbn,269,0,18,232.64,315.4,119.0571,0.2059
tbn,269,0,19,232.755,315.235,130.9166,0.1985
tbn,269,0,20,232.895,315.095,139.0834,0.1985
tbn,269,0,21,233.055,314.97,144.7832,0.2081
tbn,269,0,22,233.235,314.86,152.2403,0.2147
tbn,269,0,23,233.43,314.765,155.7728,0.2193
tbn,269,0,24,233.685,314.65,155.693,0.3402
tbn,269,0,25,233.985,314.51,154.2339,0.322
tbn,269,0,26,234.26,314.35,145.3008,0.3162
tbn,269,0,27,234.44,314.205,132.2792,0.1487
tbn,269,0,28,234.53,314.08,119.7429,0.1613
tbn,269,0,29,234.595,313.935,108.4315,0.1581
tbn,269,0,30,234.625,313.77,93.1831,0.1803
tbn,269,0,31,234.625,313.59,86.8169,0.1803
tbn,269,0,32,234.595,313.415,73.6155,0.1772
tbn,269,0,33,234.535,313.25,66.3689,0.1746
tbn,269,0,34,234.45,313.105,52.435,0.164
tbn,269,0,35,234.335,312.98,42.7072,0.1769
tbn,269,0,36,234.2,312.875,32.7343,0.1664
tbn,269,0,37,234.05,312.805,17.3497,0.1676
tbn,269,0,38,233.88,312.77,6.3466,0.1811
tbn,269,0,39,233.7,312.77,173.6539,0.1811
tbn,269,0,40,233.525,312.805,163.6141,0.1772
tbn,269,0,41,233.365,312.87,151.9215,0.17
tbn,269,0,42,233.22,312.96,144.4688,0.172
tbn,269,0,43,233.095,313.075,130.2355,0.1703
tbn,269,0,44,233.0,313.22,116.5651,0.1789
tbn,269,0,45,232.935,313.385,106.3893,0.1772
tbn,269,0,46,232.9,313.565,96.0102,0.1911
tbn,269,0,47,232.595,313.595,12.4265,0.6041
tbn,269,0,48,232.33,313.395,102.5274,0.2766
tbn,269,0,49,232.41,313.135,111.8026,0.2693
tbn,269,0,50,232.53,312.9,122.4709,0.2608
tbn,269,0,51,232.69,312.7,135.0,0.2545
tbn,269,0,52,232.88,312.53,141.3391,0.2561
tbn,269,0,53,233.095,312.395,154.4441,0.255
tbn,269,0,54,233.34,312.305,164.9297,0.2693
tbn,269,0,55,233.605,312.26,175.766,0.2707
tbn,269,0,56,233.89,312.265,5.7103,0.3015
tbn,269,0,57,234.18,312.315,14.0377,0.2886
tbn,269,0,58,234.445,312.415,27.4698,0.2818
tbn,269,0,59,234.68,312.56,36.0278,0.272
tbn,269,0,60,234.88,312.745,49.4028,0.2766
tbn,269,0,61,235.04,312.975,60.7513,0.2865
tbn,269,0,62,235.155,313.235,71.5651,0.2846
tbn,269,0,63,235.215,313.525,84.4726,0.3114
tbn,269,0,64,235.22,313.82,94.0834,0.2807
tbn,269,0,65,235.175,314.08,106.2624,0.25
tbn,269,0,66,235.085,314.305,117.6436,0.2371
tbn,269,0,67,234.96,314.5,127.876,0.228
tbn,269,0,68,234.805,314.67,136.7347,0.2335
tbn,269,0,69,234.625,314.82,143.6191,0.236
tbn,269,0,70,234.42,314.945,153.4318,0.246
tbn,269,0,71,234.19,315.055,155.3784,0.264
tbn,269,0,72,233.905,315.175,158.4979,0.3547
tbn,269,0,73,233.63,315.29,155.5548,0.2417
tbn,269,0,74,233.415,315.41,146.3138,0.2524
tbn,269,0,75,233.27,315.525,131.6257,0.1204
tbn,269,0,76,233.195,315.62,124.9955,0.122
tbn,269,0,77,233.14,315.73,108.4393,0.1265
tbn,269,0,78,233.11,315.855,98.7411,0.1315
tbn,269,0,79,233.11,315.995,82.4107,0.1514
tbn,269,0,80,233.145,316.135,68.9575,0.1393
tbn,269,0,81,233.21,316.255,53.9759,0.136
tbn,269,0,82,233.3,316.36,45.0,0.1414
tbn,269,0,83,233.47,316.475,28.4392,0.2729
tbn,269,0,84,233.73,316.565,10.1283,0.2844
tbn,269,0,85,233.985,316.575,172.5692,0.232
tbn,269,0,86,234.2,316.52,158.1941,0.2154
tbn,269,0,87,234.385,316.41,140.5304,0.2202
tbn,269,0,88,234.535,316.245,124.381,0.2302
tbn,269,0,89,234.84,316.29,30.2566,0.5557
tbn,270,0,0,239.11,314.375,90.0,4.09
tbn,270,0,1,239.365,312.33,0.0,0.51
tbn,270,0,2,239.62,314.63,90.0,4.6
tbn,270,0,3,239.12,316.93,0.0,1.0
tbn,270,0,4,238.46,316.675,57.8949,0.6021
tbn,270,0,5,238.705,316.42,0.0,0.81
tbn,271,0,0,68.915,529.04,9.6783,1.3086
tbn,271,0,1,69.85,529.69,61.7624,1.2259
tbn,271,0,2,70.39,529.69,114.8424,1.1901
tbn,271,0,3,71.325,529.04,170.877,1.3875
tbn,271,0,4,71.58,528.465,47.2395,1.2667
tbn,271,0,5,71.26,527.315,99.1229,1.3876
tbn,271,0,6,70.755,526.99,149.6566,1.4252
tbn,271,0,7,69.565,526.99,32.0502,1.3568
tbn,271,0,8,69.095,527.315,81.2853,1.386
tbn,272,0,0,308.205,524.01,0.0,0.21
tbn,272,0,1,308.405,523.995,171.0278,0.1924
tbn,272,0,2,308.58,523.945,156.3712,0.1746
tbn,272,0,3,308.73,523.86,144.4656,0.1721
tbn,272,0,4,308.86,523.745,132.7072,0.1769
tbn,272,0,5,308.96,523.6,116.5618,0.1789
tbn,272,0,6,309.03,523.425,107.5247,0.1993
tbn,272,0,7,309.07,523.23,95.7162,0.201
tbn,272,0,8,309.07,523.035,83.9852,0.1911
tbn,272,0,9,309.035,522.855,73.6141,0.1772
tbn,272,0,10,308.97,522.695,61.9227,0.17
tbn,272,0,11,308.88,522.555,52.4376,0.164
tbn,272,0,12,308.765,522.435,40.2355,0.1703
tbn,272,0,13,308.625,522.34,28.074,0.17
tbn,272,0,14,308.465,522.27,19.4379,0.1803
tbn,272,0,15,308.285,522.235,3.0134,0.1903
tbn,272,0,16,308.11,522.235,176.423,0.1603
tbn,272,0,17,307.955,522.26,165.0704,0.1552
tbn,272,0,18,307.805,522.31,158.1961,0.1616
tbn,272,0,19,307.665,522.38,148.3929,0.1526
tbn,272,0,20,307.545,522.475,134.998,0.1555
tbn,272,0,21,307.445,522.59,126.8775,0.15
tbn,272,0,22,307.37,522.72,113.1978,0.1523
tbn,272,0,23,307.32,522.875,103.2336,0.1746
tbn,272,0,24,307.02,522.96,0.0,0.56
tbn,272,0,25,306.76,522.825,98.4225,0.2729
tbn,272,0,26,306.83,522.565,111.8026,0.2693
tbn,272,0,27,306.945,522.335,121.7606,0.247
tbn,272,0,28,307.1,522.14,134.9988,0.2546
tbn,272,0,29,307.295,521.98,146.309,0.2524
tbn,272,0,30,307.515,521.855,154.441,0.255
tbn,272,0,31,307.755,521.77,166.5048,0.2571
tbn,272,0,32,308.015,521.73,175.7625,0.2707
tbn,272,0,33,308.3,521.73,3.8147,0.3007
tbn,272,0,34,308.59,521.775,14.0362,0.2886
tbn,272,0,35,308.85,521.87,26.5651,0.2683
tbn,272,0,36,309.075,522.01,37.3057,0.264
tbn,272,0,37,309.265,522.19,49.6328,0.2625
tbn,272,0,38,309.415,522.405,60.5235,0.2642
tbn,272,0,39,309.52,522.66,74.0571,0.2912
tbn,272,0,40,309.575,522.95,84.2896,0.3015
tbn,272,0,41,309.585,523.19,93.1732,0.1803
tbn,272,0,42,309.565,523.37,99.4619,0.1825
tbn,272,0,43,309.53,523.54,104.0388,0.1649
tbn,272,0,44,309.475,523.7,113.6321,0.1746
tbn,272,0,45,309.4,523.85,119.7395,0.1612
tbn,272,0,46,309.305,523.985,130.241,0.1703
tbn,272,0,47,309.185,524.105,139.7645,0.1703
tbn,272,0,48,309.045,524.21,146.3093,0.1803
tbn,272,0,49,309.085,524.36,41.0073,0.3048
tbn,272,0,50,309.285,524.58,54.6921,0.2941
tbn,272,0,51,309.4,524.77,66.8022,0.1523
tbn,272,0,52,309.45,524.915,75.0657,0.1552
tbn,272,0,53,309.48,525.07,82.8679,0.1612
tbn,272,0,54,309.495,525.235,86.6405,0.1703
tbn,272,0,55,309.49,525.455,94.234,0.2707
tbn,272,0,56,309.44,525.715,107.7482,0.2625
tbn,272,0,57,309.345,525.945,117.6429,0.2371
tbn,272,0,58,309.21,526.14,131.6341,0.2408
tbn,272,0,59,309.035,526.305,141.7099,0.2421
tbn,272,0,60,308.83,526.43,155.5565,0.2417
tbn,272,0,61,308.595,526.515,164.3578,0.2596
tbn,272,0,62,308.34,526.56,175.6022,0.2608
tbn,272,0,63,308.075,526.56,4.2359,0.2707
tbn,272,0,64,307.815,526.52,13.4952,0.2571
tbn,272,0,65,307.58,526.445,22.2498,0.2377
tbn,272,0,66,307.38,526.335,35.8382,0.222
tbn,272,0,67,307.21,526.185,46.736,0.2335
tbn,272,0,68,307.065,526.0,56.9747,0.2385
tbn,272,0,69,306.955,525.78,69.4446,0.2563
tbn,272,0,70,306.88,525.53,77.006,0.2668
tbn,272,0,71,307.135,525.4,0.0,0.57
tbn,272,0,72,307.44,525.47,74.0629,0.1456
tbn,272,0,73,307.485,525.605,68.9562,0.1393
tbn,272,0,74,307.545,525.725,57.5244,0.1304
tbn,272,0,75,307.625,525.83,48.0157,0.1345
tbn,272,0,76,307.725,525.915,32.4745,0.1304
tbn,272,0,77,307.84,525.98,26.5651,0.1342
tbn,272,0,78,307.97,526.025,12.0931,0.1432
tbn,272,0,79,308.115,526.05,7.5966,0.1513
tbn,272,0,80,308.275,526.05,173.2893,0.1712
tbn,272,0,81,308.435,526.02,165.0677,0.1552
tbn,272,0,82,308.58,525.965,153.4325,0.1565
tbn,272,0,83,308.705,525.885,140.7158,0.1421
tbn,272,0,84,308.81,525.78,129.8066,0.1562
tbn,272,0,85,308.895,525.655,118.2933,0.1476
tbn,272,0,86,308.955,525.51,107.3596,0.1676
tbn,272,0,87,308.985,525.35,93.5799,0.1603
tbn,272,0,88,308.98,525.17,84.284,0.201
tbn,272,0,89,308.945,524.99,72.6496,0.1676
tbn,272,0,90,308.88,524.85,56.3049,0.1442
tbn,272,0,91,308.78,524.74,39.8063,0.1562
tbn,272,0,92,308.655,524.65,31.6071,0.1526
tbn,272,0,93,308.515,524.585,18.4341,0.1581
tbn,272,0,94,308.355,524.545,10.0111,0.1726
tbn,272,0,95,308.175,524.525,3.0111,0.1903
tbn,272,0,96,308.09,524.265,92.2445,0.5104
tbn,273,0,0,311.43,523.96,58.3428,4.5348
tbn,273,0,1,310.46,521.875,144.8339,0.5382
tbn,273,0,2,312.12,524.06,58.3925,5.4952
tbn,273,0,3,311.9,526.4,0.0,3.32
tbn,273,0,4,310.24,526.145,90.0,0.51
tbn,273,0,5,311.43,525.89,0.0,2.38
tbn,274,0,0,314.62,526.37,10.7842,0.4276
tbn,274,0,1,314.25,526.22,34.5106,0.3883
tbn,274,0,2,313.98,525.945,56.3093,0.3966
tbn,274,0,3,313.835,525.57,80.5368,0.4258
tbn,274,0,4,313.835,525.155,99.6899,0.4159
tbn,274,0,5,313.98,524.785,123.6901,0.3966
tbn,274,0,6,314.25,524.515,146.7233,0.3827
tbn,274,0,7,314.62,524.37,169.2158,0.4276
tbn,274,0,8,315.04,524.37,10.7842,0.4276
tbn,274,0,9,315.415,524.515,32.4721,0.3911
tbn,274,0,10,315.69,524.785,56.3099,0.3966
tbn,274,0,11,315.835,525.155,80.3101,0.4159
tbn,274,0,12,315.835,525.57,99.4632,0.4258
tbn,274,0,13,315.69,525.945,123.6907,0.3966
tbn,274,0,14,315.415,526.22,146.3087,0.3966
tbn,274,0,15,315.04,526.37,169.2158,0.4276
tbn,274,1,0,314.725,524.83,169.215,0.2138
tbn,274,1,1,314.53,524.91,146.3144,0.2163
tbn,274,1,2,314.38,525.06,123.6889,0.2163
tbn,274,1,3,314.3,525.255,100.7786,0.2138
tbn,274,1,4,314.3,525.47,79.7007,0.2236
tbn,274,1,5,314.38,525.67,56.3111,0.2163
tbn,274,1,6,314.53,525.82,33.6873,0.2164
tbn,274,1,7,314.725,525.905,13.3918,0.2159
tbn,274,1,8,314.94,525.905,167.1969,0.2256
tbn,274,1,9,315.14,525.82,146.3083,0.2163
tbn,274,1,10,315.29,525.67,123.6889,0.2163
tbn,274,1,11,315.37,525.47,100.3069,0.2236
tbn,274,1,12,315.37,525.255,79.2134,0.2138
tbn,274,1,13,315.29,525.06,56.3111,0.2163
tbn,274,1,14,315.14,524.91,33.6901,0.2163
tbn,274,1,15,314.94,524.83,10.305,0.2236
tbn,275,0,0,318.95,524.81,90.0,3.64
tbn,275,0,1,317.555,524.555,56.0874,5.0007
tbn,275,0,2,317.3,522.48,0.0,2.28
tbn,275,0,3,318.44,522.14,90.0,0.68
tbn,275,0,4,318.695,521.8,0.0,0.51
tbn,275,0,5,318.95,522.14,90.0,0.68
tbn,275,0,6,319.215,522.48,0.0,0.53
tbn,275,0,7,319.48,522.735,90.0,0.51
tbn,275,0,8,319.215,522.99,0.0,0.53
tbn,275,1,0,317.785,522.99,0.0,1.31
tbn,275,1,1,317.775,523.945,55.9651,2.3048
tbn,275,1,2,318.43,524.9,0.0,0.02
tbn,275,1,3,318.44,523.945,90.0,1.91
tbn,276,0,0,322.85,526.145,90.0,0.51
tbn,276,0,1,321.945,526.4,0.0,1.81
tbn,276,0,2,320.685,525.215,73.3231,2.4741
tbn,276,0,3,320.385,524.03,0.0,0.11
tbn,276,0,4,320.525,524.115,44.9974,0.2404
tbn,276,0,5,320.715,524.265,31.7615,0.247
tbn,276,0,6,320.94,524.37,18.4344,0.253
tbn,276,0,7,321.18,524.425,7.1259,0.2419
tbn,276,0,8,321.41,524.43,174.8045,0.2209
tbn,276,0,9,321.625,524.385,161.5644,0.2214
tbn,276,0,10,321.82,524.3,150.9448,0.2059
tbn,276,0,11,321.995,524.185,142.5974,0.214
tbn,276,0,12,322.145,524.035,127.399,0.214
tbn,276,0,13,322.265,523.86,121.4332,0.211
tbn,276,0,14,322.35,523.67,106.6988,0.2088
tbn,276,0,15,322.395,523.46,97.7648,0.222
tbn,276,0,16,322.395,523.24,82.2352,0.222
tbn,276,0,17,322.35,523.025,74.0552,0.2184
tbn,276,0,18,322.27,522.82,63.4332,0.2236
tbn,276,0,19,322.15,522.64,48.8179,0.2126
tbn,276,0,20,322.0,522.49,41.1852,0.2126
tbn,276,0,21,321.825,522.365,30.0684,0.2195
tbn,276,0,22,321.625,522.28,15.9454,0.2184
tbn,276,0,23,321.405,522.24,4.9706,0.2309
tbn,276,0,24,321.21,522.235,176.423,0.1603
tbn,276,0,25,321.055,522.26,165.0677,0.1552
tbn,276,0,26,320.9,522.31,159.4452,0.1709
tbn,276,0,27,320.75,522.38,150.2571,0.1613
tbn,276,0,28,320.61,522.47,144.4597,0.172
tbn,276,0,29,320.485,522.58,132.5139,0.1628
tbn,276,0,30,320.38,522.705,127.5624,0.164
tbn,276,0,31,320.3,522.84,113.1978,0.1523
tbn,276,0,32,320.055,522.71,42.928,0.5873
tbn,276,0,33,319.895,522.42,121.4332,0.211
tbn,276,0,34,320.02,522.25,131.1821,0.2126
tbn,276,0,35,320.17,522.105,140.9074,0.2062
tbn,276,0,36,320.34,521.98,146.3083,0.2163
tbn,276,0,37,320.525,521.875,154.655,0.2102
tbn,276,0,38,320.72,521.8,163.3004,0.2088
tbn,276,0,39,320.925,521.75,169.215,0.2138
tbn,276,0,40,321.14,521.725,177.3989,0.2202
tbn,276,0,41,321.335,521.72,0.0,0.17
tbn,276,0,42,321.505,521.735,10.0086,0.1726
tbn,276,0,43,321.67,521.765,10.619,0.1628
tbn,276,0,44,321.83,521.805,17.3546,0.1676
tbn,276,0,45,322.05,521.9,26.5651,0.313
tbn,276,0,46,322.315,522.065,37.2341,0.314
tbn,276,0,47,322.54,522.28,50.1934,0.3124
tbn,276,0,48,322.715,522.535,60.9461,0.3089
tbn,276,0,49,322.815,522.745,71.5694,0.1581
tbn,276,0,50,322.86,522.905,76.7566,0.1746
tbn,276,0,51,322.895,523.075,79.9923,0.1726
tbn,276,0,52,322.915,523.245,86.6304,0.1703
tbn,276,0,53,322.905,523.485,95.5274,0.3114
tbn,276,0,54,322.855,523.79,103.1352,0.3081
tbn,276,0,55,322.76,524.08,113.1978,0.3046
tbn,276,0,56,322.615,524.34,125.3136,0.2941
tbn,276,0,57,322.425,524.56,136.3965,0.29
tbn,276,0,58,322.2,524.74,146.3083,0.2884
tbn,276,0,59,322.01,524.845,160.347,0.1487
tbn,276,0,60,321.865,524.895,161.5659,0.1581
tbn,276,0,61,321.715,524.93,172.4034,0.1513
tbn,276,0,62,321.555,524.945,176.6356,0.1703
tbn,276,0,63,321.31,524.94,3.5757,0.3206
tbn,276,0,64,321.295,525.41,73.1908,1.0028
tbn,276,0,65,322.145,525.89,0.0,1.41
tbn,277,0,0,323.74,525.745,67.0109,1.7924
tbn,277,0,1,323.57,524.85,158.7504,0.3863
tbn,277,0,2,324.17,525.58,62.3006,1.8071
tbn,277,0,3,324.34,526.475,159.193,0.5349
tbn,278,0,0,325.645,521.8,0.0,0.59
tbn,278,0,1,325.94,523.53,90.0,3.46
tbn,278,0,2,327.645,523.435,133.053,4.9951
tbn,278,0,3,329.35,524.005,90.0,4.79
tbn,278,0,4,329.05,526.4,0.0,0.6
tbn,278,0,5,328.75,524.72,90.0,3.36
tbn,278,0,6,327.05,524.83,133.5227,4.9372
tbn,278,0,7,325.35,524.21,90.0,4.82
tbn,279,0,0,341.9,216.77,0.0,0.2
tbn,279,0,1,342.095,216.75,168.109,0.1942
tbn,279,0,2,342.275,216.695,157.6245,0.1838
tbn,279,0,3,342.43,216.61,144.4635,0.1721
tbn,279,0,4,342.555,216.495,130.2315,0.1703
tbn,279,0,5,342.655,216.35,119.3562,0.1836
tbn,279,0,6,342.725,216.18,105.5301,0.1868
tbn,279,0,7,342.76,215.985,95.4368,0.211
tbn,279,0,8,342.765,215.79,86.8169,0.1803
tbn,279,0,9,342.735,215.615,73.6127,0.1772
tbn,279,0,10,342.67,215.455,61.9263,0.17
tbn,279,0,11,342.575,215.31,51.8433,0.178
tbn,279,0,12,342.46,215.185,42.5157,0.1628
tbn,279,0,13,342.32,215.09,26.5607,0.1789
tbn,279,0,14,342.16,215.025,17.3497,0.1676
tbn,279,0,15,341.985,214.99,6.0148,0.1911
tbn,279,0,16,341.81,214.985,176.4203,0.1603
tbn,279,0,17,341.65,215.01,165.9612,0.1649
tbn,279,0,18,341.5,215.06,156.7999,0.1523
tbn,279,0,19,341.365,215.135,145.3069,0.1581
tbn,279,0,20,341.245,215.23,137.7208,0.1487
tbn,279,0,21,341.145,215.345,124.7021,0.1581
tbn,279,0,22,341.065,215.48,116.5601,0.1565
tbn,279,0,23,341.01,215.63,104.0388,0.1649
tbn,279,0,24,340.715,215.71,0.0,0.55
tbn,279,0,25,340.46,215.575,98.4227,0.2729
tbn,279,0,26,340.525,215.32,110.5537,0.2563
tbn,279,0,27,340.64,215.095,123.6939,0.2524
tbn,279,0,28,340.795,214.9,133.3617,0.2476
tbn,279,0,29,340.985,214.735,144.4663,0.2581
tbn,279,0,30,341.21,214.61,157.3781,0.26
tbn,279,0,31,341.455,214.525,164.3562,0.2596
tbn,279,0,32,341.715,214.48,175.7658,0.2707
tbn,279,0,33,342.0,214.48,3.8118,0.3007
tbn,279,0,34,342.285,214.53,16.5024,0.2816
tbn,279,0,35,342.54,214.625,24.6276,0.264
tbn,279,0,36,342.765,214.76,37.3017,0.264
tbn,279,0,37,342.96,214.94,48.0113,0.2691
tbn,279,0,38,343.11,215.16,63.4379,0.2683
tbn,279,0,39,343.215,215.415,71.5651,0.2846
tbn,279,0,40,343.27,215.705,86.305,0.3106
tbn,279,0,41,343.275,215.95,93.1831,0.1803
tbn,279,0,42,343.26,216.125,96.7057,0.1712
tbn,279,0,43,343.225,216.295,106.3968,0.1772
tbn,279,0,44,343.17,216.455,111.7974,0.1616
tbn,279,0,45,343.095,216.6,122.7371,0.1664
tbn,279,0,46,342.995,216.735,130.2315,0.1703
tbn,279,0,47,342.88,216.855,137.4915,0.1628
tbn,279,0,48,342.745,216.96,146.3153,0.1803
tbn,279,0,49,342.785,217.11,41.0095,0.3048
tbn,279,0,50,342.98,217.335,57.3802,0.2968
tbn,279,0,51,343.09,217.53,66.7999,0.1523
tbn,279,0,52,343.14,217.675,75.0787,0.1553
tbn,279,0,53,343.175,217.825,78.6789,0.153
tbn,279,0,54,343.195,217.985,86.6402,0.1703
tbn,279,0,55,343.185,218.21,96.1153,0.2816
tbn,279,0,56,343.135,218.47,106.2605,0.25
tbn,279,0,57,343.04,218.695,119.7449,0.2419
tbn,279,0,58,342.905,218.895,128.2887,0.2421
tbn,279,0,59,342.735,219.06,143.6191,0.236
tbn,279,0,60,342.53,219.18,155.5548,0.2417
tbn,279,0,61,342.295,219.265,164.3562,0.2596
tbn,279,0,62,342.035,219.31,175.7658,0.2707
tbn,279,0,63,341.765,219.31,4.2338,0.2708
tbn,279,0,64,341.51,219.275,11.766,0.2451
tbn,279,0,65,341.28,219.2,24.4452,0.2417
tbn,279,0,66,341.075,219.085,34.381,0.2302
tbn,279,0,67,340.9,218.935,46.7373,0.2335
tbn,279,0,68,340.76,218.75,59.035,0.2332
tbn,279,0,69,340.655,218.535,68.6311,0.247
tbn,279,0,70,340.58,218.285,77.4712,0.2766
tbn,279,0,71,340.835,218.15,0.0,0.57
tbn,279,0,72,341.135,218.22,77.9044,0.1432
tbn,279,0,73,341.175,218.355,68.9679,0.1393
tbn,279,0,74,341.24,218.475,53.9707,0.136
tbn,279,0,75,341.325,218.58,48.007,0.1345
tbn,279,0,76,341.42,218.67,38.6641,0.1281
tbn,279,0,77,341.535,218.735,21.0366,0.1393
tbn,279,0,78,341.665,218.78,17.1056,0.136
tbn,279,0,79,341.805,218.805,3.8179,0.1503
tbn,279,0,80,341.965,218.805,176.6305,0.1703
tbn,279,0,81,342.125,218.775,161.5685,0.1581
tbn,279,0,82,342.27,218.715,153.4349,0.1565
tbn,279,0,83,342.4,218.635,143.1301,0.15
tbn,279,0,84,342.505,218.535,129.2842,0.1421
tbn,279,0,85,342.59,218.41,119.7435,0.1612
tbn,279,0,86,342.65,218.265,104.935,0.1552
tbn,279,0,87,342.68,218.105,96.7158,0.1712
tbn,279,0,88,342.68,217.925,83.9852,0.1911
tbn,279,0,89,342.64,217.75,69.4452,0.1709
tbn,279,0,90,342.57,217.605,58.3978,0.1526
tbn,279,0,91,342.475,217.49,42.2626,0.1487
tbn,279,0,92,342.35,217.405,26.57,0.1565
tbn,279,0,93,342.205,217.345,18.4384,0.1581
tbn,279,0,94,342.045,217.305,10.0086,0.1726
tbn,279,0,95,341.87,217.285,3.1734,0.1803
tbn,279,0,96,341.79,217.025,92.2445,0.5104
tbn,280,0,0,345.125,216.71,58.2352,4.54
tbn,280,0,1,344.155,214.625,145.4358,0.5465
tbn,280,0,2,345.815,216.81,58.4816,5.4899
tbn,280,0,3,345.59,219.15,0.0,3.32
tbn,280,0,4,343.93,218.895,90.0,0.51
tbn,280,0,5,345.125,218.64,0.0,2.39
tbn,281,0,0,348.315,219.12,11.039,0.4177
tbn,281,0,1,347.945,218.975,32.475,0.3912
tbn,281,0,2,347.675,218.705,57.525,0.3912
tbn,281,0,3,347.53,218.33,79.2178,0.4276
tbn,281,0,4,347.53,217.91,100.783,0.4275
tbn,281,0,5,347.675,217.535,122.4726,0.3912
tbn,281,0,6,347.945,217.265,147.5288,0.3911
tbn,281,0,7,348.315,217.125,170.3103,0.4159
tbn,281,0,8,348.735,217.125,9.2472,0.4357
tbn,281,0,9,349.115,217.265,32.4688,0.3912
tbn,281,0,10,349.385,217.535,57.5312,0.3912
tbn,281,0,11,349.53,217.91,79.217,0.4275
tbn,281,0,12,349.53,218.33,100.7822,0.4276
tbn,281,0,13,349.385,218.705,122.4712,0.3911
tbn,281,0,14,349.115,218.975,147.5274,0.3912
tbn,281,0,15,348.735,219.12,169.4624,0.4374
tbn,281,1,0,348.415,217.59,169.213,0.2138
tbn,281,1,1,348.225,217.67,144.7856,0.2081
tbn,281,1,2,348.08,217.815,125.2192,0.2081
tbn,281,1,3,347.995,218.01,102.8012,0.2256
tbn,281,1,4,347.995,218.23,77.1988,0.2256
tbn,281,1,5,348.08,218.43,56.3099,0.2163
tbn,281,1,6,348.225,218.58,35.2212,0.2081
tbn,281,1,7,348.415,218.66,10.7789,0.2138
tbn,281,1,8,348.63,218.66,169.7007,0.2236
tbn,281,1,9,348.83,218.58,146.3032,0.2163
tbn,281,1,10,348.98,218.43,123.6901,0.2163
tbn,281,1,11,349.065,218.23,102.8087,0.2256
tbn,281,1,12,349.065,218.01,77.1913,0.2256
tbn,281,1,13,348.98,217.815,54.7808,0.2081
tbn,281,1,14,348.83,217.67,33.6901,0.2163
tbn,281,1,15,348.63,217.59,10.3069,0.2236
tbn,282,0,0,352.64,217.57,90.0,3.64
tbn,282,0,1,351.245,217.315,56.0876,5.0007
tbn,282,0,2,350.99,215.24,0.0,2.28
tbn,282,0,3,352.13,214.895,90.0,0.69
tbn,282,0,4,352.385,214.55,0.0,0.51
tbn,282,0,5,352.64,214.895,90.0,0.69
tbn,282,0,6,352.905,215.24,0.0,0.53
tbn,282,0,7,353.17,215.495,90.0,0.51
tbn,282,0,8,352.905,215.75,0.0,0.53
tbn,282,1,0,351.475,215.75,0.0,1.31
tbn,282,1,1,351.47,216.7,55.6192,2.3022
tbn,282,1,2,352.125,217.65,0.0,0.01
tbn,282,1,3,352.13,216.7,90.0,1.9
tbn,283,0,0,356.19,217.57,90.0,3.64
tbn,283,0,1,354.79,217.315,55.9928,5.0063
tbn,283,0,2,354.535,215.24,0.0,2.29
tbn,283,0,3,355.68,214.895,90.0,0.69
tbn,283,0,4,355.935,214.55,0.0,0.51
tbn,283,0,5,356.19,214.895,90.0,0.69
tbn,283,0,6,356.45,215.24,0.0,0.52
tbn,283,0,7,356.71,215.495,90.0,0.51
tbn,283,0,8,356.45,215.75,0.0,0.52
tbn,283,1,0,355.02,215.75,0.0,1.32
tbn,283,1,1,355.01,216.7,55.6198,2.3022
tbn,283,1,2,355.67,217.65,0.0,0.02
tbn,283,1,3,355.68,216.7,90.0,1.9
tbn,284,0,0,357.435,218.495,67.3061,1.7885
tbn,284,0,1,357.265,217.6,158.1969,0.377
tbn,284,0,2,357.86,218.335,62.4475,1.816
tbn,284,0,3,358.03,219.23,160.2019,0.5314
tbn,285,0,0,359.34,214.55,0.0,0.6
tbn,285,0,1,359.64,216.285,90.0,3.47
tbn,285,0,2,361.34,216.19,132.8908,4.9956
tbn,285,0,3,363.04,216.755,90.0,4.79
tbn,285,0,4,362.745,219.15,0.0,0.59
tbn,285,0,5,362.45,217.475,90.0,3.35
tbn,285,0,6,360.745,217.585,133.6868,4.9369
tbn,285,0,7,359.04,216.96,90.0,4.82
tbn,286,0,0,24.06,553.56,113.6821,2.4897
tbn,286,0,1,25.155,552.42,0.0,1.19
tbn,286,0,2,23.64,557.035,114.5701,10.149
tbn,286,0,3,19.415,557.035,65.3786,10.1531
tbn,286,0,4,17.895,552.42,0.0,1.19
tbn,286,0,5,18.995,553.56,66.1075,2.4937
tbn,286,0,6,21.53,554.7,0.0,4.06
tbn,286,1,0,21.525,555.67,0.0,3.15
tbn,286,1,1,20.74,557.455,66.1269,3.904
tbn,286,1,2,22.315,557.455,113.7388,3.9
tbn,287,0,0,27.07,561.19,0.0,1.14
tbn,287,0,1,26.5,556.805,90.0,8.77
tbn,287,0,2,27.07,552.42,0.0,1.14
tbn,287,0,3,27.64,556.805,90.0,8.77
tbn,288,0,0,32.22,556.32,12.2646,0.4707
tbn,288,0,1,32.66,556.46,23.1987,0.4569
tbn,288,0,2,33.045,556.675,35.5375,0.4301
tbn,288,0,3,33.37,556.955,45.9394,0.4314
tbn,288,0,4,33.64,557.285,55.5611,0.4244
tbn,288,0,5,33.85,557.66,65.7723,0.4386
tbn,288,0,6,33.995,558.075,75.6506,0.4438
tbn,288,0,7,34.065,558.515,86.1861,0.451
tbn,288,0,8,34.045,559.04,96.6544,0.6041
tbn,288,0,9,33.905,559.625,110.2248,0.6075
tbn,288,0,10,33.625,560.155,125.5375,0.6022
tbn,288,0,11,33.215,560.595,140.3147,0.6107
tbn,288,0,12,32.695,560.905,158.0255,0.6147
tbn,288,0,13,32.11,561.08,168.6902,0.6119
tbn,288,0,14,31.505,561.165,175.3142,0.612
tbn,288,0,15,30.895,561.19,0.0,0.61
tbn,288,0,16,29.9,561.19,0.0,1.38
tbn,288,0,17,29.21,556.805,90.0,8.77
tbn,288,0,18,29.78,552.42,0.0,1.14
tbn,288,0,19,30.35,554.29,90.0,3.74
tbn,288,0,20,30.585,556.16,0.0,0.47
tbn,288,0,21,32.135,554.29,125.1152,4.5721
tbn,288,0,22,34.1,552.42,0.0,1.3
tbn,288,0,23,33.37,554.345,125.6361,4.7371
tbn,288,1,0,30.5,560.22,0.0,0.3
tbn,288,1,1,30.865,560.215,178.6675,0.4301
tbn,288,1,2,31.29,560.19,174.5601,0.4219
tbn,288,1,3,31.71,560.13,169.2155,0.4276
tbn,288,1,4,32.11,560.025,161.1137,0.4016
tbn,288,1,5,32.465,559.86,148.7821,0.3859
tbn,288,1,6,32.755,559.625,132.7974,0.368
tbn,288,1,7,32.965,559.315,115.9061,0.3891
tbn,288,1,8,33.08,558.915,97.5948,0.454
tbn,288,1,9,33.08,558.465,82.4051,0.454
tbn,288,1,10,32.975,558.06,67.3805,0.39
tbn,288,1,11,32.775,557.74,48.2396,0.3754
tbn,288,1,12,32.495,557.5,32.8285,0.3689
tbn,288,1,13,32.16,557.335,19.8553,0.3828
tbn,288,1,14,31.775,557.23,11.0412,0.4177
tbn,288,1,15,31.355,557.17,5.3142,0.4319
tbn,288,1,16,30.925,557.14,2.6631,0.4305
tbn,288,1,17,30.53,557.13,0.0,0.36
tbn,288,1,18,30.35,558.675,90.0,3.09
tbn,289,0,0,37.025,556.16,0.0,0.65
tbn,289,0,1,37.66,556.175,2.7701,0.6207
tbn,289,0,2,38.26,556.245,10.739,0.5903
tbn,289,0,3,38.815,556.39,18.7586,0.5597
tbn,289,0,4,39.305,556.61,30.0187,0.5197
tbn,289,0,5,39.72,556.915,42.6465,0.5166
tbn,289,0,6,40.05,557.305,56.9291,0.5131
tbn,289,0,7,40.245,557.65,67.0684,0.2823
tbn,289,0,8,40.335,557.92,75.9632,0.2886
tbn,289,0,9,40.395,558.21,80.5378,0.3041
tbn,289,0,10,40.425,558.525,88.2646,0.3301
tbn,289,0,11,40.415,558.97,93.0664,0.5608
tbn,289,0,12,40.335,559.5,104.5743,0.5166
tbn,289,0,13,40.155,559.96,118.7058,0.4789
tbn,289,0,14,39.865,560.35,134.1932,0.5021
tbn,289,0,15,39.58,560.605,145.713,0.2663
tbn,289,0,16,39.34,560.75,151.6995,0.2953
tbn,289,0,17,39.065,560.875,159.2274,0.3102
tbn,289,0,18,38.755,560.975,164.7449,0.3421
tbn,289,0,19,38.405,561.06,167.7998,0.3785
tbn,289,0,20,38.02,561.125,172.8751,0.4031
tbn,289,0,21,37.59,561.165,176.2683,0.461
tbn,289,0,22,37.115,561.185,178.8311,0.4901
tbn,289,0,23,36.215,561.19,0.0,1.31
tbn,289,0,24,35.56,556.805,90.0,8.77
tbn,289,0,25,36.13,552.42,0.0,1.14
tbn,289,0,26,36.7,554.29,90.0,3.74
tbn,289,1,0,36.85,560.22,0.0,0.3
tbn,289,1,1,37.215,560.215,178.6675,0.4301
tbn,289,1,2,37.64,560.19,174.5601,0.4219
tbn,289,1,3,38.06,560.135,170.5372,0.4258
tbn,289,1,4,38.46,560.035,161.1143,0.4016
tbn,289,1,5,38.815,559.875,150.068,0.3808
tbn,289,1,6,39.105,559.65,133.8769,0.3607
tbn,289,1,7,39.28,559.435,120.4658,0.1972
tbn,289,1,8,39.365,559.255,110.2249,0.2025
tbn,289,1,9,39.42,559.055,100.7846,0.2138
tbn,289,1,10,39.45,558.83,94.7628,0.2408
tbn,289,1,11,39.455,558.59,87.6144,0.2402
tbn,289,1,12,39.425,558.36,77.196,0.2256
tbn,289,1,13,39.37,558.155,72.4739,0.1992
tbn,289,1,14,39.295,557.975,62.103,0.1924
tbn,289,1,15,39.125,557.75,48.2396,0.3754
tbn,289,1,16,38.845,557.51,32.8288,0.3689
tbn,289,1,17,38.51,557.34,21.2504,0.3863
tbn,289,1,18,38.125,557.23,11.0412,0.4177
tbn,289,1,19,37.705,557.17,5.3142,0.4319
tbn,289,1,20,37.275,557.14,2.6631,0.4305
tbn,289,1,21,36.88,557.13,0.0,0.36
tbn,289,1,22,36.7,558.675,90.0,3.09
tbn,290,0,0,45.095,561.505,3.6521,0.471
tbn,290,0,1,44.635,561.46,7.5949,0.454
tbn,290,0,2,44.19,561.37,15.2549,0.4561
tbn,290,0,3,43.76,561.235,19.6541,0.446
tbn,290,0,4,43.345,561.065,24.8635,0.4519
tbn,290,0,5,42.95,560.855,31.1849,0.4442
tbn,290,0,6,42.585,560.605,37.6478,0.442
tbn,290,0,7,42.24,560.325,40.4623,0.4469
tbn,290,0,8,41.92,560.015,47.7258,0.446
tbn,290,0,9,41.635,559.67,53.1301,0.45
tbn,290,0,10,41.385,559.3,58.8151,0.4442
tbn,290,0,11,41.17,558.905,63.9966,0.4562
tbn,290,0,12,40.99,558.49,69.1461,0.4494
tbn,290,0,13,40.855,558.055,76.2636,0.4632
tbn,290,0,14,40.765,557.6,81.3475,0.4653
tbn,290,0,15,40.715,557.13,86.4234,0.4809
tbn,290,0,16,40.715,556.645,93.5038,0.4909
tbn,290,0,17,40.765,556.16,98.2971,0.4851
tbn,290,0,18,40.855,555.695,103.7363,0.4633
tbn,290,0,19,40.99,555.25,109.9827,0.4682
tbn,290,0,20,41.165,554.83,115.4079,0.4428
tbn,290,0,21,41.38,554.44,122.2753,0.4494
tbn,290,0,22,41.635,554.07,126.8699,0.45
tbn,290,0,23,41.92,553.73,133.1527,0.4386
tbn,290,0,24,42.235,553.425,138.6915,0.4393
tbn,290,0,25,42.575,553.15,143.3926,0.436
tbn,290,0,26,42.945,552.905,149.4705,0.4528
tbn,290,0,27,43.34,552.7,155.7721,0.4386
tbn,290,0,28,43.75,552.535,160.3461,0.446
tbn,290,0,29,44.18,552.405,165.9641,0.4535
tbn,290,0,30,44.63,552.315,171.3475,0.4653
tbn,290,0,31,45.095,552.27,177.5628,0.4704
tbn,290,0,32,45.565,552.27,2.4372,0.4704
tbn,290,0,33,46.025,552.315,8.8418,0.4554
tbn,290,0,34,46.475,552.405,13.7359,0.4632
tbn,290,0,35,46.91,552.535,19.6539,0.446
tbn,290,0,36,47.32,552.7,24.2279,0.4386
tbn,290,0,37,47.71,552.905,31.1849,0.4442
tbn,290,0,38,48.08,553.15,35.8378,0.4441
tbn,290,0,39,48.425,553.425,41.3085,0.4393
tbn,290,0,40,48.74,553.73,46.8473,0.4386
tbn,290,0,41,49.025,554.07,53.1301,0.45
tbn,290,0,42,49.275,554.44,58.8151,0.4442
tbn,290,0,43,49.49,554.83,63.4349,0.4472
tbn,290,0,44,49.67,555.25,70.0173,0.4682
tbn,290,0,45,49.805,555.695,76.2637,0.4633
tbn,290,0,46,49.895,556.16,81.7029,0.4851
tbn,290,0,47,49.945,556.645,86.4962,0.4909
tbn,290,0,48,49.945,557.13,93.5766,0.4809
tbn,290,0,49,49.895,557.6,98.6525,0.4653
tbn,290,0,50,49.805,558.055,103.7364,0.4632
tbn,290,0,51,49.67,558.49,110.8539,0.4494
tbn,290,0,52,49.49,558.905,116.0034,0.4562
tbn,290,0,53,49.27,559.3,122.2758,0.4494
tbn,290,0,54,49.02,559.67,125.8374,0.4441
tbn,290,0,55,48.735,560.015,133.2104,0.4528
tbn,290,0,56,48.415,560.325,138.6915,0.4393
tbn,290,0,57,48.07,560.605,143.1298,0.45
tbn,290,0,58,47.7,560.855,148.8151,0.4442
tbn,290,0,59,47.31,561.065,154.5925,0.4428
tbn,290,0,60,46.9,561.235,160.3459,0.446
tbn,290,0,61,46.47,561.37,164.7451,0.4561
tbn,290,0,62,46.02,561.46,172.5684,0.4639
tbn,290,0,63,45.56,561.505,176.2687,0.461
tbn,290,1,0,45.155,553.245,178.3637,0.3501
tbn,290,1,1,44.81,553.28,169.9918,0.3453
tbn,290,1,2,44.475,553.355,164.7449,0.3421
tbn,290,1,3,44.15,553.46,159.4441,0.3418
tbn,290,1,4,43.69,553.685,151.189,0.6848
tbn,290,1,5,43.13,554.07,139.7638,0.6812
tbn,290,1,6,42.655,554.56,128.5302,0.6903
tbn,290,1,7,42.28,555.14,117.2996,0.6977
tbn,290,1,8,42.06,555.62,109.4404,0.3606
tbn,290,1,9,41.955,555.965,104.4203,0.3614
tbn,290,1,10,41.885,556.325,97.6965,0.3734
tbn,290,1,11,41.85,556.7,93.0128,0.3805
tbn,290,1,12,41.845,557.075,88.4515,0.3701
tbn,290,1,13,41.875,557.44,82.093,0.3635
tbn,290,1,14,41.94,557.795,77.1248,0.359
tbn,290,1,15,42.035,558.135,71.5654,0.3478
tbn,290,1,16,42.245,558.61,63.4349,0.6932
tbn,290,1,17,42.605,559.19,52.7919,0.678
tbn,290,1,18,43.065,559.685,41.4236,0.6801
tbn,290,1,19,43.62,560.08,29.5389,0.6896
tbn,290,1,20,44.08,560.315,22.1096,0.3454
tbn,290,1,21,44.415,560.425,14.4209,0.3614
tbn,290,1,22,44.77,560.495,7.907,0.3635
tbn,290,1,23,45.14,560.53,3.0128,0.3805
tbn,290,1,24,45.52,560.53,176.9872,0.3805
tbn,290,1,25,45.89,560.495,172.093,0.3635
tbn,290,1,26,46.24,560.425,165.1735,0.3517
tbn,290,1,27,46.575,560.315,158.4983,0.3547
tbn,290,1,28,47.04,560.08,150.4611,0.6896
tbn,290,1,29,47.595,559.685,138.5764,0.6801
tbn,290,1,30,48.055,559.19,127.2081,0.678
tbn,290,1,31,48.41,558.61,115.8208,0.6888
tbn,290,1,32,48.615,558.135,108.4351,0.3478
tbn,290,1,33,48.715,557.795,104.4207,0.3614
tbn,290,1,34,48.78,557.44,96.3403,0.3622
tbn,290,1,35,48.81,557.075,93.0941,0.3705
tbn,290,1,36,48.81,556.7,86.9872,0.3805
tbn,290,1,37,48.775,556.325,82.3035,0.3734
tbn,290,1,38,48.705,555.965,75.5797,0.3614
tbn,290,1,39,48.6,555.62,70.5596,0.3606
tbn,290,1,40,48.375,555.14,61.9756,0.7024
tbn,290,1,41,47.995,554.56,51.4698,0.6903
tbn,290,1,42,47.52,554.07,40.2362,0.6812
tbn,290,1,43,46.965,553.685,29.2194,0.676
tbn,290,1,44,46.51,553.46,20.5559,0.3418
tbn,290,1,45,46.185,553.355,15.2551,0.3421
tbn,290,1,46,45.85,553.28,10.0082,0.3453
tbn,290,1,47,45.505,553.245,1.6363,0.3501
tbn,291,0,0,54.05,556.32,12.2646,0.4707
tbn,291,0,1,54.485,556.46,23.7027,0.4478
tbn,291,0,2,54.87,556.675,34.7778,0.4383
tbn,291,0,3,55.2,556.955,45.9394,0.4314
tbn,291,0,4,55.47,557.285,55.5607,0.4244
tbn,291,0,5,55.675,557.66,66.9748,0.4346
tbn,291,0,6,55.815,558.075,75.6506,0.4438
tbn,291,0,7,55.89,558.515,84.9203,0.4518
tbn,291,0,8,55.87,559.04,97.5948,0.6053
tbn,291,0,9,55.725,559.625,110.2248,0.6075
tbn,291,0,10,55.445,560.155,125.5375,0.6022
tbn,291,0,11,55.035,560.595,140.3147,0.6107
tbn,291,0,12,54.52,560.905,157.6714,0.6054
tbn,291,0,13,53.94,561.08,168.6901,0.6119
tbn,291,0,14,53.33,561.165,175.3894,0.622
tbn,291,0,15,52.715,561.19,0.0,0.61
tbn,291,0,16,51.72,561.19,0.0,1.38
tbn,291,0,17,51.03,556.805,90.0,8.77
tbn,291,0,18,51.6,552.42,0.0,1.14
tbn,291,0,19,52.17,554.29,90.0,3.74
tbn,291,0,20,52.405,556.16,0.0,0.47
tbn,291,0,21,53.955,554.29,125.1152,4.5721
tbn,291,0,22,55.92,552.42,0.0,1.3
tbn,291,0,23,55.195,554.345,125.5377,4.7313
tbn,291,1,0,52.32,560.22,0.0,0.3
tbn,291,1,1,52.685,560.215,178.6675,0.4301
tbn,291,1,2,53.115,560.19,174.6858,0.4319
tbn,291,1,3,53.535,560.13,168.9588,0.4177
tbn,291,1,4,53.93,560.025,161.1138,0.4016
tbn,291,1,5,54.285,559.86,148.7821,0.3859
tbn,291,1,6,54.575,559.625,132.7974,0.368
tbn,291,1,7,54.785,559.315,115.9061,0.3891
tbn,291,1,8,54.9,558.915,97.5948,0.454
tbn,291,1,9,54.905,558.465,83.6599,0.4528
tbn,291,1,10,54.8,558.06,66.0376,0.394
tbn,291,1,11,54.6,557.74,49.3984,0.3688
tbn,291,1,12,54.32,557.5,32.0055,0.3774
tbn,291,1,13,53.98,557.335,19.8553,0.3828
tbn,291,1,14,53.595,557.23,11.0412,0.4177
tbn,291,1,15,53.175,557.17,5.3142,0.4319
tbn,291,1,16,52.745,557.14,2.6631,0.4305
tbn,291,1,17,52.35,557.13,0.0,0.36
tbn,291,1,18,52.17,558.675,90.0,3.09
tbn,292,0,0,60.865,560.22,0.0,2.09
tbn,292,0,1,61.91,560.705,90.0,0.97
tbn,292,0,2,59.25,561.19,0.0,5.32
tbn,292,0,3,56.59,560.705,90.0,0.97
tbn,292,0,4,57.635,560.22,0.0,2.09
tbn,292,0,5,58.68,556.32,90.0,7.8
tbn,292,0,6,59.25,552.42,0.0,1.14
tbn,292,0,7,59.82,556.32,90.0,7.8
tbn,293,0,0,67.005,552.42,0.0,1.83
tbn,293,0,1,68.175,552.43,2.2458,0.5104
tbn,293,0,2,68.68,552.465,5.7105,0.5025
tbn,293,0,3,69.17,552.53,9.4625,0.4866
tbn,293,0,4,69.64,552.63,14.6208,0.4754
tbn,293,0,5,70.085,552.765,19.2304,0.4554
tbn,293,0,6,70.505,552.935,24.8638,0.4519
tbn,293,0,7,70.905,553.14,29.4276,0.4478
tbn,293,0,8,71.28,553.38,35.8374,0.4441
tbn,293,0,9,71.62,553.655,42.1846,0.4319
tbn,293,0,10,71.92,553.965,49.6859,0.4328
tbn,293,0,11,72.185,554.31,55.2222,0.4383
tbn,293,0,12,72.415,554.69,62.3007,0.4518
tbn,293,0,13,72.605,555.11,68.8754,0.4717
tbn,293,0,14,72.75,555.565,75.677,0.4851
tbn,293,0,15,72.85,556.055,81.0848,0.5162
tbn,293,0,16,72.905,556.585,86.878,0.5508
tbn,293,0,17,72.905,557.125,93.2396,0.5309
tbn,293,0,18,72.85,557.64,99.0905,0.5064
tbn,293,0,19,72.75,558.12,104.6212,0.4754
tbn,293,0,20,72.605,558.56,112.0361,0.4531
tbn,293,0,21,72.415,558.97,117.6993,0.4518
tbn,293,0,22,72.18,559.345,126.6074,0.436
tbn,293,0,23,71.905,559.68,132.1846,0.4319
tbn,293,0,24,71.6,559.985,137.8154,0.4319
tbn,293,0,25,71.265,560.255,144.4622,0.4301
tbn,293,0,26,70.895,560.49,150.5724,0.4478
tbn,293,0,27,70.495,560.69,156.2975,0.4478
tbn,293,0,28,70.075,560.855,160.7692,0.4554
tbn,293,0,29,69.635,560.99,165.0686,0.4657
tbn,293,0,30,69.175,561.09,170.3404,0.4768
tbn,293,0,31,68.695,561.155,174.1733,0.4925
tbn,293,0,32,68.2,561.185,178.8544,0.5001
tbn,293,0,33,67.02,561.19,0.0,1.86
tbn,293,0,34,66.09,556.805,90.0,8.77
tbn,293,1,0,67.42,560.22,0.0,0.38
tbn,293,1,1,67.82,560.215,178.6363,0.4201
tbn,293,1,2,68.235,560.195,175.8152,0.4111
tbn,293,1,3,68.635,560.155,172.6938,0.3932
tbn,293,1,4,69.02,560.09,168.1118,0.3883
tbn,293,1,5,69.39,560.0,164.4756,0.3736
tbn,293,1,6,69.74,559.885,159.0757,0.364
tbn,293,1,7,70.075,559.74,154.1333,0.3667
tbn,293,1,8,70.385,559.57,148.1731,0.3413
tbn,293,1,9,70.67,559.375,143.1296,0.35
tbn,293,1,10,70.93,559.145,133.8306,0.3466
tbn,293,1,11,71.155,558.88,126.8699,0.35
tbn,293,1,12,71.35,558.585,120.1416,0.3585
tbn,293,1,13,71.515,558.255,113.1987,0.3808
tbn,293,1,14,71.64,557.89,104.7433,0.3929
tbn,293,1,15,71.725,557.485,99.2461,0.4357
tbn,293,1,16,71.77,557.04,92.4901,0.4604
tbn,293,1,17,71.77,556.58,87.5099,0.4604
tbn,293,1,18,71.725,556.14,80.5378,0.4258
tbn,293,1,19,71.64,555.735,75.6188,0.4026
tbn,293,1,20,71.515,555.365,66.8011,0.3808
tbn,293,1,21,71.35,555.035,59.8587,0.3585
tbn,293,1,22,71.155,554.74,53.1301,0.35
tbn,293,1,23,70.93,554.48,45.0005,0.3394
tbn,293,1,24,70.67,554.25,38.157,0.3561
tbn,293,1,25,70.385,554.05,31.8274,0.3413
tbn,293,1,26,70.075,553.88,25.8662,0.3667
tbn,293,1,27,69.74,553.735,20.9249,0.364
tbn,293,1,28,69.39,553.62,15.5239,0.3736
tbn,293,1,29,69.02,553.53,11.8888,0.3883
tbn,293,1,30,68.635,553.465,7.3057,0.3932
tbn,293,1,31,68.235,553.425,4.1848,0.4111
tbn,293,1,32,67.82,553.405,1.3642,0.4201
tbn,293,1,33,67.42,553.4,0.0,0.38
tbn,293,1,34,67.23,556.81,90.0,6.82
tbn,294,0,0,74.44,561.19,0.0,1.14
tbn,294,0,1,73.87,556.805,90.0,8.77
tbn,294,0,2,74.44,552.42,0.0,1.14
tbn,294,0,3,75.01,556.805,90.0,8.77
tbn,295,0,0,82.365,553.56,113.8926,2.4937
tbn,295,0,1,83.46,552.42,0.0,1.18
tbn,295,0,2,81.94,557.035,114.5701,10.149
tbn,295,0,3,77.72,557.035,65.4299,10.149
tbn,295,0,4,76.2,552.42,0.0,1.18
tbn,295,0,5,77.295,553.56,66.1074,2.4937
tbn,295,0,6,79.83,554.7,0.0,4.06
tbn,295,1,0,79.83,555.67,0.0,3.14
tbn,295,1,1,79.045,557.455,66.2613,3.9
tbn,295,1,2,80.615,557.455,113.7387,3.9
tbn,296,0,0,89.4,556.32,90.0,0.98
tbn,296,0,1,90.515,555.83,0.0,2.23
tbn,296,0,2,91.585,555.57,80.1803,0.5277
tbn,296,0,3,91.445,555.07,68.4044,0.5162
tbn,296,0,4,91.21,554.605,58.1094,0.53
tbn,296,0,5,90.885,554.19,45.7644,0.5304
tbn,296,0,6,90.485,553.84,36.6561,0.536
tbn,296,0,7,90.035,553.56,27.0503,0.5277
tbn,296,0,8,89.555,553.365,17.0208,0.5124
tbn,296,0,9,89.055,553.265,5.5992,0.5124
tbn,296,0,10,88.63,553.25,176.6335,0.3406
tbn,296,0,11,88.29,553.285,171.6342,0.3437
tbn,296,0,12,87.96,553.36,162.6462,0.3353
tbn,296,0,13,87.645,553.475,157.2492,0.3362
tbn,296,0,14,87.205,553.71,149.1843,0.6637
tbn,296,0,15,86.675,554.105,137.4365,0.6653
tbn,296,0,16,86.225,554.6,127.2076,0.678
tbn,296,0,17,85.87,555.17,116.5653,0.6708
tbn,296,0,18,85.62,555.79,107.3538,0.6705
tbn,296,0,19,85.485,556.45,95.8774,0.6836
tbn,296,0,20,85.46,556.98,86.9877,0.3805
tbn,296,0,21,85.495,557.355,82.3035,0.3734
tbn,296,0,22,85.565,557.72,75.9643,0.3711
tbn,296,0,23,85.665,558.075,72.5526,0.3669
tbn,296,0,24,85.875,558.57,64.1559,0.7111
tbn,296,0,25,86.24,559.165,52.6329,0.692
tbn,296,0,26,86.705,559.67,42.0495,0.6868
tbn,296,0,27,87.25,560.075,31.1086,0.6774
tbn,296,0,28,87.7,560.31,20.5565,0.3418
tbn,296,0,29,88.025,560.42,16.8581,0.3448
tbn,296,0,30,88.365,560.495,8.13,0.3536
tbn,296,0,31,88.715,560.53,3.2706,0.3506
tbn,296,0,32,89.09,560.53,177.1375,0.4005
tbn,296,0,33,89.48,560.48,168.1115,0.3883
tbn,296,0,34,89.86,560.375,161.114,0.4016
tbn,296,0,35,90.23,560.22,153.4349,0.4025
tbn,296,0,36,90.58,560.02,147.0943,0.405
tbn,296,0,37,90.91,559.78,140.9063,0.4123
tbn,296,0,38,91.21,559.505,133.9947,0.4031
tbn,296,0,39,91.475,559.195,127.1469,0.414
tbn,296,0,40,91.96,559.42,47.2905,1.0615
tbn,296,0,41,92.16,560.005,129.3693,0.5045
tbn,296,0,42,91.815,560.37,137.4191,0.5025
tbn,296,0,43,91.425,560.69,143.8071,0.508
tbn,296,0,44,91.0,560.96,151.3895,0.5012
tbn,296,0,45,90.55,561.175,157.5574,0.4977
tbn,296,0,46,90.08,561.34,163.7397,0.5
tbn,296,0,47,89.595,561.45,170.7273,0.4965
tbn,296,0,48,89.1,561.505,176.5665,0.5009
tbn,296,0,49,88.62,561.505,3.7313,0.461
tbn,296,0,50,88.165,561.455,8.8418,0.4554
tbn,296,0,51,87.725,561.365,14.3494,0.4438
tbn,296,0,52,87.3,561.23,20.8545,0.4494
tbn,296,0,53,86.895,561.05,27.1498,0.4383
tbn,296,0,54,86.51,560.83,32.2751,0.4494
tbn,296,0,55,86.145,560.575,37.6478,0.442
tbn,296,0,56,85.81,560.285,44.0908,0.4455
tbn,296,0,57,85.505,559.965,48.6911,0.4393
tbn,296,0,58,85.23,559.615,54.9042,0.4522
tbn,296,0,59,84.985,559.235,59.4707,0.4528
tbn,296,0,60,84.775,558.83,65.6585,0.461
tbn,296,0,61,84.6,558.4,70.0175,0.4682
tbn,296,0,62,84.465,557.95,76.5513,0.473
tbn,296,0,63,84.375,557.48,81.7029,0.4851
tbn,296,0,64,84.33,556.995,87.6622,0.4904
tbn,296,0,65,84.33,556.53,92.6031,0.4405
tbn,296,0,66,84.375,556.09,99.0395,0.4455
tbn,296,0,67,84.465,555.66,104.6764,0.4342
tbn,296,0,68,84.595,555.245,110.0945,0.4366
tbn,296,0,69,84.765,554.845,115.9747,0.4338
tbn,296,0,70,84.97,554.465,120.7357,0.4305
tbn,296,0,71,85.205,554.105,125.5375,0.4301
tbn,296,0,72,85.475,553.77,132.1846,0.4319
tbn,296,0,73,85.78,553.46,136.8477,0.4386
tbn,296,0,74,86.11,553.18,142.5945,0.428
tbn,296,0,75,86.46,552.935,147.4256,0.4272
tbn,296,0,76,86.835,552.725,154.0257,0.4338
tbn,296,0,77,87.23,552.55,158.1987,0.4308
tbn,296,0,78,87.64,552.415,165.3235,0.4342
tbn,296,0,79,88.07,552.325,170.9606,0.4455
tbn,296,0,80,88.51,552.275,176.0997,0.441
tbn,296,0,81,88.955,552.27,2.5449,0.4504
tbn,296,0,82,89.39,552.31,8.1298,0.4243
tbn,296,0,83,89.8,552.395,15.3763,0.4149
tbn,296,0,84,90.19,552.515,18.886,0.4016
tbn,296,0,85,90.56,552.67,26.5655,0.4025
tbn,296,0,86,90.905,552.86,31.2184,0.3859
tbn,296,0,87,91.22,553.08,38.6593,0.3842
tbn,296,0,88,91.51,553.335,43.9585,0.389
tbn,296,0,89,91.775,553.62,50.1944,0.3905
tbn,296,0,90,92.01,553.93,55.4913,0.3883
tbn,296,0,91,92.215,554.265,61.5042,0.3982
tbn,296,0,92,92.39,554.62,66.0381,0.394
tbn,296,0,93,92.535,554.995,71.5654,0.4111
tbn,296,0,94,92.645,555.395,77.6187,0.4198
tbn,296,0,95,92.715,555.815,83.3681,0.4329
tbn,296,0,96,92.75,556.25,87.3969,0.4405
tbn,296,0,97,92.76,556.64,90.0,0.34
tbn,296,0,98,91.08,556.81,0.0,3.36
tbn,297,0,0,96.94,556.32,12.2646,0.4707
tbn,297,0,1,97.375,556.46,23.7025,0.4478
tbn,297,0,2,97.76,556.675,34.7778,0.4383
tbn,297,0,3,98.09,556.955,45.9398,0.4314
tbn,297,0,4,98.36,557.285,55.5611,0.4244
tbn,297,0,5,98.565,557.66,66.9739,0.4346
tbn,297,0,6,98.705,558.075,75.6506,0.4438
tbn,297,0,7,98.78,558.515,84.9212,0.4518
tbn,297,0,8,98.765,559.04,96.6544,0.6041
tbn,297,0,9,98.62,559.625,111.1043,0.611
tbn,297,0,10,98.335,560.155,125.5381,0.6022
tbn,297,0,11,97.925,560.595,140.3142,0.6107
tbn,297,0,12,97.41,560.905,157.6716,0.6054
tbn,297,0,13,96.83,561.08,168.6901,0.6119
tbn,297,0,14,96.22,561.165,175.3894,0.622
tbn,297,0,15,95.605,561.19,0.0,0.61
tbn,297,0,16,94.615,561.19,0.0,1.37
tbn,297,0,17,93.93,556.805,90.0,8.77
tbn,297,0,18,94.495,552.42,0.0,1.13
tbn,297,0,19,95.06,554.29,90.0,3.74
tbn,297,0,20,95.295,556.16,0.0,0.47
tbn,297,0,21,96.85,554.29,125.2176,4.5779
tbn,297,0,22,98.815,552.42,0.0,1.29
tbn,297,0,23,98.085,554.345,125.5377,4.7313
tbn,297,1,0,95.21,560.22,0.0,0.3
tbn,297,1,1,95.575,560.215,178.6675,0.4301
tbn,297,1,2,96.005,560.19,174.6858,0.4319
tbn,297,1,3,96.425,560.13,168.9587,0.4177
tbn,297,1,4,96.82,560.025,161.114,0.4016
tbn,297,1,5,97.175,559.86,148.7815,0.3859
tbn,297,1,6,97.47,559.625,133.9193,0.3748
tbn,297,1,7,97.68,559.315,114.5675,0.3848
tbn,297,1,8,97.79,558.915,97.5943,0.454
tbn,297,1,9,97.795,558.465,83.6594,0.4528
tbn,297,1,10,97.69,558.06,66.0381,0.394
tbn,297,1,11,97.49,557.74,49.3988,0.3688
tbn,297,1,12,97.215,557.5,32.8282,0.3689
tbn,297,1,13,96.875,557.335,19.3594,0.3922
tbn,297,1,14,96.485,557.23,11.0411,0.4177
tbn,297,1,15,96.07,557.17,5.44,0.4219
tbn,297,1,16,95.64,557.14,2.6026,0.4405
tbn,297,1,17,95.24,557.13,0.0,0.36
tbn,297,1,18,95.06,558.675,90.0,3.09
tbn,298,0,0,106.055,553.56,113.8926,2.4937
tbn,298,0,1,107.155,552.42,0.0,1.19
tbn,298,0,2,105.635,557.035,114.6214,10.1531
tbn,298,0,3,101.41,557.035,65.4299,10.149
tbn,298,0,4,99.895,552.42,0.0,1.19
tbn,298,0,5,100.99,553.56,66.3179,2.4897
tbn,298,0,6,103.52,554.7,0.0,4.06
tbn,298,1,0,103.525,555.67,0.0,3.15
tbn,298,1,1,102.735,557.455,66.2613,3.9
tbn,298,1,2,104.31,557.455,113.8731,3.904
tbn,299,0,0,113.99,555.305,66.5634,6.6376
tbn,299,0,1,115.32,558.35,0.0,0.02
tbn,299,0,2,115.845,555.385,99.8536,6.0188
tbn,299,0,3,116.93,552.42,0.0,1.14
tbn,299,0,4,116.595,557.055,101.0482,9.4451
tbn,299,0,5,114.18,558.22,66.4833,7.5686
tbn,299,0,6,111.155,558.22,113.586,7.5726
tbn,299,0,7,108.74,557.055,79.0113,9.4431
tbn,299,0,8,108.405,552.42,0.0,1.13
tbn,299,0,9,109.485,555.375,80.1137,5.9991
tbn,299,0,10,110.01,558.33,0.0,0.02
tbn,299,0,11,111.345,555.295,113.5848,6.6232
tbn,300,0,0,24.205,33.535,113.9857,2.4846
tbn,300,0,1,25.3,32.4,0.0,1.18
tbn,300,0,2,23.78,37.01,114.5935,10.1399
tbn,300,0,3,19.56,37.01,65.4065,10.1399
tbn,300,0,4,18.04,32.4,0.0,1.18
tbn,300,0,5,19.135,33.535,66.0143,2.4846
tbn,300,0,6,21.67,34.67,0.0,4.06
tbn,300,1,0,21.67,35.64,0.0,3.14
tbn,300,1,1,20.885,37.425,66.2613,3.9
tbn,300,1,2,22.455,37.425,113.7387,3.9
tbn,301,0,0,27.21,41.17,0.0,1.14
tbn,301,0,1,26.64,36.785,90.0,8.77
tbn,301,0,2,27.21,32.4,0.0,1.14
tbn,301,0,3,27.78,36.785,90.0,8.77
tbn,302,0,0,32.37,36.295,13.4469,0.473
tbn,302,0,1,32.805,36.44,23.7018,0.4478
tbn,302,0,2,33.19,36.65,33.6957,0.4327
tbn,302,0,3,33.52,36.925,45.939,0.4314
tbn,302,0,4,33.79,37.26,56.3087,0.4327
tbn,302,0,5,33.995,37.635,66.4488,0.4255
tbn,302,0,6,34.135,38.045,75.6504,0.4438
tbn,302,0,7,34.21,38.485,84.9197,0.4517
tbn,302,0,8,34.195,39.01,96.654,0.6041
tbn,302,0,9,34.05,39.595,111.1047,0.611
tbn,302,0,10,33.765,40.125,125.5381,0.6022
tbn,302,0,11,33.355,40.565,140.3136,0.6107
tbn,302,0,12,32.84,40.875,157.6731,0.6054
tbn,302,0,13,32.26,41.05,168.6905,0.6119
tbn,302,0,14,31.65,41.135,175.3905,0.622
tbn,302,0,15,31.035,41.165,179.0599,0.6101
tbn,302,0,16,30.045,41.17,0.0,1.37
tbn,302,0,17,29.36,36.785,90.0,8.77
tbn,302,0,18,29.925,32.4,0.0,1.13
tbn,302,0,19,30.49,34.265,90.0,3.73
tbn,302,0,20,30.725,36.13,0.0,0.47
tbn,302,0,21,32.28,34.265,125.2896,4.5698
tbn,302,0,22,34.245,32.4,0.0,1.29
tbn,302,0,23,33.515,34.32,125.608,4.7232
tbn,302,1,0,30.64,40.19,0.0,0.3
tbn,302,1,1,31.005,40.185,178.6665,0.4301
tbn,302,1,2,31.435,40.16,174.6884,0.4319
tbn,302,1,3,31.855,40.1,168.9567,0.4177
tbn,302,1,4,32.25,39.995,161.1133,0.4016
tbn,302,1,5,32.605,39.835,150.0683,0.3808
tbn,302,1,6,32.9,39.605,133.9168,0.3748
tbn,302,1,7,33.11,39.295,114.5687,0.3848
tbn,302,1,8,33.22,38.895,97.5946,0.454
tbn,302,1,9,33.225,38.44,83.7969,0.4627
tbn,302,1,10,33.12,38.03,66.0367,0.3939
tbn,302,1,11,32.92,37.715,48.3619,0.3612
tbn,302,1,12,32.645,37.48,32.83,0.3689
tbn,302,1,13,32.305,37.31,20.7276,0.3956
tbn,302,1,14,31.915,37.2,11.0432,0.4177
tbn,302,1,15,31.5,37.14,5.4374,0.4219
tbn,302,1,16,31.07,37.115,1.3032,0.4401
tbn,302,1,17,30.67,37.11,0.0,0.36
tbn,302,1,18,30.49,38.65,90.0,3.08
tbn,303,0,0,37.165,36.13,0.0,0.65
tbn,303,0,1,37.805,36.15,3.631,0.6313
tbn,303,0,2,38.41,36.22,9.7859,0.5886
tbn,303,0,3,38.96,36.36,19.0928,0.5503
tbn,303,0,4,39.45,36.58,29.4769,0.5284
tbn,303,0,5,39.865,36.885,43.4069,0.5093
tbn,303,0,6,40.195,37.28,56.6115,0.527
tbn,303,0,7,40.39,37.625,68.1989,0.2693
tbn,303,0,8,40.48,37.89,74.0558,0.2912
tbn,303,0,9,40.54,38.18,82.4049,0.3026
tbn,303,0,10,40.57,38.495,86.5319,0.3306
tbn,303,0,11,40.56,38.94,94.0857,0.5614
tbn,303,0,12,40.475,39.47,104.5743,0.5166
tbn,303,0,13,40.295,39.935,118.142,0.4876
tbn,303,0,14,40.005,40.33,134.1941,0.5021
tbn,303,0,15,39.72,40.585,145.7089,0.2663
tbn,303,0,16,39.485,40.725,152.5357,0.2818
tbn,303,0,17,39.215,40.845,159.2198,0.3102
tbn,303,0,18,38.905,40.95,163.1454,0.3448
tbn,303,0,19,38.555,41.035,169.2859,0.3766
tbn,303,0,20,38.165,41.095,173.0487,0.413
tbn,303,0,21,37.735,41.14,174.9155,0.4518
tbn,303,0,22,37.26,41.165,178.8601,0.5001
tbn,303,0,23,36.36,41.17,0.0,1.3
tbn,303,0,24,35.71,36.785,90.0,8.77
tbn,303,0,25,36.275,32.4,0.0,1.13
tbn,303,0,26,36.84,34.265,90.0,3.73
tbn,303,1,0,36.99,40.19,0.0,0.3
tbn,303,1,1,37.355,40.185,178.6665,0.4301
tbn,303,1,2,37.785,40.165,176.0133,0.431
tbn,303,1,3,38.205,40.11,168.9568,0.4177
tbn,303,1,4,38.6,40.005,161.1133,0.4016
tbn,303,1,5,38.955,39.845,150.068,0.3808
tbn,303,1,6,39.25,39.62,134.9992,0.3677
tbn,303,1,7,39.425,39.405,117.8997,0.1923
tbn,303,1,8,39.505,39.23,111.2512,0.1931
tbn,303,1,9,39.565,39.03,102.8023,0.2256
tbn,303,1,10,39.595,38.8,92.3856,0.2402
tbn,303,1,11,39.595,38.56,87.6144,0.2402
tbn,303,1,12,39.57,38.33,79.6936,0.2236
tbn,303,1,13,39.515,38.125,69.7755,0.2025
tbn,303,1,14,39.435,37.945,62.1088,0.1924
tbn,303,1,15,39.27,37.72,49.3957,0.3688
tbn,303,1,16,38.995,37.48,32.83,0.3689
tbn,303,1,17,38.655,37.31,20.7276,0.3956
tbn,303,1,18,38.265,37.2,11.035,0.4177
tbn,303,1,19,37.85,37.14,5.4456,0.4219
tbn,303,1,20,37.42,37.115,1.3032,0.4401
tbn,303,1,21,37.02,37.11,0.0,0.36
tbn,303,1,22,36.84,38.65,90.0,3.08
tbn,304,0,0,45.24,41.48,2.492,0.4604
tbn,304,0,1,44.785,41.435,8.8427,0.4554
tbn,304,0,2,44.34,41.345,14.0345,0.4535
tbn,304,0,3,43.905,41.21,20.4067,0.4588
tbn,304,0,4,43.49,41.035,25.4079,0.4428
tbn,304,0,5,43.1,40.825,31.1895,0.4442
tbn,304,0,6,42.73,40.575,36.8659,0.45
tbn,304,0,7,42.385,40.295,41.3123,0.4393
tbn,304,0,8,42.07,39.985,47.7226,0.4459
tbn,304,0,9,41.785,39.64,53.1336,0.45
tbn,304,0,10,41.53,39.27,57.7204,0.4494
tbn,304,0,11,41.315,38.88,64.5938,0.4429
tbn,304,0,12,41.14,38.465,69.5898,0.4588
tbn,304,0,13,41.0,38.03,74.7451,0.4561
tbn,304,0,14,40.905,37.575,81.5295,0.4752
tbn,304,0,15,40.855,37.1,86.4232,0.4809
tbn,304,0,16,40.855,36.615,93.5039,0.4909
tbn,304,0,17,40.905,36.13,98.2974,0.4851
tbn,304,0,18,41.0,35.665,104.9309,0.4657
tbn,304,0,19,41.135,35.225,109.2307,0.4554
tbn,304,0,20,41.31,34.805,116.0015,0.4562
tbn,304,0,21,41.525,34.41,121.1846,0.4442
tbn,304,0,22,41.775,34.045,127.6496,0.442
tbn,304,0,23,42.06,33.705,132.2725,0.446
tbn,304,0,24,42.375,33.395,138.6934,0.4393
tbn,304,0,25,42.72,33.12,144.1614,0.4441
tbn,304,0,26,43.09,32.88,149.9348,0.4391
tbn,304,0,27,43.48,32.675,154.5919,0.4428
tbn,304,0,28,43.895,32.505,160.7664,0.4554
tbn,304,0,29,44.33,32.375,165.9656,0.4535
tbn,304,0,30,44.775,32.29,172.4056,0.454
tbn,304,0,31,45.235,32.25,177.561,0.4704
tbn,304,0,32,45.705,32.25,2.439,0.4704
tbn,304,0,33,46.17,32.29,7.4311,0.4639
tbn,304,0,34,46.62,32.375,14.0345,0.4535
tbn,304,0,35,47.05,32.505,19.6567,0.446
tbn,304,0,36,47.465,32.675,24.864,0.4519
tbn,304,0,37,47.86,32.88,30.0652,0.4391
tbn,304,0,38,48.23,33.12,35.8389,0.4441
tbn,304,0,39,48.575,33.395,41.3063,0.4393
tbn,304,0,40,48.89,33.705,47.7279,0.446
tbn,304,0,41,49.17,34.045,53.3908,0.436
tbn,304,0,42,49.42,34.41,57.7249,0.4494
tbn,304,0,43,49.64,34.805,63.9985,0.4562
tbn,304,0,44,49.815,35.225,70.7693,0.4554
tbn,304,0,45,49.95,35.665,75.0686,0.4657
tbn,304,0,46,50.045,36.13,81.7026,0.4851
tbn,304,0,47,50.09,36.615,87.6626,0.4904
tbn,304,0,48,50.09,37.1,92.3861,0.4804
tbn,304,0,49,50.045,37.575,98.4705,0.4752
tbn,304,0,50,49.95,38.03,105.2554,0.4561
tbn,304,0,51,49.81,38.465,110.4097,0.4588
tbn,304,0,52,49.63,38.88,116.5637,0.4472
tbn,304,0,53,49.415,39.27,121.1887,0.4441
tbn,304,0,54,49.165,39.64,126.8664,0.45
tbn,304,0,55,48.88,39.985,132.2778,0.446
tbn,304,0,56,48.565,40.295,138.6874,0.4393
tbn,304,0,57,48.22,40.575,143.1344,0.45
tbn,304,0,58,47.85,40.825,148.8105,0.4442
tbn,304,0,59,47.455,41.035,155.136,0.4519
tbn,304,0,60,47.04,41.21,159.1487,0.4494
tbn,304,0,61,46.61,41.345,165.9656,0.4535
tbn,304,0,62,46.165,41.435,171.1572,0.4554
tbn,304,0,63,45.705,41.48,177.561,0.4704
tbn,304,1,0,45.295,33.22,176.7263,0.3506
tbn,304,1,1,44.95,33.255,171.6361,0.3437
tbn,304,1,2,44.615,33.325,164.7406,0.3421
tbn,304,1,3,44.29,33.43,159.4447,0.3418
tbn,304,1,4,43.835,33.655,150.7795,0.676
tbn,304,1,5,43.28,34.04,139.7635,0.6812
tbn,304,1,6,42.805,34.53,128.5313,0.6903
tbn,304,1,7,42.425,35.11,118.0245,0.7023
tbn,304,1,8,42.2,35.59,109.439,0.3606
tbn,304,1,9,42.095,35.935,104.4212,0.3614
tbn,304,1,10,42.025,36.295,97.6966,0.3734
tbn,304,1,11,41.99,36.67,93.0128,0.3805
tbn,304,1,12,41.99,37.045,86.9058,0.3705
tbn,304,1,13,42.025,37.41,82.092,0.3634
tbn,304,1,14,42.09,37.765,77.1266,0.3591
tbn,304,1,15,42.185,38.105,71.5658,0.3479
tbn,304,1,16,42.39,38.58,64.1789,0.6888
tbn,304,1,17,42.75,39.165,52.6326,0.692
tbn,304,1,18,43.215,39.665,41.4245,0.6802
tbn,304,1,19,43.765,40.06,29.9511,0.6809
tbn,304,1,20,44.225,40.29,19.9825,0.3511
tbn,304,1,21,44.56,40.395,14.8307,0.3517
tbn,304,1,22,44.915,40.47,9.2106,0.3748
tbn,304,1,23,45.285,40.51,3.0971,0.3705
tbn,304,1,24,45.66,40.51,176.9843,0.3805
tbn,304,1,25,46.03,40.47,170.5381,0.365
tbn,304,1,26,46.385,40.395,165.575,0.3614
tbn,304,1,27,46.725,40.29,160.0175,0.3511
tbn,304,1,28,47.185,40.06,150.0489,0.6809
tbn,304,1,29,47.735,39.665,138.5757,0.6802
tbn,304,1,30,48.195,39.165,126.7035,0.686
tbn,304,1,31,48.555,38.58,116.5653,0.6932
tbn,304,1,32,48.765,38.105,108.4336,0.3479
tbn,304,1,33,48.86,37.765,102.874,0.3591
tbn,304,1,34,48.925,37.41,97.9074,0.3634
tbn,304,1,35,48.96,37.045,93.0942,0.3705
tbn,304,1,36,48.96,36.67,86.9872,0.3805
tbn,304,1,37,48.92,36.295,80.7886,0.3748
tbn,304,1,38,48.845,35.935,75.5788,0.3614
tbn,304,1,39,48.745,35.59,72.0733,0.3574
tbn,304,1,40,48.525,35.11,61.9752,0.7023
tbn,304,1,41,48.145,34.53,51.4687,0.6903
tbn,304,1,42,47.67,34.04,40.2365,0.6812
tbn,304,1,43,47.115,33.655,29.2205,0.676
tbn,304,1,44,46.66,33.43,20.5553,0.3418
tbn,304,1,45,46.335,33.325,15.2595,0.3421
tbn,304,1,46,45.995,33.255,8.1281,0.3536
tbn,304,1,47,45.645,33.22,3.2737,0.3506
tbn,305,0,0,54.19,36.295,13.4469,0.473
tbn,305,0,1,54.625,36.44,23.7018,0.4478
tbn,305,0,2,55.01,36.65,33.6957,0.4327
tbn,305,0,3,55.34,36.925,45.939,0.4314
tbn,305,0,4,55.61,37.26,56.3087,0.4327
tbn,305,0,5,55.82,37.635,65.2256,0.4295
tbn,305,0,6,55.96,38.045,76.9081,0.4415
tbn,305,0,7,56.03,38.485,84.9197,0.4517
tbn,305,0,8,56.015,39.01,96.654,0.6041
tbn,305,0,9,55.87,39.595,111.1047,0.611
tbn,305,0,10,55.59,40.125,124.7565,0.5964
tbn,305,0,11,55.18,40.565,140.9051,0.6185
tbn,305,0,12,54.66,40.875,157.6731,0.6054
tbn,305,0,13,54.08,41.05,168.6905,0.6119
tbn,305,0,14,53.475,41.135,175.3152,0.612
tbn,305,0,15,52.86,41.165,179.0751,0.6201
tbn,305,0,16,51.865,41.17,0.0,1.37
tbn,305,0,17,51.18,36.785,90.0,8.77
tbn,305,0,18,51.75,32.4,0.0,1.14
tbn,305,0,19,52.32,34.265,90.0,3.73
tbn,305,0,20,52.55,36.13,0.0,0.46
tbn,305,0,21,54.1,34.265,125.2896,4.5698
tbn,305,0,22,56.07,32.4,0.0,1.3
tbn,305,0,23,55.34,34.32,125.7065,4.729
tbn,305,1,0,52.47,40.19,0.0,0.3
tbn,305,1,1,52.83,40.185,178.6347,0.4201
tbn,305,1,2,53.255,40.16,174.6883,0.4319
tbn,305,1,3,53.675,40.1,168.9568,0.4177
tbn,305,1,4,54.07,39.995,161.1133,0.4016
tbn,305,1,5,54.425,39.835,150.0683,0.3808
tbn,305,1,6,54.72,39.605,133.9168,0.3748
tbn,305,1,7,54.935,39.295,115.9083,0.3891
tbn,305,1,8,55.05,38.895,97.5941,0.454
tbn,305,1,9,55.05,38.44,82.5692,0.4639
tbn,305,1,10,54.94,38.03,66.0367,0.3939
tbn,305,1,11,54.74,37.715,48.3619,0.3612
tbn,305,1,12,54.465,37.48,32.83,0.3689
tbn,305,1,13,54.125,37.31,20.7276,0.3956
tbn,305,1,14,53.74,37.2,11.3123,0.4079
tbn,305,1,15,53.325,37.14,5.3116,0.4319
tbn,305,1,16,52.895,37.115,1.3335,0.4301
tbn,305,1,17,52.5,37.11,0.0,0.36
tbn,305,1,18,52.32,38.65,90.0,3.08
tbn,306,0,0,61.01,40.19,0.0,2.1
tbn,306,0,1,62.06,40.68,90.0,0.98
tbn,306,0,2,59.395,41.17,0.0,5.33
tbn,306,0,3,56.73,40.68,90.0,0.98
tbn,306,0,4,57.78,40.19,0.0,2.1
tbn,306,0,5,58.83,36.295,90.0,7.79
tbn,306,0,6,59.395,32.4,0.0,1.13
tbn,306,0,7,59.96,36.295,90.0,7.79
tbn,307,0,0,67.15,32.4,0.0,1.82
tbn,307,0,1,68.315,32.405,1.1244,0.5101
tbn,307,0,2,68.82,32.435,5.7092,0.5025
tbn,307,0,3,69.31,32.505,10.6228,0.4884
tbn,307,0,4,69.78,32.61,14.6203,0.4754
tbn,307,0,5,70.23,32.745,18.8203,0.4649
tbn,307,0,6,70.655,32.915,24.8638,0.4519
tbn,307,0,7,71.05,33.12,30.0723,0.4391
tbn,307,0,8,71.42,33.355,34.7778,0.4383
tbn,307,0,9,71.76,33.63,43.1513,0.4386
tbn,307,0,10,72.065,33.94,47.8161,0.4319
tbn,307,0,11,72.335,34.285,55.9537,0.4465
tbn,307,0,12,72.565,34.665,61.7002,0.443
tbn,307,0,13,72.755,35.08,68.8756,0.4717
tbn,307,0,14,72.9,35.535,75.6761,0.485
tbn,307,0,15,72.995,36.025,82.1849,0.5148
tbn,307,0,16,73.045,36.555,86.8779,0.5508
tbn,307,0,17,73.045,37.095,93.2394,0.5309
tbn,307,0,18,72.995,37.61,97.9696,0.5049
tbn,307,0,19,72.895,38.09,105.7817,0.478
tbn,307,0,20,72.745,38.535,111.5723,0.4624
tbn,307,0,21,72.555,38.945,118.2998,0.443
tbn,307,0,22,72.325,39.315,125.5348,0.4301
tbn,307,0,23,72.055,39.655,131.3125,0.4393
tbn,307,0,24,71.75,39.96,138.8111,0.4252
tbn,307,0,25,71.41,40.225,145.2222,0.4383
tbn,307,0,26,71.04,40.46,149.9345,0.4391
tbn,307,0,27,70.645,40.66,156.2984,0.4478
tbn,307,0,28,70.22,40.825,161.1722,0.4649
tbn,307,0,29,69.775,40.96,165.0693,0.4657
tbn,307,0,30,69.315,41.06,170.3381,0.4768
tbn,307,0,31,68.835,41.125,174.175,0.4925
tbn,307,0,32,68.345,41.16,177.6604,0.4904
tbn,307,0,33,67.17,41.17,0.0,1.86
tbn,307,0,34,66.24,36.785,90.0,8.77
tbn,307,1,0,67.57,40.19,0.0,0.38
tbn,307,1,1,67.965,40.185,178.61,0.4101
tbn,307,1,2,68.375,40.165,175.811,0.4111
tbn,307,1,3,68.775,40.125,172.6961,0.3932
tbn,307,1,4,69.16,40.06,168.1088,0.3883
tbn,307,1,5,69.53,39.97,164.4795,0.3736
tbn,307,1,6,69.885,39.855,159.6228,0.3734
tbn,307,1,7,70.22,39.715,154.8816,0.3534
tbn,307,1,8,70.53,39.545,147.6525,0.3551
tbn,307,1,9,70.815,39.345,142.1298,0.342
tbn,307,1,10,71.07,39.1151,133.8306,0.3466
tbn,307,1,11,71.3,38.855,129.1718,0.3483
tbn,307,1,12,71.5,38.56,119.3572,0.3672
tbn,307,1,13,71.66,38.225,111.8027,0.3769
tbn,307,1,14,71.785,37.86,106.1442,0.3956
tbn,307,1,15,71.87,37.46,98.1289,0.4243
tbn,307,1,16,71.91,37.015,92.4373,0.4704
tbn,307,1,17,71.91,36.55,87.51,0.4605
tbn,307,1,18,71.87,36.11,81.8699,0.4242
tbn,307,1,19,71.785,35.705,74.2493,0.4052
tbn,307,1,20,71.66,35.34,67.6179,0.3677
tbn,307,1,21,71.5,35.01,60.6428,0.3672
tbn,307,1,22,71.3,34.71,51.8455,0.3561
tbn,307,1,23,71.07,34.45,44.9991,0.3394
tbn,307,1,24,70.815,34.22,39.1703,0.3483
tbn,307,1,25,70.53,34.0201,30.9625,0.3499
tbn,307,1,26,70.22,33.85,26.57,0.3578
tbn,307,1,27,69.885,33.705,20.3772,0.3734
tbn,307,1,28,69.53,33.59,15.5205,0.3736
tbn,307,1,29,69.16,33.505,10.4386,0.3864
tbn,307,1,30,68.775,33.44,8.7457,0.3946
tbn,307,1,31,68.375,33.395,4.189,0.4111
tbn,307,1,32,67.965,33.375,1.3985,0.4101
tbn,307,1,33,67.57,33.37,0.0,0.38
tbn,307,1,34,67.38,36.78,90.0,6.82
tbn,308,0,0,74.585,41.17,0.0,1.13
tbn,308,0,1,74.02,36.785,90.0,8.77
tbn,308,0,2,74.585,32.4,0.0,1.13
tbn,308,0,3,75.15,36.785,90.0,8.77
tbn,309,0,0,82.505,33.535,113.9858,2.4846
tbn,309,0,1,83.605,32.4,0.0,1.19
tbn,309,0,2,82.09,37.01,114.5935,10.1399
tbn,309,0,3,77.865,37.01,65.3551,10.1441
tbn,309,0,4,76.345,32.4,0.0,1.19
tbn,309,0,5,77.445,33.535,66.0144,2.4846
tbn,309,0,6,79.975,34.67,0.0,4.05
tbn,309,1,0,79.975,35.64,0.0,3.15
tbn,309,1,1,79.19,37.425,66.1269,3.904
tbn,309,1,2,80.765,37.425,113.7387,3.9
tbn,310,0,0,89.54,36.295,90.0,0.97
tbn,310,0,1,90.655,35.8101,0.0,2.23
tbn,310,0,2,91.73,35.55,81.254,0.5261
tbn,310,0,3,91.595,35.045,68.8053,0.5255
tbn,310,0,4,91.355,34.58,56.6115,0.527
tbn,310,0,5,91.025,34.165,46.5089,0.5376
tbn,310,0,6,90.63,33.81,37.3042,0.528
tbn,310,0,7,90.185,33.53,27.05,0.5277
tbn,310,0,8,89.7,33.335,16.7018,0.522
tbn,310,0,9,89.2,33.235,5.7092,0.5025
tbn,310,0,10,88.775,33.22,176.7264,0.3506
tbn,310,0,11,88.435,33.26,169.6954,0.3354
tbn,310,0,12,88.11,33.335,164.297,0.3324
tbn,310,0,13,87.795,33.445,157.2486,0.3362
tbn,310,0,14,87.355,33.68,149.1823,0.6637
tbn,310,0,15,86.82,34.08,137.3846,0.6794
tbn,310,0,16,86.37,34.575,127.0442,0.664
tbn,310,0,17,86.015,35.14,117.3247,0.6753
tbn,310,0,18,85.765,35.765,106.2937,0.6772
tbn,310,0,19,85.635,36.425,95.9646,0.6736
tbn,310,0,20,85.61,36.95,86.9866,0.3805
tbn,310,0,21,85.645,37.33,82.5049,0.3833
tbn,310,0,22,85.71,37.7,77.4704,0.3688
tbn,310,0,23,85.805,38.05,72.0733,0.3574
tbn,310,0,24,86.02,38.54,63.4355,0.7156
tbn,310,0,25,86.385,39.14,53.7902,0.694
tbn,310,0,26,86.845,39.65,42.0471,0.6868
tbn,310,0,27,87.395,40.05,29.9554,0.681
tbn,310,0,28,87.845,40.285,22.7519,0.3362
tbn,310,0,29,88.17,40.395,14.8209,0.3517
tbn,310,0,30,88.51,40.47,10.0077,0.3452
tbn,310,0,31,88.86,40.51,3.1829,0.3606
tbn,310,0,32,89.235,40.505,175.6059,0.3911
tbn,310,0,33,89.625,40.45,168.4054,0.3981
tbn,310,0,34,90.005,40.345,160.6405,0.3922
tbn,310,0,35,90.375,40.19,154.0583,0.4115
tbn,310,0,36,90.73,39.99,147.0913,0.405
tbn,310,0,37,91.055,39.755,141.1153,0.3982
tbn,310,0,38,91.355,39.48,134.0302,0.4172
tbn,310,0,39,91.625,39.17,127.9981,0.4061
tbn,310,0,40,92.11,39.395,46.9226,1.0542
tbn,310,0,41,92.305,39.975,130.2355,0.5109
tbn,310,0,42,91.955,40.345,136.5928,0.5093
tbn,310,0,43,91.565,40.665,144.7242,0.5022
tbn,310,0,44,91.145,40.9301,150.8334,0.4924
tbn,310,0,45,90.7,41.1451,157.5569,0.4977
tbn,310,0,46,90.23,41.31,163.745,0.5
tbn,310,0,47,89.74,41.42,170.9078,0.5064
tbn,310,0,48,89.24,41.475,176.563,0.5009
tbn,310,0,49,88.76,41.48,2.492,0.4604
tbn,310,0,50,88.31,41.435,9.0405,0.4455
tbn,310,0,51,87.87,41.34,15.2544,0.4561
tbn,310,0,52,87.445,41.2,21.3145,0.4401
tbn,310,0,53,87.04,41.0201,26.5668,0.4472
tbn,310,0,54,86.655,40.805,31.8704,0.4357
tbn,310,0,55,86.295,40.55,38.6568,0.4482
tbn,310,0,56,85.96,40.26,43.1513,0.4386
tbn,310,0,57,85.65,39.94,48.5783,0.4535
tbn,310,0,58,85.37,39.585,54.9036,0.4522
tbn,310,0,59,85.125,39.205,59.4717,0.4528
tbn,310,0,60,84.915,38.8,65.6578,0.461
tbn,310,0,61,84.745,38.37,71.1752,0.4649
tbn,310,0,62,84.61,37.92,75.3804,0.4754
tbn,310,0,63,84.515,37.455,81.5284,0.4752
tbn,310,0,64,84.47,36.975,87.6621,0.4904
tbn,310,0,65,84.47,36.505,92.5453,0.4505
tbn,310,0,66,84.515,36.06,99.0394,0.4455
tbn,310,0,67,84.605,35.63,104.677,0.4341
tbn,310,0,68,84.735,35.215,110.0929,0.4366
tbn,310,0,69,84.905,34.815,115.9774,0.4338
tbn,310,0,70,85.11,34.435,120.7318,0.4305
tbn,310,0,71,85.35,34.075,126.6092,0.436
tbn,310,0,72,85.625,33.74,132.1839,0.4319
tbn,310,0,73,85.925,33.43,135.9401,0.4314
tbn,310,0,74,86.25,33.15,142.5933,0.428
tbn,310,0,75,86.605,32.905,148.1364,0.4357
tbn,310,0,76,86.98,32.695,153.4345,0.4249
tbn,310,0,77,87.37,32.52,158.1944,0.4308
tbn,310,0,78,87.785,32.385,165.6525,0.4438
tbn,310,0,79,88.215,32.295,170.7529,0.4357
tbn,310,0,80,88.655,32.25,177.4605,0.4504
tbn,310,0,81,89.1,32.25,2.5972,0.4405
tbn,310,0,82,89.53,32.29,8.1298,0.4243
tbn,310,0,83,89.945,32.37,13.7117,0.422
tbn,310,0,84,90.34,32.4901,20.2269,0.405
tbn,310,0,85,90.705,32.6451,25.9043,0.3891
tbn,310,0,86,91.045,32.835,32.4662,0.3911
tbn,310,0,87,91.365,33.06,37.7523,0.3921
tbn,310,0,88,91.66,33.31,42.8734,0.3821
tbn,310,0,89,91.925,33.59,50.199,0.3905
tbn,310,0,90,92.16,33.9001,55.4919,0.3883
tbn,310,0,91,92.365,34.235,61.5033,0.3982
tbn,310,0,92,92.54,34.595,66.614,0.4031
tbn,310,0,93,92.68,34.975,72.8985,0.4081
tbn,310,0,94,92.785,35.375,77.6179,0.4197
tbn,310,0,95,92.86,35.79,81.8699,0.4242
tbn,310,0,96,92.9,36.22,87.3969,0.4405
tbn,310,0,97,92.91,36.61,90.0,0.34
tbn,310,0,98,91.225,36.78,0.0,3.37
tbn,311,0,0,97.08,36.295,13.4469,0.473
tbn,311,0,1,97.515,36.44,23.7016,0.4478
tbn,311,0,2,97.9,36.65,33.6957,0.4327
tbn,311,0,3,98.23,36.925,45.9394,0.4314
tbn,311,0,4,98.5,37.26,56.3091,0.4327
tbn,311,0,5,98.71,37.635,65.2256,0.4295
tbn,311,0,6,98.855,38.045,75.6504,0.4438
tbn,311,0,7,98.925,38.485,86.1857,0.451
tbn,311,0,8,98.905,39.01,96.654,0.6041
tbn,311,0,9,98.76,39.595,111.104,0.611
tbn,311,0,10,98.48,40.125,124.7568,0.5964
tbn,311,0,11,98.075,40.565,140.3136,0.6107
tbn,311,0,12,97.555,40.875,158.0272,0.6146
tbn,311,0,13,96.97,41.05,168.6905,0.6119
tbn,311,0,14,96.365,41.135,175.3152,0.612
tbn,311,0,15,95.755,41.165,179.0599,0.6101
tbn,311,0,16,94.76,41.17,0.0,1.38
tbn,311,0,17,94.07,36.785,90.0,8.77
tbn,311,0,18,94.64,32.4,0.0,1.14
tbn,311,0,19,95.21,34.265,90.0,3.73
tbn,311,0,20,95.445,36.13,0.0,0.47
tbn,311,0,21,96.995,34.265,125.1871,4.564
tbn,311,0,22,98.96,32.4,0.0,1.3
tbn,311,0,23,98.23,34.32,125.7065,4.729
tbn,311,1,0,95.36,40.19,0.0,0.3
tbn,311,1,1,95.72,40.185,178.6347,0.4201
tbn,311,1,2,96.145,40.16,174.6884,0.4319
tbn,311,1,3,96.57,40.1,169.2134,0.4276
tbn,311,1,4,96.97,39.995,161.1131,0.4016
tbn,311,1,5,97.32,39.835,149.2999,0.3722
tbn,311,1,6,97.61,39.605,133.9172,0.3748
tbn,311,1,7,97.825,39.295,115.9078,0.3891
tbn,311,1,8,97.94,38.895,97.5951,0.454
tbn,311,1,9,97.94,38.44,82.5683,0.4639
tbn,311,1,10,97.83,38.03,66.0372,0.3939
tbn,311,1,11,97.63,37.715,48.3623,0.3612
tbn,311,1,12,97.355,37.48,32.8297,0.3689
tbn,311,1,13,97.015,37.31,20.7278,0.3956
tbn,311,1,14,96.63,37.2,11.3122,0.4079
tbn,311,1,15,96.215,37.14,5.3116,0.4319
tbn,311,1,16,95.785,37.115,1.3335,0.4301
tbn,311,1,17,95.39,37.11,0.0,0.36
tbn,311,1,18,95.21,38.65,90.0,3.08
tbn,312,0,0,106.205,33.535,113.9858,2.4846
tbn,312,0,1,107.3,32.4,0.0,1.18
tbn,312,0,2,105.78,37.01,114.5935,10.1399
tbn,312,0,3,101.56,37.01,65.4065,10.1399
tbn,312,0,4,100.04,32.4,0.0,1.18
tbn,312,0,5,101.135,33.535,66.0142,2.4846
tbn,312,0,6,103.67,34.67,0.0,4.06
tbn,312,1,0,103.67,35.64,0.0,3.14
tbn,312,1,1,102.885,37.425,66.2613,3.9
tbn,312,1,2,104.455,37.425,113.7387,3.9
tbn,313,0,0,114.13,35.28,66.5291,6.6284
tbn,313,0,1,115.465,38.32,0.0,0.03
tbn,313,0,2,115.995,35.36,99.8698,6.009
tbn,313,0,3,117.075,32.4,0.0,1.13
tbn,313,0,4,116.74,37.035,100.9886,9.4432
tbn,313,0,5,114.325,38.195,66.4442,7.5818
tbn,313,0,6,111.295,38.195,113.5558,7.5818
tbn,313,0,7,108.88,37.035,79.0114,9.4432
tbn,313,0,8,108.55,32.4,0.0,1.14
tbn,313,0,9,109.63,35.35,80.1916,5.9875
tbn,313,0,10,110.155,38.3,0.0,0.03
tbn,313,0,11,111.49,35.27,113.54,6.6101
tbn,314,0,0,222.035,552.585,114.0071,1.3027
tbn,314,0,1,222.61,551.99,0.0,0.62
tbn,314,0,2,221.81,554.41,114.6399,5.3248
tbn,314,0,3,219.595,554.41,65.4581,5.3207
tbn,314,0,4,218.8,551.99,0.0,0.62
tbn,314,0,5,219.375,552.585,65.9929,1.3027
tbn,314,0,6,220.705,553.18,0.0,2.13
tbn,314,1,0,220.705,553.69,0.0,1.65
tbn,314,1,1,220.29,554.625,66.3227,2.0419
tbn,314,1,2,221.115,554.625,113.9341,2.0459
tbn,315,0,0,223.61,556.59,0.0,0.6
tbn,315,0,1,223.31,554.29,90.0,4.6
tbn,315,0,2,224.31,551.99,0.0,2.0
tbn,315,0,3,225.31,552.245,90.0,0.51
tbn,315,0,4,224.61,552.5,0.0,1.4
tbn,315,0,5,223.91,554.545,90.0,4.09
tbn,316,0,0,225.58,553.995,90.0,0.43
tbn,316,0,1,226.265,553.78,0.0,1.37
tbn,316,0,2,226.95,553.995,90.0,0.43
tbn,316,0,3,226.265,554.21,0.0,1.37
tbn,317,0,0,230.45,556.335,90.0,0.51
tbn,317,0,1,229.545,556.59,0.0,1.81
tbn,317,0,2,228.285,555.405,73.3228,2.4741
tbn,317,0,3,227.985,554.22,0.0,0.11
tbn,317,0,4,228.125,554.31,46.6369,0.2476
tbn,317,0,5,228.315,554.46,29.7439,0.2419
tbn,317,0,6,228.54,554.56,18.4349,0.253
tbn,317,0,7,228.78,554.615,7.125,0.2419
tbn,317,0,8,229.01,554.62,174.8055,0.2209
tbn,317,0,9,229.22,554.575,160.7098,0.2119
tbn,317,0,10,229.415,554.49,152.2421,0.2147
tbn,317,0,11,229.59,554.375,140.9066,0.2062
tbn,317,0,12,229.74,554.23,131.1858,0.2126
tbn,317,0,13,229.86,554.055,117.7602,0.2147
tbn,317,0,14,229.945,553.86,109.288,0.2119
tbn,317,0,15,229.99,553.65,95.1955,0.2209
tbn,317,0,16,229.99,553.43,84.8044,0.2209
tbn,317,0,17,229.95,553.215,74.0554,0.2184
tbn,317,0,18,229.865,553.015,59.9311,0.2195
tbn,317,0,19,229.745,552.835,52.5939,0.214
tbn,317,0,20,229.6,552.68,41.1879,0.2126
tbn,317,0,21,229.425,552.56,27.7579,0.2147
tbn,317,0,22,229.22,552.475,17.65,0.2309
tbn,317,0,23,229.0,552.43,5.1945,0.2209
tbn,317,0,24,228.81,552.425,176.4243,0.1603
tbn,317,0,25,228.65,552.45,165.9638,0.1649
tbn,317,0,26,228.495,552.5,158.1973,0.1615
tbn,317,0,27,228.345,552.57,151.9271,0.17
tbn,317,0,28,228.205,552.66,142.4318,0.164
tbn,317,0,29,228.085,552.77,132.5109,0.1628
tbn,317,0,30,227.98,552.895,127.5701,0.164
tbn,317,0,31,227.895,553.03,116.5626,0.1565
tbn,317,0,32,227.645,552.9,42.9296,0.5873
tbn,317,0,33,227.49,552.61,123.6923,0.2163
tbn,317,0,34,227.62,552.44,131.1858,0.2126
tbn,317,0,35,227.77,552.295,140.9047,0.2061
tbn,317,0,36,227.94,552.17,146.3105,0.2163
tbn,317,0,37,228.125,552.07,157.1671,0.2062
tbn,317,0,38,228.32,551.995,160.7098,0.2119
tbn,317,0,39,228.525,551.94,169.215,0.2138
tbn,317,0,40,228.735,551.915,177.2742,0.2102
tbn,317,0,41,228.93,551.91,0.0,0.18
tbn,317,0,42,229.105,551.925,10.0077,0.1726
tbn,317,0,43,229.27,551.955,10.62,0.1628
tbn,317,0,44,229.43,551.995,17.3534,0.1676
tbn,317,0,45,229.65,552.09,26.5657,0.313
tbn,317,0,46,229.915,552.255,37.2346,0.314
tbn,317,0,47,230.14,552.47,50.1946,0.3124
tbn,317,0,48,230.315,552.725,60.944,0.3089
tbn,317,0,49,230.415,552.94,72.645,0.1676
tbn,317,0,50,230.46,553.1,75.966,0.1649
tbn,317,0,51,230.495,553.265,79.9925,0.1726
tbn,317,0,52,230.51,553.435,90.0,0.17
tbn,317,0,53,230.5,553.68,93.5771,0.3206
tbn,317,0,54,230.45,553.985,105.4196,0.3008
tbn,317,0,55,230.35,554.27,113.2002,0.3046
tbn,317,0,56,230.21,554.53,123.6909,0.2884
tbn,317,0,57,230.025,554.75,136.3959,0.29
tbn,317,0,58,229.795,554.93,147.3808,0.2968
tbn,317,0,59,229.605,555.035,158.9635,0.1393
tbn,317,0,60,229.465,555.085,161.5646,0.1581
tbn,317,0,61,229.31,555.12,172.875,0.1612
tbn,317,0,62,229.15,555.135,176.423,0.1603
tbn,317,0,63,228.91,555.13,3.5765,0.3206
tbn,317,0,64,228.89,555.6,73.7398,1.0
tbn,317,0,65,229.74,556.08,0.0,1.42
tbn,318,0,0,232.675,551.915,2.7258,0.2102
tbn,318,0,1,232.875,551.945,14.7454,0.1965
tbn,318,0,2,233.06,552.01,23.961,0.197
tbn,318,0,3,233.23,552.1,32.0054,0.1887
tbn,318,0,4,233.385,552.215,40.9149,0.1985
tbn,318,0,5,233.525,552.35,47.1199,0.1911
tbn,318,0,6,233.645,552.5,55.4913,0.1942
tbn,318,0,7,233.75,552.67,60.9477,0.2059
tbn,318,0,8,233.88,552.95,67.1659,0.4123
tbn,318,0,9,234.01,553.34,75.963,0.4123
tbn,318,0,10,234.08,553.645,79.2174,0.2138
tbn,318,0,11,234.11,553.845,83.9897,0.191
tbn,318,0,12,234.13,554.04,84.2882,0.201
tbn,318,0,13,234.14,554.23,90.0,0.18
tbn,318,0,14,234.14,554.415,90.0,0.19
tbn,318,0,15,234.13,554.605,96.0102,0.1911
tbn,318,0,16,234.11,554.8,95.7118,0.201
tbn,318,0,17,234.08,555.0,101.3083,0.204
tbn,318,0,18,234.01,555.305,103.7078,0.422
tbn,318,0,19,233.88,555.705,112.3065,0.4215
tbn,318,0,20,233.75,555.99,119.0529,0.2059
tbn,318,0,21,233.645,556.16,124.5081,0.1942
tbn,318,0,22,233.525,556.315,130.9159,0.1985
tbn,318,0,23,233.385,556.45,141.3393,0.1921
tbn,318,0,24,233.23,556.565,145.4919,0.1942
tbn,318,0,25,233.065,556.655,157.6197,0.1838
tbn,318,0,26,232.88,556.715,165.9627,0.2062
tbn,318,0,27,232.675,556.75,174.5607,0.211
tbn,318,0,28,232.46,556.75,5.1935,0.2209
tbn,318,0,29,232.255,556.715,14.7442,0.1965
tbn,318,0,30,232.07,556.655,21.2512,0.1931
tbn,318,0,31,231.9,556.565,34.5081,0.1942
tbn,318,0,32,231.745,556.45,38.6607,0.1921
tbn,318,0,33,231.61,556.315,51.3373,0.1921
tbn,318,0,34,231.49,556.16,53.1319,0.2
tbn,318,0,35,231.38,555.99,60.9434,0.2059
tbn,318,0,36,231.255,555.705,68.9634,0.4179
tbn,318,0,37,231.125,555.305,74.9816,0.4245
tbn,318,0,38,231.055,555.0,81.4694,0.2022
tbn,318,0,39,231.025,554.8,81.4696,0.2022
tbn,318,0,40,231.005,554.605,86.9843,0.1903
tbn,318,0,41,230.995,554.415,86.9888,0.1903
tbn,318,0,42,230.995,554.23,93.1781,0.1803
tbn,318,0,43,231.005,554.04,92.8652,0.2003
tbn,318,0,44,231.025,553.845,98.9723,0.1924
tbn,318,0,45,231.055,553.645,98.1298,0.2121
tbn,318,0,46,231.125,553.34,105.3763,0.4149
tbn,318,0,47,231.26,552.95,112.8341,0.4123
tbn,318,0,48,231.385,552.67,116.5641,0.2012
tbn,318,0,49,231.49,552.5,126.8688,0.2
tbn,318,0,50,231.615,552.35,132.8801,0.1911
tbn,318,0,51,231.75,552.215,137.1216,0.191
tbn,318,0,52,231.9,552.1,147.9946,0.1887
tbn,318,0,53,232.07,552.01,156.0372,0.197
tbn,318,0,54,232.255,551.945,165.2558,0.1965
tbn,318,0,55,232.46,551.915,177.3979,0.2202
tbn,318,1,0,232.645,556.24,172.4049,0.1513
tbn,318,1,1,232.785,556.21,162.8975,0.136
tbn,318,1,2,232.91,556.16,153.4349,0.1342
tbn,318,1,3,233.025,556.085,140.7107,0.1421
tbn,318,1,4,233.175,555.925,129.5601,0.2983
tbn,318,1,5,233.34,555.67,116.5647,0.3131
tbn,318,1,6,233.46,555.375,107.8799,0.3257
tbn,318,1,7,233.545,555.06,102.3377,0.3276
tbn,318,1,8,233.6,554.745,97.3539,0.3126
tbn,318,1,9,233.625,554.46,92.2014,0.2602
tbn,318,1,10,233.625,554.195,87.88,0.2702
tbn,318,1,11,233.6,553.91,82.4038,0.3027
tbn,318,1,12,233.545,553.6,77.6623,0.3276
tbn,318,1,13,233.46,553.285,72.1201,0.3257
tbn,318,1,14,233.34,552.99,63.4353,0.3131
tbn,318,1,15,233.175,552.74,49.1842,0.2907
tbn,318,1,16,233.025,552.585,39.2893,0.1421
tbn,318,1,17,232.91,552.505,30.2573,0.1389
tbn,318,1,18,232.785,552.45,17.1025,0.136
tbn,318,1,19,232.645,552.425,3.815,0.1503
tbn,318,1,20,232.495,552.425,176.185,0.1503
tbn,318,1,21,232.35,552.45,164.0542,0.1456
tbn,318,1,22,232.22,552.505,149.7458,0.1389
tbn,318,1,23,232.105,552.585,140.7107,0.1421
tbn,318,1,24,231.955,552.74,130.8158,0.2907
tbn,318,1,25,231.79,552.99,116.5647,0.3131
tbn,318,1,26,231.67,553.285,107.8773,0.3257
tbn,318,1,27,231.585,553.6,102.3404,0.3276
tbn,318,1,28,231.53,553.91,97.5933,0.3027
tbn,318,1,29,231.505,554.195,92.1232,0.2702
tbn,318,1,30,231.505,554.46,87.7953,0.2602
tbn,318,1,31,231.53,554.745,82.6489,0.3126
tbn,318,1,32,231.585,555.06,77.6596,0.3276
tbn,318,1,33,231.67,555.375,72.1227,0.3257
tbn,318,1,34,231.79,555.67,63.4353,0.3131
tbn,318,1,35,231.955,555.925,50.4399,0.2983
tbn,318,1,36,232.105,556.085,39.2893,0.1421
tbn,318,1,37,232.22,556.16,26.5621,0.1342
tbn,318,1,38,232.35,556.21,15.9458,0.1456
tbn,318,1,39,232.495,556.24,7.5951,0.1513
tbn,319,0,0,236.435,552.97,53.4775,2.6381
tbn,319,0,1,237.31,554.175,58.1737,0.3413
tbn,319,0,2,237.475,554.47,63.4358,0.3354
tbn,319,0,3,237.575,554.7,72.645,0.1676
tbn,319,0,4,237.625,554.86,72.645,0.1676
tbn,319,0,5,237.66,555.02,82.8735,0.1612
tbn,319,0,6,237.675,555.19,86.8219,0.1803
tbn,319,0,7,237.665,555.43,95.7104,0.3015
tbn,319,0,8,237.605,555.715,108.4342,0.2846
tbn,319,0,9,237.49,555.98,118.3005,0.2953
tbn,319,0,10,237.325,556.22,130.8158,0.2907
tbn,319,0,11,237.12,556.42,140.7107,0.2843
tbn,319,0,12,236.885,556.575,152.5254,0.2818
tbn,319,0,13,236.62,556.685,162.181,0.2941
tbn,319,0,14,236.335,556.745,174.0943,0.2916
tbn,319,0,15,236.035,556.745,5.5274,0.3114
tbn,319,0,16,235.74,556.685,17.819,0.2941
tbn,319,0,17,235.475,556.57,29.2487,0.2865
tbn,319,0,18,235.24,556.41,39.2893,0.2843
tbn,319,0,19,235.04,556.205,51.954,0.2921
tbn,319,0,20,234.885,555.96,63.4343,0.2907
tbn,319,0,21,234.775,555.685,72.759,0.3036
tbn,319,0,22,234.72,555.385,86.3078,0.3106
tbn,319,0,23,234.72,555.095,94.2373,0.2707
tbn,319,0,24,234.765,554.825,104.5329,0.2789
tbn,319,0,25,234.855,554.57,114.6239,0.264
tbn,319,0,26,234.99,554.34,126.0278,0.272
tbn,319,0,27,235.165,554.135,135.0006,0.2687
tbn,319,0,28,235.37,553.97,147.5291,0.2608
tbn,319,0,29,235.605,553.855,160.2011,0.2657
tbn,319,0,30,235.87,553.795,173.8839,0.2816
tbn,319,0,31,236.125,553.79,4.9699,0.2309
tbn,319,0,32,236.345,553.835,18.4343,0.2214
tbn,319,0,33,236.455,553.865,134.9891,0.0141
tbn,319,0,34,235.845,553.045,52.9619,2.042
tbn,319,0,35,235.44,552.07,142.696,0.528
tbn,319,1,0,236.105,554.3,173.2899,0.1712
tbn,319,1,1,235.93,554.335,164.4755,0.1868
tbn,319,1,2,235.76,554.405,150.6428,0.1836
tbn,319,1,3,235.605,554.51,141.3393,0.1921
tbn,319,1,4,235.465,554.64,132.8801,0.1911
tbn,319,1,5,235.35,554.795,120.4668,0.1972
tbn,319,1,6,235.27,554.975,107.525,0.1992
tbn,319,1,7,235.23,555.17,95.7075,0.201
tbn,319,1,8,235.23,555.365,83.9942,0.191
tbn,319,1,9,235.27,555.555,72.4753,0.1993
tbn,319,1,10,235.345,555.73,60.6391,0.1836
tbn,319,1,11,235.455,555.885,49.0874,0.1985
tbn,319,1,12,235.595,556.02,38.6579,0.1921
tbn,319,1,13,235.755,556.125,27.8986,0.1924
tbn,319,1,14,235.935,556.2,17.5247,0.1993
tbn,319,1,15,236.13,556.24,5.7108,0.201
tbn,319,1,16,236.325,556.24,173.9909,0.1911
tbn,319,1,17,236.505,556.2,160.5605,0.1803
tbn,319,1,18,236.67,556.12,147.9946,0.1887
tbn,319,1,19,236.82,556.005,137.1207,0.1911
tbn,319,1,20,236.95,555.87,130.6003,0.1844
tbn,319,1,21,237.055,555.715,117.8966,0.1924
tbn,319,1,22,237.125,555.54,105.525,0.1868
tbn,319,1,23,237.16,555.36,96.3415,0.1811
tbn,319,1,24,237.165,555.175,86.9843,0.1903
tbn,319,1,25,237.13,554.99,71.5654,0.1897
tbn,319,1,26,237.06,554.82,63.4344,0.1789
tbn,319,1,27,236.96,554.665,51.3416,0.1921
tbn,319,1,28,236.83,554.53,40.6012,0.1844
tbn,319,1,29,236.68,554.42,32.0054,0.1887
tbn,319,1,30,236.505,554.34,17.5247,0.1993
tbn,319,1,31,236.3,554.3,5.1945,0.2209
tbn,320,0,0,239.675,554.205,177.2742,0.2102
tbn,320,0,1,239.87,554.185,170.5365,0.1825
tbn,320,0,2,240.045,554.135,157.6197,0.1838
tbn,320,0,3,240.2,554.05,144.4626,0.172
tbn,320,0,4,240.33,553.935,132.7116,0.1769
tbn,320,0,5,240.43,553.79,116.5612,0.1789
tbn,320,0,6,240.5,553.615,107.5292,0.1993
tbn,320,0,7,240.54,553.42,95.7075,0.201
tbn,320,0,8,240.54,553.23,83.6633,0.1811
tbn,320,0,9,240.505,553.055,73.6097,0.1772
tbn,320,0,10,240.44,552.89,63.4344,0.1789
tbn,320,0,11,240.35,552.745,52.4291,0.164
tbn,320,0,12,240.235,552.625,40.2388,0.1703
tbn,320,0,13,240.095,552.53,28.0716,0.17
tbn,320,0,14,239.935,552.465,16.3895,0.1772
tbn,320,0,15,239.755,552.43,6.0091,0.1911
tbn,320,0,16,239.58,552.425,176.423,0.1603
tbn,320,0,17,239.425,552.45,165.069,0.1552
tbn,320,0,18,239.275,552.5,158.1973,0.1615
tbn,320,0,19,239.135,552.57,148.3929,0.1526
tbn,320,0,20,239.015,552.665,135.001,0.1556
tbn,320,0,21,238.915,552.78,126.8681,0.15
tbn,320,0,22,238.835,552.915,115.0195,0.1655
tbn,320,0,23,238.785,553.07,100.6192,0.1628
tbn,320,0,24,238.49,553.15,0.0,0.56
tbn,320,0,25,238.23,553.015,98.4256,0.2729
tbn,320,0,26,238.3,552.755,111.8026,0.2693
tbn,320,0,27,238.415,552.525,121.7606,0.247
tbn,320,0,28,238.57,552.33,134.9988,0.2546
tbn,320,0,29,238.765,552.17,146.3109,0.2524
tbn,320,0,30,238.985,552.045,154.4395,0.2549
tbn,320,0,31,239.225,551.96,166.5048,0.2571
tbn,320,0,32,239.485,551.92,175.7636,0.2707
tbn,320,0,33,239.77,551.92,3.8141,0.3007
tbn,320,0,34,240.055,551.965,14.535,0.2789
tbn,320,0,35,240.315,552.06,25.6408,0.2773
tbn,320,0,36,240.545,552.2,37.303,0.264
tbn,320,0,37,240.735,552.38,49.6359,0.2625
tbn,320,0,38,240.885,552.595,60.5231,0.2642
tbn,320,0,39,240.99,552.85,74.0542,0.2912
tbn,320,0,40,241.045,553.14,84.2897,0.3015
tbn,320,0,41,241.055,553.38,93.183,0.1803
tbn,320,0,42,241.035,553.56,99.4619,0.1825
tbn,320,0,43,241.0,553.73,104.034,0.1649
tbn,320,0,44,240.945,553.89,113.6316,0.1746
tbn,320,0,45,240.865,554.04,122.7336,0.1664
tbn,320,0,46,240.77,554.175,127.5709,0.164
tbn,320,0,47,240.655,554.295,139.7612,0.1703
tbn,320,0,48,240.515,554.4,146.3109,0.1803
tbn,320,0,49,240.555,554.55,41.0073,0.3048
tbn,320,0,50,240.755,554.775,55.7846,0.3023
tbn,320,0,51,240.87,554.965,65.2259,0.1432
tbn,320,0,52,240.92,555.105,75.0711,0.1552
tbn,320,0,53,240.95,555.26,82.8735,0.1612
tbn,320,0,54,240.965,555.425,86.6353,0.1703
tbn,320,0,55,240.96,555.645,94.2341,0.2707
tbn,320,0,56,240.91,555.905,107.7451,0.2625
tbn,320,0,57,240.815,556.135,117.6462,0.2371
tbn,320,0,58,240.68,556.33,131.6341,0.2408
tbn,320,0,59,240.505,556.495,141.7099,0.2421
tbn,320,0,60,240.3,556.62,155.5565,0.2417
tbn,320,0,61,240.065,556.705,164.3578,0.2596
tbn,320,0,62,239.81,556.75,175.6011,0.2608
tbn,320,0,63,239.54,556.75,4.0857,0.2807
tbn,320,0,64,239.28,556.71,14.0354,0.2474
tbn,320,0,65,239.05,556.635,22.2489,0.2377
tbn,320,0,66,238.85,556.525,35.839,0.222
tbn,320,0,67,238.68,556.375,46.7347,0.2335
tbn,320,0,68,238.535,556.19,56.9752,0.2385
tbn,320,0,69,238.425,555.975,68.6301,0.247
tbn,320,0,70,238.35,555.725,77.4717,0.2766
tbn,320,0,71,238.605,555.59,0.0,0.57
tbn,320,0,72,238.91,555.66,74.0571,0.1456
tbn,320,0,73,238.955,555.795,68.9615,0.1393
tbn,320,0,74,239.015,555.915,57.531,0.1304
tbn,320,0,75,239.095,556.02,48.0098,0.1345
tbn,320,0,76,239.195,556.105,32.4745,0.1304
tbn,320,0,77,239.31,556.17,26.5636,0.1342
tbn,320,0,78,239.44,556.22,15.9444,0.1456
tbn,320,0,79,239.585,556.245,3.815,0.1503
tbn,320,0,80,239.74,556.24,172.875,0.1612
tbn,320,0,81,239.9,556.21,165.9638,0.1649
tbn,320,0,82,240.045,556.155,151.6974,0.1476
tbn,320,0,83,240.17,556.075,143.1324,0.15
tbn,320,0,84,240.28,555.97,129.8032,0.1562
tbn,320,0,85,240.365,555.845,118.3031,0.1477
tbn,320,0,86,240.425,555.705,108.4358,0.1581
tbn,320,0,87,240.455,555.545,93.3647,0.1703
tbn,320,0,88,240.45,555.365,83.9897,0.191
tbn,320,0,89,240.415,555.19,72.6499,0.1676
tbn,320,0,90,240.345,555.045,55.3016,0.1581
tbn,320,0,91,240.245,554.93,42.2742,0.1487
tbn,320,0,92,240.125,554.84,31.6089,0.1526
tbn,320,0,93,239.985,554.775,18.4336,0.1581
tbn,320,0,94,239.825,554.735,10.0089,0.1726
tbn,320,0,95,239.645,554.72,0.0,0.19
tbn,320,0,96,239.56,554.465,92.2462,0.5104
tbn,321,0,0,244.15,556.76,64.7984,0.3758
tbn,321,0,1,244.0,556.41,68.7496,0.3863
tbn,321,0,2,243.87,556.045,72.0315,0.389
tbn,321,0,3,243.765,555.66,77.3202,0.41
tbn,321,0,4,243.685,555.265,79.8234,0.3962
tbn,321,0,5,243.625,554.87,82.8745,0.4031
tbn,321,0,6,243.585,554.47,85.711,0.4011
tbn,321,0,7,243.565,554.08,88.4934,0.3801
tbn,321,0,8,243.565,553.7,91.5066,0.3801
tbn,321,0,9,243.585,553.315,94.3985,0.3912
tbn,321,0,10,243.625,552.92,97.1255,0.4031
tbn,321,0,11,243.685,552.52,99.9272,0.4061
tbn,321,0,12,243.765,552.12,102.6798,0.41
tbn,321,0,13,243.87,551.73,107.525,0.3985
tbn,321,0,14,244.0,551.355,110.7253,0.3956
tbn,321,0,15,244.15,550.995,114.5678,0.3848
tbn,321,0,16,244.46,550.99,36.4688,0.572
tbn,321,0,17,244.62,551.315,114.3044,0.3401
tbn,321,0,18,244.495,551.635,108.4351,0.3478
tbn,321,0,19,244.395,551.97,104.8283,0.3517
tbn,321,0,20,244.315,552.315,101.3086,0.3569
tbn,321,0,21,244.25,552.67,99.462,0.365
tbn,321,0,22,244.205,553.025,94.8989,0.3513
tbn,321,0,23,244.175,553.375,94.9014,0.3513
tbn,321,0,24,244.16,553.72,90.0,0.34
tbn,321,0,25,244.16,554.06,90.0,0.34
tbn,321,0,26,244.175,554.405,85.0987,0.3513
tbn,321,0,27,244.205,554.76,85.2365,0.3612
tbn,321,0,28,244.25,555.115,80.2729,0.3551
tbn,321,0,29,244.315,555.46,78.3677,0.3471
tbn,321,0,30,244.395,555.8,75.1717,0.3517
tbn,321,0,31,244.495,556.13,71.0295,0.3384
tbn,321,0,32,244.62,556.44,64.9831,0.3311
tbn,321,0,33,244.46,556.76,143.5312,0.572
tbn,322,0,0,247.69,556.335,90.0,0.51
tbn,322,0,1,246.565,556.59,0.0,2.25
tbn,322,0,2,245.44,554.29,90.0,4.6
tbn,322,0,3,245.735,551.99,0.0,0.59
tbn,322,0,4,246.03,553.14,90.0,2.3
tbn,322,0,5,246.835,554.29,0.0,1.61
tbn,322,0,6,247.64,554.545,90.0,0.51
tbn,322,0,7,246.835,554.8,0.0,1.61
tbn,322,0,8,246.03,555.44,90.0,1.28
tbn,322,0,9,246.86,556.08,0.0,1.66
tbn,323,0,0,251.375,552.585,114.0071,1.3027
tbn,323,0,1,251.95,551.99,0.0,0.62
tbn,323,0,2,251.15,554.41,114.6399,5.3248
tbn,323,0,3,248.935,554.41,65.4581,5.3207
tbn,323,0,4,248.14,551.99,0.0,0.62
tbn,323,0,5,248.715,552.585,65.9929,1.3027
tbn,323,0,6,250.045,553.18,0.0,2.13
tbn,323,1,0,250.045,553.69,0.0,1.65
tbn,323,1,1,249.63,554.625,66.3227,2.0419
tbn,323,1,2,250.455,554.625,113.9341,2.0459
tbn,324,0,0,255.685,552.585,114.0071,1.3027
tbn,324,0,1,256.26,551.99,0.0,0.62
tbn,324,0,2,255.46,554.41,114.64,5.3249
tbn,324,0,3,253.245,554.41,65.4581,5.3207
tbn,324,0,4,252.45,551.99,0.0,0.62
tbn,324,0,5,253.025,552.585,65.9929,1.3027
tbn,324,0,6,254.355,553.18,0.0,2.13
tbn,324,1,0,254.355,553.69,0.0,1.65
tbn,324,1,1,253.94,554.625,66.3227,2.0419
tbn,324,1,2,254.765,554.625,113.9341,2.0459
tbn,325,0,0,256.925,556.44,113.4295,0.327
tbn,325,0,1,257.045,556.13,108.9681,0.3384
tbn,325,0,2,257.15,555.8,106.3905,0.3544
tbn,325,0,3,257.235,555.46,101.6348,0.3471
tbn,325,0,4,257.295,555.115,98.1281,0.3536
tbn,325,0,5,257.34,554.76,96.3416,0.3622
tbn,325,0,6,257.37,554.405,93.2687,0.3506
tbn,325,0,7,257.385,554.06,91.6863,0.3401
tbn,325,0,8,257.385,553.72,88.3137,0.3401
tbn,325,0,9,257.37,553.375,86.7313,0.3506
tbn,325,0,10,257.34,553.025,83.4789,0.3523
tbn,325,0,11,257.295,552.67,82.0947,0.3635
tbn,325,0,12,257.235,552.315,78.689,0.3569
tbn,325,0,13,257.15,551.97,73.6095,0.3544
tbn,325,0,14,257.045,551.635,71.5672,0.3478
tbn,325,0,15,256.925,551.315,67.2483,0.3362
tbn,325,0,16,257.085,550.99,142.9277,0.564
tbn,325,0,17,257.395,550.995,64.0959,0.3891
tbn,325,0,18,257.55,551.355,69.2724,0.3956
tbn,325,0,19,257.675,551.73,73.8577,0.3956
tbn,325,0,20,257.78,552.12,75.9629,0.4123
tbn,325,0,21,257.86,552.52,81.4696,0.4045
tbn,325,0,22,257.915,552.92,82.8767,0.4031
tbn,325,0,23,257.955,553.315,85.6015,0.3912
tbn,325,0,24,257.975,553.7,88.4911,0.3801
tbn,325,0,25,257.975,554.08,91.5089,0.3801
tbn,325,0,26,257.955,554.47,94.289,0.4011
tbn,325,0,27,257.915,554.87,97.1233,0.4031
tbn,325,0,28,257.86,555.265,98.7458,0.3946
tbn,325,0,29,257.78,555.66,104.037,0.4123
tbn,325,0,30,257.675,556.045,106.555,0.386
tbn,325,0,31,257.55,556.41,111.2525,0.3863
tbn,325,0,32,257.395,556.76,116.5627,0.3801
tbn,325,0,33,257.085,556.76,37.0723,0.564
tbn,326,0,0,266.685,52.76,53.4774,2.638
tbn,326,0,1,267.56,53.965,58.1717,0.3413
tbn,326,0,2,267.725,54.26,63.4396,0.3355
tbn,326,0,3,267.83,54.49,69.4416,0.1709
tbn,326,0,4,267.88,54.65,75.9638,0.165
tbn,326,0,5,267.915,54.81,79.379,0.1628
tbn,326,0,6,267.935,54.975,86.6299,0.1703
tbn,326,0,7,267.925,55.21,95.7106,0.3015
tbn,326,0,8,267.865,55.5,107.8165,0.2941
tbn,326,0,9,267.75,55.77,118.3024,0.2953
tbn,326,0,10,267.585,56.005,132.1433,0.2832
tbn,326,0,11,267.38,56.205,139.1847,0.2907
tbn,326,0,12,267.14,56.365,153.4349,0.2907
tbn,326,0,13,266.875,56.475,161.5592,0.2846
tbn,326,0,14,266.59,56.535,174.2952,0.3015
tbn,326,0,15,266.29,56.535,5.7042,0.3015
tbn,326,0,16,266.0,56.475,17.8239,0.2941
tbn,326,0,17,265.73,56.36,28.2947,0.2953
tbn,326,0,18,265.495,56.195,42.135,0.2832
tbn,326,0,19,265.3,55.99,50.7158,0.2843
tbn,326,0,20,265.14,55.75,61.7029,0.2953
tbn,326,0,21,265.03,55.475,74.5736,0.3008
tbn,326,0,22,264.975,55.175,84.4726,0.3114
tbn,326,0,23,264.97,54.88,94.083,0.2807
tbn,326,0,24,265.015,54.61,105.0728,0.2692
tbn,326,0,25,265.11,54.355,115.6401,0.2773
tbn,326,0,26,265.245,54.125,125.5393,0.2581
tbn,326,0,27,265.415,53.925,134.9954,0.2687
tbn,326,0,28,265.62,53.76,147.5262,0.2608
tbn,326,0,29,265.855,53.645,160.2081,0.2657
tbn,326,0,30,266.12,53.585,173.8785,0.2816
tbn,326,0,31,266.375,53.58,4.9743,0.2309
tbn,326,0,32,266.6,53.625,17.6518,0.2309
tbn,326,0,33,266.715,53.655,135.0,0.0142
tbn,326,0,34,266.105,52.835,52.9616,2.042
tbn,326,0,35,265.695,51.86,142.028,0.5201
tbn,326,1,0,266.36,54.09,173.6534,0.1811
tbn,326,1,1,266.18,54.125,164.4789,0.1868
tbn,326,1,2,266.01,54.195,150.6521,0.1836
tbn,326,1,3,265.855,54.3,141.3402,0.1921
tbn,326,1,4,265.715,54.43,132.877,0.1911
tbn,326,1,5,265.605,54.585,117.8987,0.1923
tbn,326,1,6,265.525,54.765,110.2266,0.2025
tbn,326,1,7,265.48,54.96,95.7071,0.201
tbn,326,1,8,265.48,55.155,83.9943,0.1911
tbn,326,1,9,265.52,55.345,72.4753,0.1993
tbn,326,1,10,265.6,55.52,57.9985,0.1887
tbn,326,1,11,265.71,55.675,51.3345,0.1921
tbn,326,1,12,265.845,55.81,38.6598,0.1921
tbn,326,1,13,266.005,55.915,27.9025,0.1924
tbn,326,1,14,266.185,55.99,17.5247,0.1993
tbn,326,1,15,266.385,56.03,5.4458,0.2109
tbn,326,1,16,266.58,56.025,170.5282,0.1825
tbn,326,1,17,266.755,55.98,160.5621,0.1803
tbn,326,1,18,266.92,55.905,150.6355,0.1836
tbn,326,1,19,267.07,55.795,137.1302,0.191
tbn,326,1,20,267.2,55.66,130.5972,0.1844
tbn,326,1,21,267.305,55.505,117.8982,0.1924
tbn,326,1,22,267.38,55.33,108.4349,0.1897
tbn,326,1,23,267.42,55.15,96.337,0.1811
tbn,326,1,24,267.42,54.965,83.9943,0.1911
tbn,326,1,25,267.385,54.78,74.4699,0.1868
tbn,326,1,26,267.315,54.605,62.1013,0.1923
tbn,326,1,27,267.215,54.45,51.8494,0.178
tbn,326,1,28,267.09,54.315,42.877,0.1911
tbn,326,1,29,266.935,54.205,27.8907,0.1923
tbn,326,1,30,266.755,54.13,17.5247,0.1993
tbn,326,1,31,266.555,54.09,5.445,0.211
tbn,327,0,0,270.325,53.24,51.5247,2.427
tbn,327,0,1,271.145,54.295,58.2348,0.247
tbn,327,0,2,271.26,54.52,67.3843,0.26
tbn,327,0,3,271.34,54.77,77.0064,0.2668
tbn,327,0,4,271.385,55.03,83.4186,0.2617
tbn,327,0,5,271.385,55.305,95.9063,0.2915
tbn,327,0,6,271.33,55.585,106.5006,0.2816
tbn,327,0,7,271.22,55.84,120.2601,0.2778
tbn,327,0,8,271.065,56.06,130.36,0.2625
tbn,327,0,9,270.875,56.24,142.689,0.264
tbn,327,0,10,270.65,56.385,151.5695,0.2729
tbn,327,0,11,270.395,56.485,165.4635,0.2789
tbn,327,0,12,270.12,56.535,173.8785,0.2816
tbn,327,0,13,269.83,56.535,5.7158,0.3015
tbn,327,0,14,269.545,56.485,14.5365,0.2789
tbn,327,0,15,269.29,56.39,26.5651,0.2683
tbn,327,0,16,269.07,56.25,38.6534,0.2561
tbn,327,0,17,268.885,56.075,48.1831,0.2549
tbn,327,0,18,268.73,55.86,59.7399,0.2778
tbn,327,0,19,268.615,55.605,71.567,0.2846
tbn,327,0,20,268.54,55.32,78.6901,0.3059
tbn,327,0,21,268.8,55.17,0.0,0.58
tbn,327,0,22,269.105,55.26,80.5377,0.1825
tbn,327,0,23,269.145,55.43,72.6373,0.1676
tbn,327,0,24,269.215,55.585,59.0414,0.1749
tbn,327,0,25,269.315,55.72,47.4922,0.1628
tbn,327,0,26,269.435,55.835,40.2315,0.1703
tbn,327,0,27,269.57,55.93,29.7476,0.1613
tbn,327,0,28,269.725,55.995,16.3873,0.1772
tbn,327,0,29,269.895,56.03,6.7158,0.1712
tbn,327,0,30,270.065,56.03,173.283,0.1712
tbn,327,0,31,270.235,55.995,163.6155,0.1772
tbn,327,0,32,270.4,55.925,150.6521,0.1836
tbn,327,0,33,270.545,55.825,139.7528,0.1703
tbn,327,0,34,270.665,55.705,130.2315,0.1703
tbn,327,0,35,270.765,55.56,119.3609,0.1836
tbn,327,0,36,270.84,55.4,110.5584,0.1709
tbn,327,0,37,270.88,55.225,96.0148,0.1911
tbn,327,0,38,270.87,55.015,80.1339,0.2335
tbn,327,0,39,270.8,54.79,65.5519,0.2416
tbn,327,0,40,270.685,54.58,56.9767,0.2386
tbn,327,0,41,270.55,54.385,53.6191,0.236
tbn,327,0,42,269.465,53.035,51.0354,3.2282
tbn,327,0,43,269.925,51.78,0.0,2.95
tbn,327,0,44,271.4,52.035,90.0,0.51
tbn,327,0,45,270.485,52.29,0.0,1.83
tbn,328,0,0,272.8,56.35,10.7862,0.4276
tbn,328,0,1,272.43,56.2,34.5069,0.3883
tbn,328,0,2,272.16,55.925,56.3112,0.3966
tbn,328,0,3,272.015,55.55,80.5363,0.4258
tbn,328,0,4,272.015,55.135,99.689,0.416
tbn,328,0,5,272.16,54.765,123.6937,0.3966
tbn,328,0,6,272.43,54.495,146.7205,0.3827
tbn,328,0,7,272.8,54.35,169.2138,0.4276
tbn,328,0,8,273.22,54.35,10.7862,0.4276
tbn,328,0,9,273.595,54.495,32.475,0.3912
tbn,328,0,10,273.87,54.765,56.3063,0.3966
tbn,328,0,11,274.015,55.135,80.311,0.416
tbn,328,0,12,274.015,55.55,99.4637,0.4258
tbn,328,0,13,273.87,55.925,123.6888,0.3966
tbn,328,0,14,273.595,56.2,146.3124,0.3966
tbn,328,0,15,273.22,56.35,169.2138,0.4276
tbn,328,1,0,272.905,54.81,169.2211,0.2138
tbn,328,1,1,272.71,54.89,146.3144,0.2163
tbn,328,1,2,272.56,55.04,123.6901,0.2163
tbn,328,1,3,272.48,55.235,100.7774,0.2138
tbn,328,1,4,272.48,55.45,79.6994,0.2236
tbn,328,1,5,272.56,55.65,56.3099,0.2163
tbn,328,1,6,272.71,55.8,33.6856,0.2163
tbn,328,1,7,272.905,55.885,13.4056,0.2159
tbn,328,1,8,273.12,55.885,167.1837,0.2256
tbn,328,1,9,273.32,55.8,146.3099,0.2163
tbn,328,1,10,273.47,55.65,123.6901,0.2163
tbn,328,1,11,273.555,55.45,102.8105,0.2256
tbn,328,1,12,273.555,55.235,76.6041,0.2159
tbn,328,1,13,273.47,55.04,56.3099,0.2163
tbn,328,1,14,273.32,54.89,33.6901,0.2163
tbn,328,1,15,273.12,54.81,10.2993,0.2236
tbn,329,0,0,276.17,51.705,2.6051,0.2202
tbn,329,0,1,276.375,51.735,14.7399,0.1965
tbn,329,0,2,276.56,51.8,23.9679,0.197
tbn,329,0,3,276.73,51.89,31.9985,0.1887
tbn,329,0,4,276.88,52.0,40.5972,0.1844
tbn,329,0,5,277.015,52.135,49.0958,0.1985
tbn,329,0,6,277.14,52.29,53.1196,0.2
tbn,329,0,7,277.25,52.46,60.9503,0.2059
tbn,329,0,8,277.375,52.74,68.4561,0.4085
tbn,329,0,9,277.505,53.13,74.6266,0.4149
tbn,329,0,10,277.58,53.43,78.6884,0.204
tbn,329,0,11,277.61,53.63,84.2929,0.201
tbn,329,0,12,277.625,53.83,87.1341,0.2002
tbn,329,0,13,277.635,54.02,86.8266,0.1803
tbn,329,0,14,277.64,54.2,90.0,0.1801
tbn,329,0,15,277.63,54.39,95.7089,0.2009
tbn,329,0,16,277.61,54.59,95.7071,0.201
tbn,329,0,17,277.58,54.79,101.3116,0.204
tbn,329,0,18,277.51,55.095,103.7086,0.422
tbn,329,0,19,277.38,55.495,112.3059,0.4216
tbn,329,0,20,277.25,55.775,120.4619,0.1972
tbn,329,0,21,277.145,55.945,122.9023,0.2025
tbn,329,0,22,277.025,56.1,132.8894,0.191
tbn,329,0,23,276.885,56.235,139.0834,0.1985
tbn,329,0,24,276.73,56.35,147.9858,0.1887
tbn,329,0,25,276.56,56.44,156.0321,0.197
tbn,329,0,26,276.375,56.505,165.2601,0.1965
tbn,329,0,27,276.17,56.54,174.8163,0.2209
tbn,329,0,28,275.955,56.54,5.4293,0.2109
tbn,329,0,29,275.755,56.505,14.7399,0.1965
tbn,329,0,30,275.57,56.44,23.9679,0.197
tbn,329,0,31,275.4,56.35,32.0142,0.1887
tbn,329,0,32,275.245,56.235,40.9108,0.1985
tbn,329,0,33,275.105,56.1,47.1173,0.191
tbn,329,0,34,274.985,55.945,57.0977,0.2025
tbn,329,0,35,274.88,55.775,59.5304,0.1972
tbn,329,0,36,274.75,55.495,67.6941,0.4216
tbn,329,0,37,274.62,55.095,76.2954,0.422
tbn,329,0,38,274.55,54.79,78.6884,0.204
tbn,329,0,39,274.52,54.59,84.2929,0.201
tbn,329,0,40,274.5,54.39,84.2825,0.201
tbn,329,0,41,274.49,54.2,90.0,0.1801
tbn,329,0,42,274.49,54.02,90.0,0.18
tbn,329,0,43,274.5,53.83,95.7175,0.201
tbn,329,0,44,274.52,53.63,95.7071,0.201
tbn,329,0,45,274.55,53.43,101.3116,0.204
tbn,329,0,46,274.625,53.13,105.3734,0.4149
tbn,329,0,47,274.755,52.74,111.5399,0.4085
tbn,329,0,48,274.88,52.46,119.0571,0.2059
tbn,329,0,49,274.99,52.29,126.8734,0.2
tbn,329,0,50,275.115,52.135,130.9108,0.1985
tbn,329,0,51,275.25,52.0,139.4028,0.1844
tbn,329,0,52,275.4,51.89,148.0015,0.1887
tbn,329,0,53,275.57,51.8,156.0321,0.197
tbn,329,0,54,275.755,51.735,165.2601,0.1965
tbn,329,0,55,275.955,51.705,177.2709,0.2102
tbn,329,1,0,276.135,56.03,172.3977,0.1513
tbn,329,1,1,276.28,56.0,164.0645,0.1456
tbn,329,1,2,276.41,55.945,149.7399,0.1389
tbn,329,1,3,276.525,55.87,143.9632,0.136
tbn,329,1,4,276.675,55.715,129.5624,0.2983
tbn,329,1,5,276.84,55.46,116.5651,0.3131
tbn,329,1,6,276.96,55.16,107.3546,0.3353
tbn,329,1,7,277.045,54.845,102.7204,0.3178
tbn,329,1,8,277.1,54.535,97.354,0.3126
tbn,329,1,9,277.125,54.25,92.2047,0.2602
tbn,329,1,10,277.125,53.985,87.8765,0.2701
tbn,329,1,11,277.1,53.7,82.405,0.3027
tbn,329,1,12,277.045,53.39,77.6629,0.3275
tbn,329,1,13,276.96,53.075,72.1234,0.3258
tbn,329,1,14,276.84,52.78,63.43,0.313
tbn,329,1,15,276.675,52.525,50.4376,0.2983
tbn,329,1,16,276.525,52.37,36.0368,0.136
tbn,329,1,17,276.41,52.295,30.2601,0.1389
tbn,329,1,18,276.28,52.24,15.9355,0.1456
tbn,329,1,19,276.135,52.215,3.8179,0.1503
tbn,329,1,20,275.99,52.215,175.9108,0.1404
tbn,329,1,21,275.85,52.24,164.0612,0.1456
tbn,329,1,22,275.72,52.295,149.7399,0.1389
tbn,329,1,23,275.605,52.37,143.9707,0.136
tbn,329,1,24,275.455,52.525,129.5624,0.2983
tbn,329,1,25,275.29,52.78,116.5651,0.313
tbn,329,1,26,275.17,53.075,107.8766,0.3258
tbn,329,1,27,275.085,53.39,102.3423,0.3275
tbn,329,1,28,275.03,53.7,97.5893,0.3027
tbn,329,1,29,275.005,53.985,92.1235,0.2701
tbn,329,1,30,275.005,54.25,87.7953,0.2602
tbn,329,1,31,275.03,54.535,82.6516,0.3126
tbn,329,1,32,275.085,54.845,77.2743,0.3178
tbn,329,1,33,275.17,55.16,72.6454,0.3353
tbn,329,1,34,275.29,55.46,63.4399,0.3131
tbn,329,1,35,275.455,55.715,50.4376,0.2983
tbn,329,1,36,275.605,55.87,36.0293,0.136
tbn,329,1,37,275.72,55.945,30.2601,0.1389
tbn,329,1,38,275.85,56.0,15.9388,0.1456
tbn,329,1,39,275.99,56.03,8.1371,0.1414
tbn,330,0,0,278.215,52.91,95.7106,0.3015
tbn,330,0,1,278.27,52.625,106.5006,0.2816
tbn,330,0,2,278.375,52.375,119.4789,0.2642
tbn,330,0,3,278.525,52.16,130.365,0.2625
tbn,330,0,4,278.715,51.98,142.6996,0.264
tbn,330,0,5,278.94,51.845,155.3664,0.264
tbn,330,0,6,279.19,51.755,164.9305,0.2693
tbn,330,0,7,279.465,51.71,176.0631,0.2907
tbn,330,0,8,279.75,51.71,4.0772,0.2807
tbn,330,0,9,280.025,51.755,14.5365,0.2789
tbn,330,0,10,280.28,51.845,24.6308,0.264
tbn,330,0,11,280.5,51.98,38.6577,0.2561
tbn,330,0,12,280.685,52.16,49.635,0.2625
tbn,330,0,13,280.835,52.375,60.5211,0.2642
tbn,330,0,14,280.94,52.625,73.4994,0.2816
tbn,330,0,15,280.995,52.91,84.2894,0.3015
tbn,330,0,16,281.005,53.15,93.1831,0.1803
tbn,330,0,17,280.985,53.325,100.0086,0.1726
tbn,330,0,18,280.94,53.49,110.5513,0.1709
tbn,330,0,19,280.875,53.65,113.6259,0.1746
tbn,330,0,20,280.79,53.795,127.5692,0.164
tbn,330,0,21,280.68,53.92,135.0,0.1697
tbn,330,0,22,280.55,54.03,144.4552,0.1721
tbn,330,0,23,280.4,54.12,153.4481,0.1789
tbn,330,0,24,280.45,54.255,36.1575,0.322
tbn,330,0,25,280.675,54.475,52.7648,0.314
tbn,330,0,26,280.805,54.67,63.4349,0.1565
tbn,330,0,27,280.865,54.815,71.572,0.1581
tbn,330,0,28,280.905,54.97,79.379,0.1628
tbn,330,0,29,280.925,55.135,86.6299,0.1703
tbn,330,0,30,280.915,55.36,96.1146,0.2816
tbn,330,0,31,280.865,55.625,105.6438,0.2596
tbn,330,0,32,280.77,55.865,117.5539,0.2594
tbn,330,0,33,280.63,56.075,130.1012,0.2484
tbn,330,0,34,280.455,56.25,139.8934,0.2484
tbn,330,0,35,280.245,56.39,152.4493,0.2594
tbn,330,0,36,280.005,56.485,164.3562,0.2596
tbn,330,0,37,279.745,56.535,173.6662,0.2716
tbn,330,0,38,279.47,56.535,6.1091,0.2816
tbn,330,0,39,279.205,56.485,15.6438,0.2596
tbn,330,0,40,278.97,56.39,28.6093,0.2506
tbn,330,0,41,278.76,56.25,38.6641,0.2562
tbn,330,0,42,278.585,56.075,51.7113,0.2421
tbn,330,0,43,278.45,55.865,62.4461,0.2594
tbn,330,0,44,278.35,55.625,72.2518,0.2625
tbn,330,0,45,278.3,55.36,85.917,0.2807
tbn,330,0,46,278.295,55.135,93.3701,0.1703
tbn,330,0,47,278.315,54.97,100.621,0.1628
tbn,330,0,48,278.355,54.815,108.428,0.1581
tbn,330,0,49,278.41,54.67,113.1956,0.1523
tbn,330,0,50,278.53,54.475,125.7574,0.3081
tbn,330,0,51,278.745,54.255,142.7648,0.314
tbn,330,0,52,278.795,54.12,28.0555,0.17
tbn,330,0,53,278.65,54.03,35.5507,0.1721
tbn,330,0,54,278.525,53.92,47.4843,0.1628
tbn,330,0,55,278.42,53.795,52.4392,0.164
tbn,330,0,56,278.335,53.65,66.3649,0.1746
tbn,330,0,57,278.275,53.49,72.6435,0.1677
tbn,330,0,58,278.23,53.325,76.7652,0.1746
tbn,330,0,59,278.205,53.15,86.8169,0.1803
tbn,330,1,0,279.69,56.03,172.8898,0.1612
tbn,330,1,1,279.845,55.995,161.5476,0.1581
tbn,330,1,2,279.985,55.935,151.7185,0.1476
tbn,330,1,3,280.11,55.85,140.183,0.1562
tbn,330,1,4,280.22,55.74,129.8084,0.1562
tbn,330,1,5,280.31,55.61,119.7382,0.1613
tbn,330,1,6,280.375,55.465,108.4454,0.1581
tbn,330,1,7,280.41,55.305,96.7045,0.1712
tbn,330,1,8,280.41,55.15,81.8716,0.1414
tbn,330,1,9,280.375,55.01,70.3414,0.1487
tbn,330,1,10,280.31,54.87,60.2618,0.1613
tbn,330,1,11,280.215,54.74,47.4843,0.1628
tbn,330,1,12,280.1,54.625,42.5078,0.1628
tbn,330,1,13,279.97,54.53,29.753,0.1612
tbn,330,1,14,279.83,54.465,19.6475,0.1487
tbn,330,1,15,279.685,54.43,7.6023,0.1513
tbn,330,1,16,279.535,54.43,172.3977,0.1513
tbn,330,1,17,279.385,54.465,161.572,0.1581
tbn,330,1,18,279.245,54.53,148.382,0.1526
tbn,330,1,19,279.115,54.625,139.7685,0.1703
tbn,330,1,20,279.0,54.74,129.8084,0.1562
tbn,330,1,21,278.91,54.87,119.7382,0.1613
tbn,330,1,22,278.845,55.01,109.6586,0.1487
tbn,330,1,23,278.81,55.15,98.1284,0.1414
tbn,330,1,24,278.81,55.305,83.2955,0.1712
tbn,330,1,25,278.84,55.465,75.0621,0.1552
tbn,330,1,26,278.9,55.61,60.2618,0.1613
tbn,330,1,27,278.99,55.74,50.1916,0.1562
tbn,330,1,28,279.1,55.85,39.817,0.1562
tbn,330,1,29,279.23,55.935,26.5451,0.1565
tbn,330,1,30,279.375,55.995,18.4524,0.1581
tbn,330,1,31,279.53,56.03,7.1102,0.1612
tbn,330,2,0,279.695,53.9,173.3033,0.1712
tbn,330,2,1,279.86,53.865,162.6503,0.1676
tbn,330,2,2,280.015,53.805,154.9844,0.1656
tbn,330,2,3,280.16,53.715,141.8279,0.1781
tbn,330,2,4,280.285,53.6,132.5157,0.1628
tbn,330,2,5,280.385,53.465,120.9689,0.1749
tbn,330,2,6,280.455,53.31,107.3466,0.1677
tbn,330,2,7,280.49,53.145,96.7069,0.1712
tbn,330,2,8,280.49,52.975,83.2931,0.1712
tbn,330,2,9,280.455,52.81,72.6534,0.1677
tbn,330,2,10,280.385,52.66,57.2572,0.1664
tbn,330,2,11,280.28,52.525,47.2856,0.1769
tbn,330,2,12,280.155,52.405,40.2538,0.1703
tbn,330,2,13,280.015,52.31,28.0555,0.17
tbn,330,2,14,279.86,52.245,17.3696,0.1676
tbn,330,2,15,279.695,52.215,3.3496,0.1703
tbn,330,2,16,279.525,52.215,176.651,0.1703
tbn,330,2,17,279.36,52.245,162.6304,0.1676
tbn,330,2,18,279.205,52.31,151.9396,0.17
tbn,330,2,19,279.06,52.405,141.8279,0.1781
tbn,330,2,20,278.935,52.525,130.2394,0.1703
tbn,330,2,21,278.835,52.66,122.7428,0.1664
tbn,330,2,22,278.76,52.81,110.5513,0.1709
tbn,330,2,23,278.72,52.975,96.7069,0.1712
tbn,330,2,24,278.72,53.145,83.2931,0.1712
tbn,330,2,25,278.76,53.31,69.4487,0.1709
tbn,330,2,26,278.83,53.465,61.9166,0.17
tbn,330,2,27,278.93,53.6,45.0,0.1697
tbn,330,2,28,279.055,53.715,40.2472,0.1703
tbn,330,2,29,279.195,53.805,25.0201,0.1655
tbn,330,2,30,279.355,53.865,16.3873,0.1772
tbn,330,2,31,279.525,53.9,6.6955,0.1712
tbn,331,0,0,281.925,55.725,67.3064,1.7885
tbn,331,0,1,281.755,54.83,158.2055,0.3769
tbn,331,0,2,282.35,55.56,62.3003,1.8071
tbn,331,0,3,282.52,56.455,159.193,0.5349
tbn,332,0,0,283.335,56.38,0.0,0.63
tbn,332,0,1,283.98,53.995,111.9256,5.1419
tbn,332,0,2,285.595,53.305,68.8721,3.6343
tbn,332,0,3,286.905,53.305,111.1279,3.6343
tbn,332,0,4,288.525,53.995,67.9713,5.1457
tbn,332,0,5,289.175,56.38,0.0,0.63
tbn,332,0,6,288.21,54.745,68.3198,3.5189
tbn,332,0,7,286.905,54.83,110.8475,3.681
tbn,332,0,8,285.6,54.865,68.9052,3.6121
tbn,332,0,9,284.3,54.78,112.1092,3.454
tbn,333,0,0,23.285,52.255,53.6065,2.6461
tbn,333,0,1,24.16,53.46,57.2618,0.3328
tbn,333,0,2,24.32,53.755,65.6954,0.3401
tbn,333,0,3,24.42,53.985,68.2014,0.1616
tbn,333,0,4,24.475,54.14,72.6497,0.1677
tbn,333,0,5,24.51,54.305,83.2893,0.1712
tbn,333,0,6,24.525,54.475,86.6331,0.1703
tbn,333,0,7,24.515,54.71,95.711,0.3015
tbn,333,0,8,24.455,55.0,107.8172,0.2941
tbn,333,0,9,24.34,55.265,119.2487,0.2865
tbn,333,0,10,24.175,55.5,130.8189,0.2907
tbn,333,0,11,23.97,55.7,140.7116,0.2842
tbn,333,0,12,23.735,55.86,150.7486,0.2865
tbn,333,0,13,23.47,55.97,164.0514,0.2912
tbn,333,0,14,23.185,56.025,174.1,0.2915
tbn,333,0,15,22.885,56.025,5.5217,0.3114
tbn,333,0,16,22.59,55.965,17.8239,0.2941
tbn,333,0,17,22.325,55.855,27.4753,0.2818
tbn,333,0,18,22.09,55.695,40.8153,0.2907
tbn,333,0,19,21.89,55.485,51.9505,0.292
tbn,333,0,20,21.735,55.245,62.5257,0.2818
tbn,333,0,21,21.625,54.975,72.7573,0.3036
tbn,333,0,22,21.565,54.675,84.4723,0.3114
tbn,333,0,23,21.565,54.38,96.115,0.2816
tbn,333,0,24,21.615,54.11,105.0679,0.2693
tbn,333,0,25,21.705,53.855,113.7496,0.2731
tbn,333,0,26,21.84,53.62,126.031,0.272
tbn,333,0,27,22.015,53.42,136.5494,0.2617
tbn,333,0,28,22.22,53.26,147.526,0.2608
tbn,333,0,29,22.455,53.145,160.1957,0.2657
tbn,333,0,30,22.715,53.08,171.5776,0.2729
tbn,333,0,31,22.97,53.07,4.7683,0.2408
tbn,333,0,32,23.195,53.115,18.4368,0.2214
tbn,333,0,33,23.305,53.145,134.9727,0.0141
tbn,333,0,34,22.695,52.33,52.792,2.034
tbn,333,0,35,22.29,51.355,141.8413,0.5341
tbn,333,1,0,22.95,53.58,173.6537,0.1811
tbn,333,1,1,22.775,53.62,160.5607,0.1803
tbn,333,1,2,22.605,53.695,152.1117,0.1923
tbn,333,1,3,22.45,53.795,141.8467,0.178
tbn,333,1,4,22.315,53.925,130.9096,0.1985
tbn,333,1,5,22.2,54.085,120.4682,0.1972
tbn,333,1,6,22.12,54.26,108.4355,0.1897
tbn,333,1,7,22.08,54.45,95.7104,0.201
tbn,333,1,8,22.08,54.65,84.2896,0.201
tbn,333,1,9,22.12,54.84,71.5645,0.1897
tbn,333,1,10,22.195,55.015,62.1003,0.1923
tbn,333,1,11,22.305,55.17,47.1239,0.1911
tbn,333,1,12,22.445,55.3,38.6587,0.1921
tbn,333,1,13,22.605,55.405,27.9043,0.1924
tbn,333,1,14,22.785,55.48,17.525,0.1992
tbn,333,1,15,22.98,55.52,5.7161,0.201
tbn,333,1,16,23.175,55.52,173.9852,0.1911
tbn,333,1,17,23.355,55.48,160.5607,0.1803
tbn,333,1,18,23.52,55.4,147.9852,0.1887
tbn,333,1,19,23.67,55.29,139.3997,0.1844
tbn,333,1,20,23.8,55.155,128.6668,0.1921
tbn,333,1,21,23.905,55.0,119.3526,0.1836
tbn,333,1,22,23.975,54.83,105.5245,0.1868
tbn,333,1,23,24.01,54.645,96.0091,0.1911
tbn,333,1,24,24.01,54.46,83.6594,0.1811
tbn,333,1,25,23.975,54.28,74.4755,0.1868
tbn,333,1,26,23.91,54.105,64.7967,0.1879
tbn,333,1,27,23.81,53.945,51.3445,0.1921
tbn,333,1,28,23.68,53.81,40.6003,0.1844
tbn,333,1,29,23.53,53.705,29.3651,0.1836
tbn,333,1,30,23.35,53.63,16.6985,0.2088
tbn,333,1,31,23.145,53.585,8.1217,0.2121
tbn,334,0,0,26.92,52.735,51.5629,2.4129
tbn,334,0,1,27.74,53.79,57.5255,0.2607
tbn,334,0,2,27.86,54.02,67.3792,0.26
tbn,334,0,3,27.94,54.265,76.5044,0.2571
tbn,334,0,4,27.98,54.525,85.7638,0.2708
tbn,334,0,5,27.975,54.805,95.9067,0.2915
tbn,334,0,6,27.92,55.085,106.5028,0.2816
tbn,334,0,7,27.815,55.335,119.4782,0.2642
tbn,334,0,8,27.665,55.555,128.9881,0.2702
tbn,334,0,9,27.475,55.74,142.69,0.264
tbn,334,0,10,27.25,55.88,153.436,0.2683
tbn,334,0,11,26.995,55.98,163.5041,0.2816
tbn,334,0,12,26.715,56.03,176.051,0.2907
tbn,334,0,13,26.42,56.03,3.8178,0.3007
tbn,334,0,14,26.135,55.985,14.5359,0.2789
tbn,334,0,15,25.885,55.89,27.5519,0.2594
tbn,334,0,16,25.665,55.75,37.2992,0.264
tbn,334,0,17,25.475,55.57,49.6372,0.2625
tbn,334,0,18,25.325,55.355,60.5222,0.2642
tbn,334,0,19,25.21,55.105,69.6781,0.2879
tbn,334,0,20,25.135,54.82,80.5374,0.3041
tbn,334,0,21,25.4,54.67,0.0,0.58
tbn,334,0,22,25.7,54.755,83.2893,0.1712
tbn,334,0,23,25.74,54.92,69.4481,0.1709
tbn,334,0,24,25.815,55.075,59.03,0.1749
tbn,334,0,25,25.91,55.215,52.4323,0.164
tbn,334,0,26,26.025,55.33,37.5789,0.164
tbn,334,0,27,26.165,55.42,28.0595,0.17
tbn,334,0,28,26.32,55.49,20.5553,0.1709
tbn,334,0,29,26.485,55.525,3.3697,0.1703
tbn,334,0,30,26.66,55.52,173.6537,0.1811
tbn,334,0,31,26.835,55.485,163.6143,0.1772
tbn,334,0,32,26.995,55.42,151.9405,0.17
tbn,334,0,33,27.14,55.325,141.8309,0.1781
tbn,334,0,34,27.265,55.2,128.1666,0.178
tbn,334,0,35,27.365,55.055,120.9597,0.1749
tbn,334,0,36,27.435,54.895,106.3909,0.1772
tbn,334,0,37,27.47,54.72,96.3406,0.1811
tbn,334,0,38,27.46,54.515,80.1362,0.2335
tbn,334,0,39,27.395,54.29,67.7483,0.2377
tbn,334,0,40,27.285,54.075,58.243,0.247
tbn,334,0,41,27.145,53.88,50.1934,0.2343
tbn,334,0,42,26.06,52.535,51.1737,3.2219
tbn,334,0,43,26.52,51.28,0.0,2.94
tbn,334,0,44,27.99,51.535,90.0,0.51
tbn,334,0,45,27.08,51.79,0.0,1.82
tbn,335,0,0,29.395,55.845,9.6898,0.4159
tbn,335,0,1,29.025,55.7,33.6866,0.3966
tbn,335,0,2,28.755,55.425,57.53,0.3912
tbn,335,0,3,28.61,55.05,79.2153,0.4275
tbn,335,0,4,28.61,54.63,100.7832,0.4276
tbn,335,0,5,28.755,54.26,123.2744,0.3828
tbn,335,0,6,29.025,53.99,146.3134,0.3966
tbn,335,0,7,29.395,53.845,170.3102,0.4159
tbn,335,0,8,29.815,53.845,9.2471,0.4357
tbn,335,0,9,30.195,53.99,33.6866,0.3966
tbn,335,0,10,30.465,54.26,56.7258,0.3828
tbn,335,0,11,30.61,54.63,79.2168,0.4276
tbn,335,0,12,30.61,55.05,100.7847,0.4275
tbn,335,0,13,30.465,55.425,122.4697,0.3912
tbn,335,0,14,30.195,55.7,146.3134,0.3966
tbn,335,0,15,29.815,55.845,170.7529,0.4357
tbn,335,1,0,29.5,54.31,168.6793,0.204
tbn,335,1,1,29.31,54.39,146.3108,0.2163
tbn,335,1,2,29.16,54.535,125.2205,0.2081
tbn,335,1,3,29.075,54.73,102.8023,0.2256
tbn,335,1,4,29.075,54.95,77.1943,0.2256
tbn,335,1,5,29.16,55.15,56.3087,0.2163
tbn,335,1,6,29.31,55.3,33.6892,0.2163
tbn,335,1,7,29.5,55.38,11.3207,0.204
tbn,335,1,8,29.71,55.38,169.6853,0.2236
tbn,335,1,9,29.91,55.3,146.3111,0.2163
tbn,335,1,10,30.06,55.15,123.6913,0.2163
tbn,335,1,11,30.145,54.95,102.8057,0.2256
tbn,335,1,12,30.145,54.73,77.1977,0.2256
tbn,335,1,13,30.06,54.535,54.7795,0.2081
tbn,335,1,14,29.91,54.39,33.6889,0.2163
tbn,335,1,15,29.71,54.31,10.3147,0.2236
tbn,336,0,0,32.765,51.2,5.4456,0.211
tbn,336,0,1,32.97,51.235,14.0329,0.2062
tbn,336,0,2,33.155,51.295,22.382,0.1839
tbn,336,0,3,33.325,51.38,30.4597,0.1972
tbn,336,0,4,33.48,51.495,42.8801,0.1911
tbn,336,0,5,33.615,51.63,47.1239,0.1911
tbn,336,0,6,33.735,51.785,57.092,0.2025
tbn,336,0,7,33.84,51.955,59.5323,0.1972
tbn,336,0,8,33.97,52.23,67.1666,0.4123
tbn,336,0,9,34.105,52.625,74.9828,0.4245
tbn,336,0,10,34.175,52.93,81.4701,0.2022
tbn,336,0,11,34.205,53.13,81.4665,0.2022
tbn,336,0,12,34.225,53.325,86.9878,0.1903
tbn,336,0,13,34.235,53.51,86.8194,0.1803
tbn,336,0,14,34.235,53.695,93.0134,0.1903
tbn,336,0,15,34.225,53.885,93.0122,0.1903
tbn,336,0,16,34.205,54.08,98.531,0.2022
tbn,336,0,17,34.175,54.285,98.1289,0.2122
tbn,336,0,18,34.105,54.595,105.0194,0.4245
tbn,336,0,19,33.97,54.99,112.8334,0.4123
tbn,336,0,20,33.84,55.27,119.0552,0.2059
tbn,336,0,21,33.735,55.44,124.503,0.1942
tbn,336,0,22,33.615,55.595,130.9215,0.1985
tbn,336,0,23,33.48,55.735,137.1199,0.1911
tbn,336,0,24,33.33,55.85,147.9852,0.1887
tbn,336,0,25,33.16,55.94,156.0492,0.197
tbn,336,0,26,32.97,56.005,165.9506,0.2062
tbn,336,0,27,32.765,56.035,177.2876,0.2102
tbn,336,0,28,32.555,56.035,2.7124,0.2102
tbn,336,0,29,32.35,56.005,14.0494,0.2062
tbn,336,0,30,32.16,55.94,23.9508,0.197
tbn,336,0,31,31.99,55.85,32.0148,0.1887
tbn,336,0,32,31.84,55.735,42.8801,0.1911
tbn,336,0,33,31.705,55.595,49.0785,0.1985
tbn,336,0,34,31.585,55.44,55.4975,0.1942
tbn,336,0,35,31.48,55.27,60.9443,0.2059
tbn,336,0,36,31.35,54.99,67.1666,0.4123
tbn,336,0,37,31.215,54.595,74.9806,0.4245
tbn,336,0,38,31.145,54.285,81.8706,0.2122
tbn,336,0,39,31.115,54.08,81.4701,0.2022
tbn,336,0,40,31.095,53.885,86.9872,0.1903
tbn,336,0,41,31.09,53.695,90.0,0.19
tbn,336,0,42,31.09,53.51,90.0,0.18
tbn,336,0,43,31.095,53.325,93.0128,0.1903
tbn,336,0,44,31.115,53.13,98.5325,0.2022
tbn,336,0,45,31.145,52.93,98.5304,0.2022
tbn,336,0,46,31.215,52.625,105.0172,0.4245
tbn,336,0,47,31.35,52.23,112.8334,0.4123
tbn,336,0,48,31.48,51.955,120.4682,0.1972
tbn,336,0,49,31.585,51.785,122.9076,0.2025
tbn,336,0,50,31.705,51.63,132.8761,0.1911
tbn,336,0,51,31.84,51.495,137.1199,0.1911
tbn,336,0,52,31.995,51.38,149.5403,0.1972
tbn,336,0,53,32.165,51.295,157.618,0.1839
tbn,336,0,54,32.35,51.235,165.9671,0.2062
tbn,336,0,55,32.555,51.2,174.5544,0.211
tbn,336,1,0,32.735,55.525,176.1823,0.1503
tbn,336,1,1,32.875,55.5,162.8812,0.136
tbn,336,1,2,33.005,55.445,151.6969,0.1477
tbn,336,1,3,33.125,55.365,140.7214,0.1421
tbn,336,1,4,33.27,55.205,128.0495,0.292
tbn,336,1,5,33.43,54.95,116.5626,0.3131
tbn,336,1,6,33.555,54.655,109.5369,0.3289
tbn,336,1,7,33.64,54.34,100.619,0.3256
tbn,336,1,8,33.69,54.03,97.5951,0.3026
tbn,336,1,9,33.715,53.745,92.1214,0.2702
tbn,336,1,10,33.715,53.475,87.8781,0.2701
tbn,336,1,11,33.69,53.19,82.4064,0.3027
tbn,336,1,12,33.64,52.885,79.0463,0.3158
tbn,336,1,13,33.555,52.575,70.4631,0.3289
tbn,336,1,14,33.43,52.28,63.4325,0.313
tbn,336,1,15,33.27,52.025,51.9579,0.2921
tbn,336,1,16,33.125,51.865,39.2786,0.1421
tbn,336,1,17,33.005,51.79,24.7741,0.1432
tbn,336,1,18,32.875,51.74,17.0942,0.136
tbn,336,1,19,32.735,51.71,7.6019,0.1513
tbn,336,1,20,32.585,51.71,172.3981,0.1513
tbn,336,1,21,32.445,51.74,162.9058,0.136
tbn,336,1,22,32.315,51.79,155.2259,0.1432
tbn,336,1,23,32.195,51.865,140.7214,0.1421
tbn,336,1,24,32.05,52.025,128.0421,0.2921
tbn,336,1,25,31.89,52.28,116.5675,0.313
tbn,336,1,26,31.765,52.575,109.5369,0.3289
tbn,336,1,27,31.675,52.885,102.7244,0.3178
tbn,336,1,28,31.625,53.19,95.7094,0.3015
tbn,336,1,29,31.605,53.475,92.1215,0.2701
tbn,336,1,30,31.605,53.745,87.879,0.2702
tbn,336,1,31,31.625,54.03,84.2894,0.3015
tbn,336,1,32,31.675,54.34,77.6612,0.3276
tbn,336,1,33,31.765,54.655,70.4631,0.3289
tbn,336,1,34,31.89,54.95,63.4374,0.3131
tbn,336,1,35,32.05,55.205,51.9505,0.292
tbn,336,1,36,32.195,55.365,39.2786,0.1421
tbn,336,1,37,32.315,55.445,28.3031,0.1477
tbn,336,1,38,32.445,55.5,17.1188,0.136
tbn,336,1,39,32.585,55.525,3.8177,0.1503
tbn,337,0,0,36.525,52.255,53.6065,2.6461
tbn,337,0,1,37.4,53.46,57.2618,0.3328
tbn,337,0,2,37.565,53.755,64.1786,0.3444
tbn,337,0,3,37.67,53.985,68.2026,0.1616
tbn,337,0,4,37.72,54.14,75.9663,0.165
tbn,337,0,5,37.755,54.305,79.9914,0.1726
tbn,337,0,6,37.775,54.475,86.6325,0.1703
tbn,337,0,7,37.765,54.71,95.7113,0.3015
tbn,337,0,8,37.705,55.0,107.8172,0.2941
tbn,337,0,9,37.585,55.265,120.9634,0.2915
tbn,337,0,10,37.42,55.5,129.2932,0.2842
tbn,337,0,11,37.22,55.7,140.7119,0.2842
tbn,337,0,12,36.98,55.86,151.6966,0.2953
tbn,337,0,13,36.71,55.97,164.0513,0.2912
tbn,337,0,14,36.425,56.025,174.1001,0.2915
tbn,337,0,15,36.13,56.025,5.7046,0.3015
tbn,337,0,16,35.84,55.965,17.8237,0.2941
tbn,337,0,17,35.57,55.855,26.5661,0.2907
tbn,337,0,18,35.335,55.695,42.1381,0.2832
tbn,337,0,19,35.14,55.485,51.9505,0.292
tbn,337,0,20,34.98,55.245,60.7506,0.2865
tbn,337,0,21,34.87,54.975,74.5771,0.3008
tbn,337,0,22,34.815,54.675,84.4726,0.3114
tbn,337,0,23,34.81,54.38,94.0853,0.2807
tbn,337,0,24,34.855,54.11,105.0679,0.2693
tbn,337,0,25,34.95,53.855,115.6408,0.2773
tbn,337,0,26,35.085,53.62,124.29,0.2662
tbn,337,0,27,35.255,53.42,136.5497,0.2617
tbn,337,0,28,35.46,53.26,147.5262,0.2608
tbn,337,0,29,35.695,53.145,160.1957,0.2657
tbn,337,0,30,35.96,53.08,171.8743,0.2828
tbn,337,0,31,36.215,53.07,4.9746,0.2309
tbn,337,0,32,36.435,53.115,18.4368,0.2214
tbn,337,0,33,36.55,53.145,153.4131,0.0224
tbn,337,0,34,35.945,52.33,52.792,2.034
tbn,337,0,35,35.535,51.355,141.1687,0.5263
tbn,337,1,0,36.2,53.58,173.6537,0.1811
tbn,337,1,1,36.02,53.62,161.5658,0.1897
tbn,337,1,2,35.85,53.695,150.6515,0.1836
tbn,337,1,3,35.695,53.795,143.7494,0.186
tbn,337,1,4,35.555,53.925,130.91,0.1985
tbn,337,1,5,35.44,54.085,120.4677,0.1972
tbn,337,1,6,35.36,54.26,108.436,0.1897
tbn,337,1,7,35.32,54.45,95.7104,0.201
tbn,337,1,8,35.32,54.65,84.2896,0.201
tbn,337,1,9,35.36,54.84,71.564,0.1897
tbn,337,1,10,35.435,55.015,62.1003,0.1923
tbn,337,1,11,35.545,55.17,47.1247,0.1911
tbn,337,1,12,35.685,55.3,38.6584,0.1921
tbn,337,1,13,35.845,55.405,27.9046,0.1924
tbn,337,1,14,36.025,55.48,17.5247,0.1993
tbn,337,1,15,36.22,55.52,5.7161,0.201
tbn,337,1,16,36.415,55.52,173.9851,0.1911
tbn,337,1,17,36.595,55.48,160.5605,0.1803
tbn,337,1,18,36.76,55.4,147.9852,0.1887
tbn,337,1,19,36.91,55.29,139.4005,0.1844
tbn,337,1,20,37.04,55.155,128.6664,0.1921
tbn,337,1,21,37.145,55.0,119.3526,0.1836
tbn,337,1,22,37.22,54.83,108.4349,0.1897
tbn,337,1,23,37.26,54.645,96.0091,0.1911
tbn,337,1,24,37.26,54.46,83.6594,0.1811
tbn,337,1,25,37.225,54.28,74.4755,0.1868
tbn,337,1,26,37.155,54.105,62.1003,0.1923
tbn,337,1,27,37.055,53.945,53.7505,0.186
tbn,337,1,28,36.93,53.81,40.6003,0.1844
tbn,337,1,29,36.775,53.705,27.9046,0.1924
tbn,337,1,30,36.595,53.63,17.5247,0.1993
tbn,337,1,31,36.395,53.585,8.1217,0.2121
tbn,338,0,0,38.515,55.215,67.3065,1.7885
tbn,338,0,1,38.345,54.325,159.6228,0.3734
tbn,338,0,2,38.94,55.06,62.3011,1.8071
tbn,338,0,3,39.11,55.95,160.2019,0.5314
tbn,339,0,0,39.925,55.87,0.0,0.63
tbn,339,0,1,40.575,53.49,112.0707,5.1364
tbn,339,0,2,42.195,52.805,68.872,3.6343
tbn,339,0,3,43.505,52.805,111.128,3.6343
tbn,339,0,4,45.12,53.49,68.0328,5.1326
tbn,339,0,5,45.77,55.87,0.0,0.62
tbn,339,0,6,44.81,54.235,68.3197,3.519
tbn,339,0,7,43.505,54.32,110.8475,3.681
tbn,339,0,8,42.195,54.355,68.7577,3.6157
tbn,339,0,9,40.89,54.27,112.1094,3.454
tbn,340,0,0,167.31,125.335,90.0,0.51
tbn,340,0,1,166.185,125.59,0.0,2.25
tbn,340,0,2,165.06,123.295,90.0,4.59
tbn,340,0,3,165.355,121.0,0.0,0.59
tbn,340,0,4,165.65,122.15,90.0,2.3
tbn,340,0,5,166.455,123.3,0.0,1.61
tbn,340,0,6,167.26,123.555,90.0,0.51
tbn,340,0,7,166.455,123.81,0.0,1.61
tbn,340,0,8,165.65,124.445,90.0,1.27
tbn,340,0,9,166.48,125.08,0.0,1.66
tbn,341,0,0,168.495,121.0,0.0,1.07
tbn,341,0,1,169.175,121.01,3.9431,0.2907
tbn,341,0,2,169.46,121.045,10.1283,0.2844
tbn,341,0,3,169.735,121.115,18.434,0.2846
tbn,341,0,4,169.99,121.23,30.2546,0.2778
tbn,341,0,5,170.21,121.385,40.365,0.2625
tbn,341,0,6,170.39,121.585,55.1787,0.2802
tbn,341,0,7,170.495,121.765,68.9575,0.1393
tbn,341,0,8,170.545,121.9,70.347,0.1487
tbn,341,0,9,170.58,122.05,82.8736,0.1612
tbn,341,0,10,170.595,122.215,86.635,0.1703
tbn,341,0,11,170.59,122.4,95.7115,0.201
tbn,341,0,12,170.555,122.595,104.7399,0.1965
tbn,341,0,13,170.49,122.785,112.8339,0.2062
tbn,341,0,14,170.395,122.96,124.5081,0.1942
tbn,341,0,15,170.27,123.115,133.0261,0.2052
tbn,341,0,16,170.125,123.25,141.343,0.1921
tbn,341,0,17,169.96,123.355,153.4349,0.2012
tbn,341,0,18,169.775,123.425,165.2515,0.1965
tbn,341,0,19,169.68,123.455,90.0,0.01
tbn,341,0,20,169.785,123.535,35.5377,0.2581
tbn,341,0,21,169.97,123.715,52.6983,0.264
tbn,341,0,22,170.095,123.945,70.2019,0.2657
tbn,341,0,23,170.16,124.2,81.2513,0.263
tbn,341,0,24,170.175,124.425,93.0111,0.1903
tbn,341,0,25,170.155,124.6,100.6243,0.1628
tbn,341,0,26,170.12,124.755,104.9296,0.1552
tbn,341,0,27,170.07,124.9,113.1956,0.1523
tbn,341,0,28,169.96,125.08,126.0278,0.272
tbn,341,0,29,169.78,125.27,141.3391,0.2561
tbn,341,0,30,169.555,125.41,154.3599,0.2773
tbn,341,0,31,169.295,125.505,165.4643,0.2789
tbn,341,0,32,169.01,125.56,172.4096,0.3027
tbn,341,0,33,168.705,125.585,178.1506,0.3102
tbn,341,0,34,168.255,125.59,0.0,0.59
tbn,341,0,35,167.96,123.295,90.0,4.59
tbn,341,1,0,168.635,125.08,0.0,0.15
tbn,341,1,1,168.805,125.08,0.0,0.19
tbn,341,1,2,168.99,125.07,173.663,0.1811
tbn,341,1,3,169.16,125.035,162.6503,0.1676
tbn,341,1,4,169.315,124.98,158.1986,0.1615
tbn,341,1,5,169.445,124.9,137.7247,0.1487
tbn,341,1,6,169.545,124.785,124.6976,0.1581
tbn,341,1,7,169.62,124.63,108.4349,0.1897
tbn,341,1,8,169.66,124.43,95.1955,0.2209
tbn,341,1,9,169.66,124.21,84.8045,0.2209
tbn,341,1,10,169.62,124.01,71.5651,0.1897
tbn,341,1,11,169.545,123.855,55.3024,0.1581
tbn,341,1,12,169.44,123.74,39.8084,0.1562
tbn,341,1,13,169.31,123.655,26.5675,0.1565
tbn,341,1,14,169.16,123.6,14.0388,0.1649
tbn,341,1,15,168.985,123.57,6.0057,0.1911
tbn,341,1,16,168.795,123.555,3.0159,0.1903
tbn,341,1,17,168.63,123.55,0.0,0.14
tbn,341,1,18,168.56,124.315,90.0,1.53
tbn,341,2,0,168.73,123.13,0.0,0.34
tbn,341,2,1,168.995,123.125,176.9843,0.1903
tbn,341,2,2,169.185,123.105,171.0278,0.1924
tbn,341,2,3,169.37,123.07,167.4681,0.1844
tbn,341,2,4,169.545,123.015,157.6263,0.1838
tbn,341,2,5,169.705,122.925,143.7439,0.186
tbn,341,2,6,169.84,122.8,130.6034,0.1844
tbn,341,2,7,169.94,122.645,115.1999,0.1879
tbn,341,2,8,169.995,122.445,97.4308,0.232
tbn,341,2,9,169.995,122.22,82.2352,0.222
tbn,341,2,10,169.95,122.015,72.4727,0.1992
tbn,341,2,11,169.865,121.85,51.8455,0.1781
tbn,341,2,12,169.745,121.725,40.2315,0.1703
tbn,341,2,13,169.6,121.63,26.5694,0.1789
tbn,341,2,14,169.435,121.565,16.3859,0.1772
tbn,341,2,15,169.255,121.53,6.0148,0.1911
tbn,341,2,16,169.07,121.515,3.1734,0.1803
tbn,341,2,17,168.77,121.51,0.0,0.42
tbn,341,2,18,168.56,122.32,90.0,1.62
tbn,342,0,0,173.205,125.755,2.2928,0.2502
tbn,342,0,1,172.965,125.735,7.4312,0.2319
tbn,342,0,2,172.735,125.69,14.6196,0.2377
tbn,342,0,3,172.505,125.62,19.1764,0.2435
tbn,342,0,4,172.285,125.53,25.4656,0.2326
tbn,342,0,5,172.08,125.415,33.0233,0.2386
tbn,342,0,6,171.89,125.285,35.8398,0.222
tbn,342,0,7,171.71,125.14,41.6329,0.2408
tbn,342,0,8,171.54,124.975,46.7349,0.2334
tbn,342,0,9,171.39,124.795,53.6161,0.236
tbn,342,0,10,171.26,124.6,59.0356,0.2333
tbn,342,0,11,171.15,124.395,64.5378,0.2326
tbn,342,0,12,171.055,124.18,67.7485,0.2377
tbn,342,0,13,170.98,123.95,75.9638,0.2474
tbn,342,0,14,170.93,123.71,80.54,0.2433
tbn,342,0,15,170.905,123.465,87.7106,0.2502
tbn,342,0,16,170.905,123.21,92.2016,0.2602
tbn,342,0,17,170.93,122.955,99.0888,0.2532
tbn,342,0,18,170.98,122.71,104.0345,0.2474
tbn,342,0,19,171.05,122.48,109.9834,0.2341
tbn,342,0,20,171.145,122.26,116.5682,0.2459
tbn,342,0,21,171.26,122.05,120.9644,0.2333
tbn,342,0,22,171.39,121.86,127.876,0.228
tbn,342,0,23,171.54,121.685,133.26,0.2335
tbn,342,0,24,171.705,121.52,136.7373,0.2335
tbn,342,0,25,171.885,121.375,145.6169,0.2302
tbn,342,0,26,172.08,121.25,149.0388,0.2332
tbn,342,0,27,172.285,121.14,154.5344,0.2326
tbn,342,0,28,172.5,121.055,162.3555,0.2309
tbn,342,0,29,172.725,120.99,165.3794,0.2377
tbn,342,0,30,172.96,120.94,170.5359,0.2433
tbn,342,0,31,173.205,120.915,177.7072,0.2502
tbn,342,0,32,173.45,120.915,2.3882,0.2402
tbn,342,0,33,173.69,120.94,9.4647,0.2433
tbn,342,0,34,173.925,120.99,14.6196,0.2377
tbn,342,0,35,174.155,121.055,16.9225,0.2404
tbn,342,0,36,174.375,121.14,25.4656,0.2326
tbn,342,0,37,174.58,121.25,30.9612,0.2332
tbn,342,0,38,174.775,121.375,34.3831,0.2302
tbn,342,0,39,174.955,121.52,43.2627,0.2335
tbn,342,0,40,175.12,121.685,46.74,0.2335
tbn,342,0,41,175.27,121.86,52.124,0.228
tbn,342,0,42,175.4,122.05,59.0356,0.2333
tbn,342,0,43,175.51,122.26,65.5551,0.2416
tbn,342,0,44,175.6,122.48,70.0166,0.2341
tbn,342,0,45,175.67,122.71,75.9655,0.2474
tbn,342,0,46,175.72,122.955,80.9078,0.2532
tbn,342,0,47,175.745,123.21,87.7984,0.2602
tbn,342,0,48,175.745,123.465,92.2894,0.2502
tbn,342,0,49,175.72,123.71,99.4635,0.2433
tbn,342,0,50,175.67,123.95,104.0362,0.2474
tbn,342,0,51,175.6,124.18,109.9834,0.2341
tbn,342,0,52,175.51,124.395,115.4622,0.2326
tbn,342,0,53,175.395,124.6,123.0233,0.2386
tbn,342,0,54,175.26,124.795,126.3839,0.236
tbn,342,0,55,175.11,124.975,133.2678,0.2334
tbn,342,0,56,174.945,125.14,136.7347,0.2335
tbn,342,0,57,174.765,125.285,145.619,0.2302
tbn,342,0,58,174.57,125.415,146.9747,0.2385
tbn,342,0,59,174.365,125.53,154.536,0.2326
tbn,342,0,60,174.15,125.62,160.0188,0.2341
tbn,342,0,61,173.925,125.69,165.3804,0.2377
tbn,342,0,62,173.69,125.735,172.875,0.2419
tbn,342,0,63,173.45,125.755,177.6118,0.2402
tbn,342,1,0,173.235,121.425,176.9843,0.1903
tbn,342,1,1,173.05,121.445,170.5377,0.1825
tbn,342,1,2,172.875,121.485,163.6141,0.1772
tbn,342,1,3,172.705,121.54,160.5621,0.1803
tbn,342,1,4,172.465,121.655,151.2581,0.3536
tbn,342,1,5,172.175,121.86,138.3665,0.3612
tbn,342,1,6,171.93,122.12,128.1575,0.3561
tbn,342,1,7,171.73,122.42,119.3583,0.3672
tbn,342,1,8,171.61,122.67,108.4349,0.1897
tbn,342,1,9,171.56,122.855,101.8866,0.1942
tbn,342,1,10,171.525,123.045,98.9766,0.1924
tbn,342,1,11,171.505,123.24,92.8611,0.2002
tbn,342,1,12,171.505,123.435,86.9889,0.1903
tbn,342,1,13,171.52,123.625,83.9898,0.1911
tbn,342,1,14,171.55,123.81,77.4702,0.1844
tbn,342,1,15,171.6,123.99,71.5651,0.1897
tbn,342,1,16,171.71,124.24,63.4349,0.3578
tbn,342,1,17,171.9,124.545,52.815,0.364
tbn,342,1,18,172.145,124.805,40.427,0.3547
tbn,342,1,19,172.435,125.01,30.1406,0.3585
tbn,342,1,20,172.675,125.135,22.3825,0.1838
tbn,342,1,21,172.85,125.19,12.5309,0.1844
tbn,342,1,22,173.035,125.225,8.9722,0.1924
tbn,342,1,23,173.23,125.245,2.8565,0.2002
tbn,342,1,24,173.43,125.245,177.1435,0.2002
tbn,342,1,25,173.625,125.225,171.0278,0.1924
tbn,342,1,26,173.81,125.19,167.4691,0.1844
tbn,342,1,27,173.985,125.135,157.6175,0.1838
tbn,342,1,28,174.225,125.01,149.8594,0.3585
tbn,342,1,29,174.515,124.805,139.573,0.3547
tbn,342,1,30,174.755,124.545,125.9107,0.358
tbn,342,1,31,174.94,124.24,116.5651,0.3578
tbn,342,1,32,175.05,123.99,108.4349,0.1897
tbn,342,1,33,175.1,123.81,102.5252,0.1844
tbn,342,1,34,175.135,123.625,98.9766,0.1924
tbn,342,1,35,175.155,123.435,93.0111,0.1903
tbn,342,1,36,175.155,123.24,87.1389,0.2002
tbn,342,1,37,175.135,123.045,81.0234,0.1924
tbn,342,1,38,175.095,122.855,75.2601,0.1965
tbn,342,1,39,175.04,122.67,71.5607,0.1897
tbn,342,1,40,174.925,122.42,62.0213,0.3624
tbn,342,1,41,174.725,122.12,50.5997,0.3623
tbn,342,1,42,174.475,121.86,41.6319,0.3612
tbn,342,1,43,174.185,121.655,28.7419,0.3536
tbn,342,1,44,173.945,121.54,19.4395,0.1803
tbn,342,1,45,173.775,121.485,16.3859,0.1772
tbn,342,1,46,173.6,121.445,9.4615,0.1825
tbn,342,1,47,173.42,121.425,3.1831,0.1803
tbn,343,0,0,247.34,208.05,0.0,1.1
tbn,343,0,1,247.89,208.305,90.0,0.51
tbn,343,0,2,246.495,208.56,0.0,2.79
tbn,343,0,3,245.1,208.305,90.0,0.51
tbn,343,0,4,245.65,208.05,0.0,1.1
tbn,343,0,5,246.2,206.005,90.0,4.09
tbn,343,0,6,246.495,203.96,0.0,0.59
tbn,343,0,7,246.79,206.005,90.0,4.09
tbn,344,0,0,249.56,203.96,0.0,2.5
tbn,344,0,1,250.81,204.215,90.0,0.51
tbn,344,0,2,249.86,204.47,0.0,1.9
tbn,344,0,3,248.91,205.365,90.0,1.79
tbn,344,0,4,249.835,206.26,0.0,1.85
tbn,344,0,5,250.76,206.515,90.0,0.51
tbn,344,0,6,249.835,206.77,0.0,1.85
tbn,344,0,7,248.91,207.41,90.0,1.28
tbn,344,0,8,249.86,208.05,0.0,1.9
tbn,344,0,9,250.81,208.305,90.0,0.51
tbn,344,0,10,249.56,208.56,0.0,2.5
tbn,344,0,11,248.31,206.26,90.0,4.6
tbn,345,0,0,253.085,206.005,11.3072,0.2549
tbn,345,0,1,253.315,206.08,25.464,0.2326
tbn,345,0,2,253.515,206.195,34.3831,0.2302
tbn,345,0,3,253.69,206.34,45.0,0.2263
tbn,345,0,4,253.83,206.51,56.3099,0.2163
tbn,345,0,5,253.935,206.705,66.7979,0.2285
tbn,345,0,6,254.01,206.925,75.3804,0.2377
tbn,345,0,7,254.05,207.155,85.0294,0.2309
tbn,345,0,8,254.04,207.43,97.127,0.3225
tbn,345,0,9,253.965,207.735,110.7718,0.3102
tbn,345,0,10,253.82,208.01,124.6931,0.3162
tbn,345,0,11,253.605,208.245,139.9709,0.3265
tbn,345,0,12,253.33,208.41,158.1996,0.3231
tbn,345,0,13,253.025,208.5,169.0463,0.3158
tbn,345,0,14,252.71,208.545,174.6445,0.3214
tbn,345,0,15,252.39,208.56,0.0,0.32
tbn,345,0,16,251.87,208.56,0.0,0.72
tbn,345,0,17,251.51,206.26,90.0,4.6
tbn,345,0,18,251.805,203.96,0.0,0.59
tbn,345,0,19,252.1,204.94,90.0,1.96
tbn,345,0,20,252.225,205.92,0.0,0.25
tbn,345,0,21,253.04,204.94,125.1489,2.3971
tbn,345,0,22,254.07,203.96,0.0,0.68
tbn,345,0,23,253.685,204.97,125.6717,2.4865
tbn,345,1,0,252.18,208.05,0.0,0.16
tbn,345,1,1,252.37,208.045,177.3949,0.2202
tbn,345,1,2,252.595,208.03,175.0329,0.2309
tbn,345,1,3,252.815,208.0,169.2138,0.2138
tbn,345,1,4,253.02,207.945,160.7078,0.2119
tbn,345,1,5,253.205,207.86,149.5327,0.1972
tbn,345,1,6,253.36,207.74,135.0031,0.198
tbn,345,1,7,253.475,207.575,115.345,0.2102
tbn,345,1,8,253.535,207.365,97.4308,0.232
tbn,345,1,9,253.535,207.13,82.875,0.2419
tbn,345,1,10,253.48,206.915,67.1661,0.2062
tbn,345,1,11,253.375,206.75,47.1201,0.191
tbn,345,1,12,253.23,206.625,34.5118,0.1942
tbn,345,1,13,253.05,206.535,19.2922,0.2119
tbn,345,1,14,252.845,206.48,10.7782,0.2138
tbn,345,1,15,252.63,206.45,5.1994,0.2209
tbn,345,1,16,252.405,206.435,2.4844,0.2302
tbn,345,1,17,252.195,206.43,0.0,0.19
tbn,345,1,18,252.1,207.24,90.0,1.62
tbn,346,0,0,257.71,205.475,66.6065,3.4757
tbn,346,0,1,258.41,207.07,0.0,0.02
tbn,346,0,2,258.69,205.515,99.8504,3.1566
tbn,346,0,3,259.255,203.96,0.0,0.59
tbn,346,0,4,259.08,206.39,100.9467,4.9501
tbn,346,0,5,257.815,207.0,66.4038,3.9721
tbn,346,0,6,256.225,207.0,113.5962,3.9721
tbn,346,0,7,254.96,206.39,79.0533,4.9501
tbn,346,0,8,254.785,203.96,0.0,0.59
tbn,346,0,9,255.35,205.51,80.1185,3.1467
tbn,346,0,10,255.625,207.06,0.0,0.01
tbn,346,0,11,256.325,205.47,113.6105,3.4705
tbn,347,0,0,260.35,208.56,0.0,0.6
tbn,347,0,1,260.05,206.26,90.0,4.6
tbn,347,0,2,260.35,203.96,0.0,0.6
tbn,347,0,3,260.65,206.26,90.0,4.6
tbn,348,0,0,261.77,203.96,0.0,0.6
tbn,348,0,1,262.07,205.695,90.0,3.47
tbn,348,0,2,263.77,205.6,132.8908,4.9956
tbn,348,0,3,265.47,206.165,90.0,4.79
tbn,348,0,4,265.175,208.56,0.0,0.59
tbn,348,0,5,264.88,206.88,90.0,3.36
tbn,348,0,6,263.175,206.99,133.6067,4.9442
tbn,348,0,7,261.47,206.37,90.0,4.82
tbn,349,0,0,269.315,204.555,114.0071,1.3027
tbn,349,0,1,269.89,203.96,0.0,0.62
tbn,349,0,2,269.095,206.38,114.5419,5.3207
tbn,349,0,3,266.88,206.38,65.3601,5.3248
tbn,349,0,4,266.08,203.96,0.0,0.62
tbn,349,0,5,266.655,204.555,65.9929,1.3027
tbn,349,0,6,267.985,205.15,0.0,2.13
tbn,349,1,0,267.985,205.66,0.0,1.65
tbn,349,1,1,267.575,206.595,66.0655,2.0459
tbn,349,1,2,268.4,206.595,113.6778,2.0419
tbn,350,0,0,270.89,208.56,0.0,0.6
tbn,350,0,1,270.59,206.26,90.0,4.6
tbn,350,0,2,271.59,203.96,0.0,2.0
tbn,350,0,3,272.59,204.215,90.0,0.51
tbn,350,0,4,271.89,204.47,0.0,1.4
tbn,350,0,5,271.19,206.515,90.0,4.09
tbn,351,0,0,252.005,211.405,114.0071,1.3027
tbn,351,0,1,252.58,210.81,0.0,0.62
tbn,351,0,2,251.785,213.225,114.5866,5.3116
tbn,351,0,3,249.575,213.225,65.4132,5.3116
tbn,351,0,4,248.78,210.81,0.0,0.62
tbn,351,0,5,249.35,211.405,66.3964,1.2987
tbn,351,0,6,250.675,212.0,0.0,2.13
tbn,351,1,0,250.675,212.51,0.0,1.65
tbn,351,1,1,250.265,213.445,66.0658,2.0459
tbn,351,1,2,251.09,213.445,113.6774,2.0419
tbn,352,0,0,253.58,215.4,0.0,0.6
tbn,352,0,1,253.28,213.105,90.0,4.59
tbn,352,0,2,253.58,210.81,0.0,0.6
tbn,352,0,3,253.88,213.105,90.0,4.59
tbn,353,0,0,256.285,212.85,13.4952,0.2571
tbn,353,0,1,256.515,212.925,23.1986,0.2285
tbn,353,0,2,256.715,213.035,34.381,0.2302
tbn,353,0,3,256.89,213.18,45.0,0.2263
tbn,353,0,4,257.03,213.355,57.7257,0.2247
tbn,353,0,5,257.135,213.555,66.8014,0.2285
tbn,353,0,6,257.21,213.77,74.7456,0.228
tbn,353,0,7,257.25,214.0,85.2315,0.2408
tbn,353,0,8,257.24,214.275,97.354,0.3126
tbn,353,0,9,257.165,214.58,110.1327,0.3195
tbn,353,0,10,257.02,214.86,124.6976,0.3162
tbn,353,0,11,256.805,215.09,141.3428,0.3201
tbn,353,0,12,256.535,215.25,157.5199,0.3138
tbn,353,0,13,256.23,215.345,167.6599,0.3276
tbn,353,0,14,255.91,215.39,176.4257,0.3206
tbn,353,0,15,255.59,215.4,0.0,0.32
tbn,353,0,16,255.07,215.4,0.0,0.72
tbn,353,0,17,254.71,213.105,90.0,4.59
tbn,353,0,18,255.005,210.81,0.0,0.59
tbn,353,0,19,255.3,211.79,90.0,1.96
tbn,353,0,20,255.425,212.77,0.0,0.25
tbn,353,0,21,256.24,211.79,125.1482,2.3971
tbn,353,0,22,257.27,210.81,0.0,0.68
tbn,353,0,23,256.885,211.815,125.8065,2.4784
tbn,353,1,0,255.38,214.89,0.0,0.16
tbn,353,1,1,255.57,214.89,0.0,0.22
tbn,353,1,2,255.795,214.88,175.0253,0.2309
tbn,353,1,3,256.02,214.845,167.1988,0.2256
tbn,353,1,4,256.225,214.79,162.4753,0.1993
tbn,353,1,5,256.41,214.705,148.5657,0.211
tbn,353,1,6,256.565,214.58,132.8832,0.191
tbn,353,1,7,256.675,214.42,116.5651,0.2012
tbn,353,1,8,256.735,214.21,97.1241,0.2419
tbn,353,1,9,256.735,213.97,82.875,0.2419
tbn,353,1,10,256.68,213.76,66.0402,0.197
tbn,353,1,11,256.575,213.595,49.0834,0.1985
tbn,353,1,12,256.43,213.47,32.0064,0.1887
tbn,353,1,13,256.255,213.385,20.2266,0.2025
tbn,353,1,14,256.05,213.325,12.8012,0.2256
tbn,353,1,15,255.83,213.29,5.1994,0.2209
tbn,353,1,16,255.605,213.28,0.0,0.23
tbn,353,1,17,255.395,213.28,0.0,0.19
tbn,353,1,18,255.3,214.085,90.0,1.61
tbn,354,0,0,258.335,215.4,0.0,0.59
tbn,354,0,1,258.04,213.105,90.0,4.59
tbn,354,0,2,259.04,210.81,0.0,2.0
tbn,354,0,3,260.04,211.065,90.0,0.51
tbn,354,0,4,259.335,211.32,0.0,1.41
tbn,354,0,5,258.63,213.36,90.0,4.08
tbn,355,0,0,260.695,215.4,0.0,0.59
tbn,355,0,1,260.4,213.105,90.0,4.59
tbn,355,0,2,260.695,210.81,0.0,0.59
tbn,355,0,3,260.99,213.105,90.0,4.59
tbn,356,0,0,262.115,210.81,0.0,0.59
tbn,356,0,1,262.41,212.54,90.0,3.46
tbn,356,0,2,264.115,212.445,133.0531,4.9951
tbn,356,0,3,265.82,213.01,90.0,4.78
tbn,356,0,4,265.52,215.4,0.0,0.6
tbn,356,0,5,265.22,213.725,90.0,3.35
tbn,356,0,6,263.52,213.84,133.5226,4.9373
tbn,356,0,7,261.82,213.22,90.0,4.82
tbn,357,0,0,267.88,210.81,0.0,2.5
tbn,357,0,1,269.13,211.065,90.0,0.51
tbn,357,0,2,268.18,211.32,0.0,1.9
tbn,357,0,3,267.23,212.215,90.0,1.79
tbn,357,0,4,268.155,213.11,0.0,1.85
tbn,357,0,5,269.08,213.365,90.0,0.51
tbn,357,0,6,268.155,213.62,0.0,1.85
tbn,357,0,7,267.23,214.255,90.0,1.27
tbn,357,0,8,268.18,214.89,0.0,1.9
tbn,357,0,9,269.13,215.145,90.0,0.51
tbn,357,0,10,267.88,215.4,0.0,2.5
tbn,357,0,11,266.63,213.105,90.0,4.59
tbn,358,0,0,196.7,138.405,90.0,0.51
tbn,358,0,1,197.285,138.15,0.0,1.17
tbn,358,0,2,197.85,138.01,81.8712,0.2828
tbn,358,0,3,197.78,137.745,68.1974,0.2693
tbn,358,0,4,197.655,137.505,56.8875,0.2746
tbn,358,0,5,197.485,137.285,47.865,0.2832
tbn,358,0,6,197.275,137.1,34.8256,0.2802
tbn,358,0,7,197.04,136.955,28.4376,0.2729
tbn,358,0,8,196.79,136.85,17.1065,0.272
tbn,358,0,9,196.525,136.795,6.3398,0.2717
tbn,358,0,10,196.3,136.785,176.8172,0.1803
tbn,358,0,11,196.125,136.805,169.9923,0.1726
tbn,358,0,12,195.955,136.845,163.6141,0.1772
tbn,358,0,13,195.79,136.905,156.3689,0.1746
tbn,358,0,14,195.56,137.03,149.0362,0.3498
tbn,358,0,15,195.28,137.24,137.2892,0.3539
tbn,358,0,16,195.045,137.5,126.8689,0.35
tbn,358,0,17,194.855,137.795,118.7397,0.3536
tbn,358,0,18,194.72,138.12,106.3907,0.3544
tbn,358,0,19,194.655,138.465,94.8988,0.3513
tbn,358,0,20,194.645,138.745,87.2751,0.2102
tbn,358,0,21,194.66,138.945,83.9898,0.1911
tbn,358,0,22,194.695,139.135,75.2558,0.1965
tbn,358,0,23,194.75,139.32,71.5651,0.1897
tbn,358,0,24,194.86,139.58,64.7981,0.3758
tbn,358,0,25,195.05,139.895,52.816,0.364
tbn,358,0,26,195.295,140.16,41.6335,0.3612
tbn,358,0,27,195.58,140.37,30.9625,0.3499
tbn,358,0,28,195.815,140.495,22.3825,0.1838
tbn,358,0,29,195.985,140.55,13.2434,0.1746
tbn,358,0,30,196.16,140.585,9.4615,0.1825
tbn,358,0,31,196.345,140.605,3.0157,0.1903
tbn,358,0,32,196.545,140.605,177.2709,0.2102
tbn,358,0,33,196.75,140.58,168.6875,0.204
tbn,358,0,34,196.95,140.525,160.7092,0.2119
tbn,358,0,35,197.145,140.445,154.6532,0.2102
tbn,358,0,36,197.325,140.34,144.7856,0.2081
tbn,358,0,37,197.495,140.215,142.5933,0.214
tbn,358,0,38,197.655,140.07,133.1506,0.2193
tbn,358,0,39,197.795,139.905,127.4092,0.214
tbn,358,0,40,198.05,140.025,47.1758,0.559
tbn,358,0,41,198.155,140.33,130.3668,0.2625
tbn,358,0,42,197.97,140.52,138.0087,0.2691
tbn,358,0,43,197.765,140.69,142.6996,0.264
tbn,358,0,44,197.545,140.835,150.5244,0.2642
tbn,358,0,45,197.31,140.95,157.3781,0.26
tbn,358,0,46,197.065,141.035,164.3562,0.2596
tbn,358,0,47,196.81,141.09,171.2523,0.2631
tbn,358,0,48,196.55,141.12,175.6036,0.2608
tbn,358,0,49,196.3,141.12,4.7609,0.2408
tbn,358,0,50,196.06,141.095,7.125,0.2419
tbn,358,0,51,195.83,141.045,17.6518,0.2309
tbn,358,0,52,195.61,140.97,19.9869,0.2341
tbn,358,0,53,195.395,140.88,25.4572,0.2326
tbn,358,0,54,195.19,140.765,33.0253,0.2385
tbn,358,0,55,195.0,140.63,37.879,0.228
tbn,358,0,56,194.825,140.48,43.2627,0.2335
tbn,358,0,57,194.665,140.31,50.1944,0.2343
tbn,358,0,58,194.52,140.125,53.6161,0.236
tbn,358,0,59,194.39,139.925,60.2551,0.2419
tbn,358,0,60,194.28,139.715,64.5344,0.2326
tbn,358,0,61,194.19,139.495,70.8214,0.2435
tbn,358,0,62,194.12,139.255,76.5048,0.2571
tbn,358,0,63,194.07,139.005,80.9112,0.2532
tbn,358,0,64,194.045,138.755,87.7072,0.2502
tbn,358,0,65,194.045,138.51,92.3884,0.2402
tbn,358,0,66,194.07,138.275,99.8637,0.2335
tbn,358,0,67,194.12,138.05,105.2544,0.228
tbn,358,0,68,194.19,137.835,110.8557,0.2247
tbn,358,0,69,194.275,137.625,113.1956,0.2285
tbn,358,0,70,194.38,137.425,122.2817,0.2247
tbn,358,0,71,194.51,137.24,127.8713,0.2281
tbn,358,0,72,194.655,137.065,131.4254,0.2267
tbn,358,0,73,194.81,136.9,135.0,0.2263
tbn,358,0,74,194.98,136.755,144.1602,0.222
tbn,358,0,75,195.165,136.625,145.619,0.2302
tbn,358,0,76,195.36,136.51,153.4332,0.2236
tbn,358,0,77,195.565,136.42,159.1494,0.2247
tbn,358,0,78,195.78,136.35,164.7456,0.228
tbn,358,0,79,196.005,136.305,172.5688,0.2319
tbn,358,0,80,196.24,136.28,175.2318,0.2408
tbn,358,0,81,196.475,136.275,2.492,0.2302
tbn,358,0,82,196.7,136.3,10.3069,0.2236
tbn,358,0,83,196.915,136.345,13.3889,0.2159
tbn,358,0,84,197.12,136.405,19.2922,0.2119
tbn,358,0,85,197.315,136.485,25.345,0.2102
tbn,358,0,86,197.495,136.585,32.9093,0.2025
tbn,358,0,87,197.66,136.705,39.0904,0.2061
tbn,358,0,88,197.815,136.84,43.0263,0.2052
tbn,358,0,89,197.955,136.985,49.0834,0.1985
tbn,358,0,90,198.075,137.145,57.1003,0.2025
tbn,358,0,91,198.18,137.32,60.9429,0.2059
tbn,358,0,92,198.275,137.51,65.7744,0.2193
tbn,358,0,93,198.35,137.71,73.3,0.2088
tbn,358,0,94,198.405,137.915,76.6062,0.2159
tbn,358,0,95,198.445,138.135,82.5692,0.232
tbn,358,0,96,198.465,138.365,87.5081,0.2302
tbn,358,0,97,198.47,138.57,90.0,0.18
tbn,358,0,98,197.585,138.66,0.0,1.77
tbn,359,0,0,202.105,136.955,114.0071,1.3027
tbn,359,0,1,202.68,136.36,0.0,0.62
tbn,359,0,2,201.885,138.775,114.5866,5.3116
tbn,359,0,3,199.675,138.775,65.4132,5.3116
tbn,359,0,4,198.88,136.36,0.0,0.62
tbn,359,0,5,199.455,136.955,65.9929,1.3027
tbn,359,0,6,200.78,137.55,0.0,2.12
tbn,359,1,0,200.785,138.06,0.0,1.65
tbn,359,1,1,200.37,138.995,66.3222,2.0419
tbn,359,1,2,201.195,138.995,113.9342,2.0459
tbn,360,0,0,206.74,138.4,14.0354,0.2474
tbn,360,0,1,206.965,138.475,23.1986,0.2285
tbn,360,0,2,207.165,138.585,34.381,0.2302
tbn,360,0,3,207.34,138.73,45.0,0.2263
tbn,360,0,4,207.48,138.905,57.7257,0.2247
tbn,360,0,5,207.59,139.105,64.5344,0.2326
tbn,360,0,6,207.665,139.32,77.195,0.2256
tbn,360,0,7,207.7,139.55,85.2388,0.2408
tbn,360,0,8,207.69,139.825,97.3512,0.3126
tbn,360,0,9,207.615,140.13,110.1353,0.3195
tbn,360,0,10,207.47,140.41,124.6953,0.3162
tbn,360,0,11,207.255,140.64,141.3428,0.3201
tbn,360,0,12,206.985,140.8,157.5209,0.3138
tbn,360,0,13,206.68,140.895,167.6599,0.3276
tbn,360,0,14,206.36,140.94,176.4255,0.3206
tbn,360,0,15,206.04,140.95,0.0,0.32
tbn,360,0,16,205.52,140.95,0.0,0.72
tbn,360,0,17,205.16,138.655,90.0,4.59
tbn,360,0,18,205.46,136.36,0.0,0.6
tbn,360,0,19,205.76,137.34,90.0,1.96
tbn,360,0,20,205.88,138.32,0.0,0.24
tbn,360,0,21,206.69,137.34,125.1482,2.3971
tbn,360,0,22,207.72,136.36,0.0,0.68
tbn,360,0,23,207.34,137.365,125.6184,2.4726
tbn,360,1,0,205.835,140.44,0.0,0.15
tbn,360,1,1,206.025,140.44,0.0,0.23
tbn,360,1,2,206.25,140.43,174.8006,0.2209
tbn,360,1,3,206.47,140.4,169.7007,0.2236
tbn,360,1,4,206.68,140.345,160.7078,0.2119
tbn,360,1,5,206.865,140.255,147.0907,0.2025
tbn,360,1,6,207.015,140.13,132.8832,0.191
tbn,360,1,7,207.125,139.97,116.5651,0.2012
tbn,360,1,8,207.185,139.76,97.1241,0.2419
tbn,360,1,9,207.185,139.525,82.5683,0.2319
tbn,360,1,10,207.13,139.315,67.1661,0.2062
tbn,360,1,11,207.025,139.145,49.0834,0.1985
tbn,360,1,12,206.88,139.02,32.0064,0.1887
tbn,360,1,13,206.705,138.935,20.2281,0.2025
tbn,360,1,14,206.5,138.875,12.8012,0.2256
tbn,360,1,15,206.28,138.84,5.1994,0.2209
tbn,360,1,16,206.055,138.83,0.0,0.23
tbn,360,1,17,205.85,138.83,0.0,0.18
tbn,360,1,18,205.76,139.635,90.0,1.61
tbn,361,0,0,211.515,136.955,114.0071,1.3027
tbn,361,0,1,212.09,136.36,0.0,0.62
tbn,361,0,2,211.295,138.775,114.5866,5.3116
tbn,361,0,3,209.085,138.775,65.4132,5.3116
tbn,361,0,4,208.29,136.36,0.0,0.62
tbn,361,0,5,208.865,136.955,65.9929,1.3027
tbn,361,0,6,210.19,137.55,0.0,2.12
tbn,361,1,0,210.19,138.06,0.0,1.64
tbn,361,1,1,209.78,138.995,66.3222,2.0419
tbn,361,1,2,210.6,138.995,113.6774,2.0419
tbn,362,0,0,215.675,137.87,66.5212,3.4889
tbn,362,0,1,216.375,139.47,0.0,0.01
tbn,362,0,2,216.65,137.915,99.8504,3.1566
tbn,362,0,3,217.215,136.36,0.0,0.59
tbn,362,0,4,217.04,138.79,100.9467,4.9501
tbn,362,0,5,215.775,139.4,66.4038,3.9721
tbn,362,0,6,214.185,139.4,113.5962,3.9721
tbn,362,0,7,212.92,138.79,79.0533,4.9501
tbn,362,0,8,212.75,136.36,0.0,0.6
tbn,362,0,9,213.315,137.905,80.2673,3.1351
tbn,362,0,10,213.59,139.45,0.0,0.02
tbn,362,0,11,214.29,137.86,113.4591,3.4665
tbn,363,0,0,218.78,138.32,0.0,0.34
tbn,363,0,1,219.115,138.325,1.7374,0.3302
tbn,363,0,2,219.43,138.36,11.3094,0.3059
tbn,363,0,3,219.72,138.435,17.8183,0.2941
tbn,363,0,4,219.975,138.55,31.3263,0.2692
tbn,363,0,5,220.19,138.71,41.9913,0.2691
tbn,363,0,6,220.365,138.915,56.8848,0.2746
tbn,363,0,7,220.465,139.095,68.962,0.1393
tbn,363,0,8,220.51,139.235,75.0704,0.1552
tbn,363,0,9,220.545,139.39,79.381,0.1628
tbn,363,0,10,220.565,139.555,86.6305,0.1703
tbn,363,0,11,220.56,139.79,93.815,0.3007
tbn,363,0,12,220.515,140.07,105.0695,0.2693
tbn,363,0,13,220.42,140.31,118.6093,0.2506
tbn,363,0,14,220.27,140.515,133.4503,0.2617
tbn,363,0,15,220.12,140.65,146.3167,0.1442
tbn,363,0,16,219.995,140.725,151.6948,0.1476
tbn,363,0,17,219.85,140.79,159.4452,0.1709
tbn,363,0,18,219.685,140.845,163.6141,0.1772
tbn,363,0,19,219.505,140.885,171.0278,0.1924
tbn,363,0,20,219.3,140.915,172.2352,0.222
tbn,363,0,21,219.075,140.94,175.0253,0.2309
tbn,363,0,22,218.83,140.95,0.0,0.26
tbn,363,0,23,218.355,140.95,0.0,0.69
tbn,363,0,24,218.01,138.655,90.0,4.59
tbn,363,0,25,218.31,136.36,0.0,0.6
tbn,363,0,26,218.61,137.34,90.0,1.96
tbn,363,1,0,218.69,140.44,0.0,0.16
tbn,363,1,1,218.88,140.44,0.0,0.22
tbn,363,1,2,219.1,140.43,174.8084,0.2209
tbn,363,1,3,219.32,140.4,169.6931,0.2236
tbn,363,1,4,219.53,140.345,160.7078,0.2119
tbn,363,1,5,219.715,140.26,149.5403,0.1972
tbn,363,1,6,219.87,140.145,137.1199,0.1911
tbn,363,1,7,219.965,140.035,119.0571,0.103
tbn,363,1,8,220.005,139.94,106.6976,0.1044
tbn,363,1,9,220.035,139.835,105.2524,0.114
tbn,363,1,10,220.055,139.715,94.3961,0.1304
tbn,363,1,11,220.055,139.59,85.2388,0.1204
tbn,363,1,12,220.04,139.47,80.5353,0.1217
tbn,363,1,13,220.01,139.36,68.2031,0.1077
tbn,363,1,14,219.965,139.265,60.9429,0.103
tbn,363,1,15,219.88,139.15,49.3966,0.1844
tbn,363,1,16,219.735,139.025,32.9069,0.2025
tbn,363,1,17,219.555,138.935,20.2281,0.2025
tbn,363,1,18,219.355,138.88,10.7782,0.2138
tbn,363,1,19,219.135,138.845,7.4312,0.2319
tbn,363,1,20,218.91,138.83,0.0,0.22
tbn,363,1,21,218.705,138.83,0.0,0.19
tbn,363,1,22,218.61,139.635,90.0,1.61
tbn,364,0,0,178.1,212.8,0.0,1.1
tbn,364,0,1,178.65,213.055,90.0,0.51
tbn,364,0,2,177.255,213.31,0.0,2.79
tbn,364,0,3,175.86,213.055,90.0,0.51
tbn,364,0,4,176.405,212.8,0.0,1.09
tbn,364,0,5,176.95,210.76,90.0,4.08
tbn,364,0,6,177.25,208.72,0.0,0.6
tbn,364,0,7,177.55,210.76,90.0,4.08
tbn,365,0,0,178.87,213.31,0.0,0.62
tbn,365,0,1,179.52,210.93,111.9672,5.1326
tbn,365,0,2,181.135,210.245,68.8721,3.6343
tbn,365,0,3,182.445,210.245,111.1279,3.6343
tbn,365,0,4,184.065,210.93,67.9293,5.1364
tbn,365,0,5,184.715,213.31,0.0,0.63
tbn,365,0,6,183.75,211.675,68.3194,3.5189
tbn,365,0,7,182.445,211.765,110.7923,3.6903
tbn,365,0,8,181.14,211.8,68.9625,3.6214
tbn,365,0,9,179.835,211.71,112.2629,3.4578
tbn,366,0,0,186.94,210.76,14.0354,0.2474
tbn,366,0,1,187.17,210.835,22.2481,0.2377
tbn,366,0,2,187.37,210.945,35.8398,0.222
tbn,366,0,3,187.54,211.09,45.0,0.2263
tbn,366,0,4,187.685,211.265,55.6221,0.2302
tbn,366,0,5,187.795,211.465,66.7979,0.2285
tbn,366,0,6,187.87,211.68,74.7456,0.228
tbn,366,0,7,187.91,211.91,85.2352,0.2408
tbn,366,0,8,187.9,212.185,97.354,0.3126
tbn,366,0,9,187.82,212.49,111.7994,0.3231
tbn,366,0,10,187.67,212.77,124.6953,0.3162
tbn,366,0,11,187.46,213.0,140.1959,0.3124
tbn,366,0,12,187.19,213.16,158.1996,0.3231
tbn,366,0,13,186.885,213.255,167.2743,0.3178
tbn,366,0,14,186.565,213.3,176.5337,0.3306
tbn,366,0,15,186.24,213.31,0.0,0.32
tbn,366,0,16,185.72,213.31,0.0,0.72
tbn,366,0,17,185.36,211.015,90.0,4.59
tbn,366,0,18,185.66,208.72,0.0,0.6
tbn,366,0,19,185.96,209.7,90.0,1.96
tbn,366,0,20,186.08,210.68,0.0,0.24
tbn,366,0,21,186.89,209.7,125.1482,2.3971
tbn,366,0,22,187.92,208.72,0.0,0.68
tbn,366,0,23,187.54,209.725,125.6184,2.4726
tbn,366,1,0,186.035,212.8,0.0,0.15
tbn,366,1,1,186.225,212.8,0.0,0.23
tbn,366,1,2,186.45,212.79,174.8006,0.2209
tbn,366,1,3,186.67,212.76,169.7007,0.2236
tbn,366,1,4,186.88,212.705,160.7078,0.2119
tbn,366,1,5,187.065,212.615,147.0907,0.2025
tbn,366,1,6,187.22,212.49,135.0031,0.198
tbn,366,1,7,187.33,212.33,113.9638,0.197
tbn,366,1,8,187.385,212.12,97.1241,0.2419
tbn,366,1,9,187.385,211.88,82.875,0.2419
tbn,366,1,10,187.33,211.67,66.0362,0.197
tbn,366,1,11,187.225,211.505,49.0834,0.1985
tbn,366,1,12,187.08,211.38,32.0064,0.1887
tbn,366,1,13,186.905,211.295,20.2281,0.2025
tbn,366,1,14,186.705,211.235,13.3889,0.2159
tbn,366,1,15,186.485,211.2,4.9747,0.2309
tbn,366,1,16,186.26,211.19,0.0,0.22
tbn,366,1,17,186.055,211.19,0.0,0.19
tbn,366,1,18,185.96,211.995,90.0,1.61
tbn,367,0,0,171.725,236.7,13.4952,0.2571
tbn,367,0,1,171.955,236.775,23.1971,0.2285
tbn,367,0,2,172.155,236.885,34.3831,0.2302
tbn,367,0,3,172.33,237.03,45.0,0.2263
tbn,367,0,4,172.47,237.205,57.7257,0.2247
tbn,367,0,5,172.575,237.405,66.7979,0.2285
tbn,367,0,6,172.65,237.62,74.7456,0.228
tbn,367,0,7,172.69,237.85,85.2352,0.2408
tbn,367,0,8,172.68,238.125,97.354,0.3126
tbn,367,0,9,172.605,238.43,110.1353,0.3195
tbn,367,0,10,172.46,238.71,124.6931,0.3162
tbn,367,0,11,172.245,238.94,141.3428,0.3201
tbn,367,0,12,171.975,239.1,157.522,0.3139
tbn,367,0,13,171.67,239.195,167.6594,0.3276
tbn,367,0,14,171.35,239.24,176.4257,0.3206
tbn,367,0,15,171.03,239.25,0.0,0.32
tbn,367,0,16,170.51,239.25,0.0,0.72
tbn,367,0,17,170.15,236.955,90.0,4.59
tbn,367,0,18,170.445,234.66,0.0,0.59
tbn,367,0,19,170.74,235.64,90.0,1.96
tbn,367,0,20,170.865,236.62,0.0,0.25
tbn,367,0,21,171.68,235.64,125.1485,2.3971
tbn,367,0,22,172.71,234.66,0.0,0.68
tbn,367,0,23,172.325,235.665,125.8062,2.4784
tbn,367,1,0,170.82,238.74,0.0,0.16
tbn,367,1,1,171.01,238.74,0.0,0.22
tbn,367,1,2,171.235,238.73,175.0253,0.2309
tbn,367,1,3,171.46,238.7,169.7007,0.2236
tbn,367,1,4,171.665,238.645,159.7734,0.2025
tbn,367,1,5,171.85,238.555,148.5657,0.211
tbn,367,1,6,172.005,238.43,132.8832,0.191
tbn,367,1,7,172.115,238.27,116.5651,0.2012
tbn,367,1,8,172.175,238.06,97.1241,0.2419
tbn,367,1,9,172.175,237.825,82.5683,0.2319
tbn,367,1,10,172.12,237.615,67.1661,0.2062
tbn,367,1,11,172.015,237.445,49.0867,0.1985
tbn,367,1,12,171.87,237.32,32.0064,0.1887
tbn,367,1,13,171.695,237.235,20.2266,0.2025
tbn,367,1,14,171.49,237.175,12.8012,0.2256
tbn,367,1,15,171.27,237.14,5.1994,0.2209
tbn,367,1,16,171.045,237.13,0.0,0.23
tbn,367,1,17,170.835,237.13,0.0,0.19
tbn,367,1,18,170.74,237.935,90.0,1.61
tbn,368,0,0,176.505,235.255,114.0071,1.3027
tbn,368,0,1,177.08,234.66,0.0,0.62
tbn,368,0,2,176.285,237.075,114.5866,5.3116
tbn,368,0,3,174.07,237.075,65.3153,5.3158
tbn,368,0,4,173.275,234.66,0.0,0.63
tbn,368,0,5,173.85,235.255,66.3964,1.2987
tbn,368,0,6,175.175,235.85,0.0,2.13
tbn,368,1,0,175.175,236.36,0.0,1.65
tbn,368,1,1,174.765,237.295,66.0658,2.0459
tbn,368,1,2,175.59,237.295,113.6774,2.0419
tbn,369,0,0,180.665,236.17,66.5212,3.4889
tbn,369,0,1,181.365,237.77,0.0,0.01
tbn,369,0,2,181.64,236.215,99.8504,3.1566
tbn,369,0,3,182.205,234.66,0.0,0.59
tbn,369,0,4,182.03,237.09,100.9467,4.9501
tbn,369,0,5,180.765,237.7,66.4038,3.9721
tbn,369,0,6,179.175,237.7,113.5962,3.9721
tbn,369,0,7,177.91,237.09,79.0533,4.9501
tbn,369,0,8,177.735,234.66,0.0,0.59
tbn,369,0,9,178.3,236.205,80.0871,3.1368
tbn,369,0,10,178.575,237.75,0.0,0.01
tbn,369,0,11,179.275,236.16,113.6105,3.4705
tbn,370,0,0,183.77,236.62,0.0,0.34
tbn,370,0,1,184.1,236.625,1.7916,0.3202
tbn,370,0,2,184.415,236.66,10.9537,0.3158
tbn,370,0,3,184.705,236.735,18.434,0.2846
tbn,370,0,4,184.96,236.85,30.2546,0.2778
tbn,370,0,5,185.18,237.01,41.9913,0.2691
tbn,370,0,6,185.355,237.215,56.8848,0.2746
tbn,370,0,7,185.455,237.395,68.962,0.1393
tbn,370,0,8,185.5,237.535,75.0704,0.1552
tbn,370,0,9,185.535,237.69,79.381,0.1628
tbn,370,0,10,185.55,237.855,90.0,0.17
tbn,370,0,11,185.54,238.09,93.815,0.3007
tbn,370,0,12,185.5,238.37,102.9936,0.2668
tbn,370,0,13,185.41,238.61,118.6093,0.2506
tbn,370,0,14,185.255,238.815,135.0,0.2687
tbn,370,0,15,185.105,238.95,143.9774,0.136
tbn,370,0,16,184.98,239.025,153.4325,0.1565
tbn,370,0,17,184.835,239.09,158.1986,0.1615
tbn,370,0,18,184.675,239.145,163.6141,0.1772
tbn,370,0,19,184.495,239.185,171.0278,0.1924
tbn,370,0,20,184.29,239.215,172.2352,0.222
tbn,370,0,21,184.065,239.24,175.0253,0.2309
tbn,370,0,22,183.815,239.25,0.0,0.27
tbn,370,0,23,183.34,239.25,0.0,0.68
tbn,370,0,24,183.0,236.955,90.0,4.59
tbn,370,0,25,183.3,234.66,0.0,0.6
tbn,370,0,26,183.6,235.64,90.0,1.96
tbn,370,1,0,183.675,238.74,0.0,0.15
tbn,370,1,1,183.865,238.74,0.0,0.23
tbn,370,1,2,184.09,238.73,174.8084,0.2209
tbn,370,1,3,184.31,238.7,169.6931,0.2236
tbn,370,1,4,184.52,238.645,160.7078,0.2119
tbn,370,1,5,184.705,238.56,149.5403,0.1972
tbn,370,1,6,184.855,238.445,135.0,0.1839
tbn,370,1,7,184.945,238.335,119.0497,0.1029
tbn,370,1,8,184.99,238.24,111.8044,0.1077
tbn,370,1,9,185.025,238.135,105.2524,0.114
tbn,370,1,10,185.04,238.015,90.0,0.13
tbn,370,1,11,185.04,237.89,90.0,0.12
tbn,370,1,12,185.025,237.77,75.9638,0.1237
tbn,370,1,13,184.995,237.66,73.3024,0.1044
tbn,370,1,14,184.955,237.565,60.9429,0.103
tbn,370,1,15,184.865,237.45,47.1168,0.191
tbn,370,1,16,184.72,237.325,34.5118,0.1942
tbn,370,1,17,184.545,237.235,20.2281,0.2025
tbn,370,1,18,184.345,237.18,10.7782,0.2138
tbn,370,1,19,184.125,237.145,7.4312,0.2319
tbn,370,1,20,183.9,237.13,0.0,0.22
tbn,370,1,21,183.695,237.13,0.0,0.19
tbn,370,1,22,183.6,237.935,90.0,1.61
tbn,371,0,0,168.775,243.015,66.4555,3.4797
tbn,371,0,1,169.475,244.61,0.0,0.01
tbn,371,0,2,169.75,243.055,99.8504,3.1566
tbn,371,0,3,170.315,241.5,0.0,0.59
tbn,371,0,4,170.14,243.93,100.9467,4.9501
tbn,371,0,5,168.875,244.54,66.4038,3.9721
tbn,371,0,6,167.285,244.54,113.5962,3.9721
tbn,371,0,7,166.02,243.93,79.0533,4.9501
tbn,371,0,8,165.845,241.5,0.0,0.59
tbn,371,0,9,166.41,243.05,80.1185,3.1467
tbn,371,0,10,166.69,244.6,0.0,0.02
tbn,371,0,11,167.39,243.01,113.4591,3.4665
tbn,372,0,0,171.41,246.1,0.0,0.6
tbn,372,0,1,171.11,243.8,90.0,4.6
tbn,372,0,2,171.41,241.5,0.0,0.6
tbn,372,0,3,171.71,243.8,90.0,4.6
tbn,373,0,0,172.83,246.1,0.0,0.6
tbn,373,0,1,172.53,243.8,90.0,4.6
tbn,373,0,2,173.53,241.5,0.0,2.0
tbn,373,0,3,174.53,241.755,90.0,0.51
tbn,373,0,4,173.83,242.01,0.0,1.4
tbn,373,0,5,173.13,244.055,90.0,4.09
tbn,374,0,0,175.19,246.1,0.0,0.6
tbn,374,0,1,174.89,243.8,90.0,4.6
tbn,374,0,2,175.19,241.5,0.0,0.6
tbn,374,0,3,175.49,243.8,90.0,4.6
tbn,375,0,0,178.14,245.59,0.0,1.1
tbn,375,0,1,178.69,245.845,90.0,0.51
tbn,375,0,2,177.295,246.1,0.0,2.79
tbn,375,0,3,175.9,245.845,90.0,0.51
tbn,375,0,4,176.45,245.59,0.0,1.1
tbn,375,0,5,177.0,243.545,90.0,4.09
tbn,375,0,6,177.295,241.5,0.0,0.59
tbn,375,0,7,177.59,243.545,90.0,4.09
tbn,376,0,0,182.14,242.1,113.4287,1.3078
tbn,376,0,1,182.715,241.5,0.0,0.63
tbn,376,0,2,181.92,243.92,114.6398,5.3249
tbn,376,0,3,179.705,243.92,65.4582,5.3207
tbn,376,0,4,178.91,241.5,0.0,0.62
tbn,376,0,5,179.485,242.1,66.1708,1.3118
tbn,376,0,6,180.815,242.7,0.0,2.13
tbn,376,1,0,180.815,243.21,0.0,1.65
tbn,376,1,1,180.4,244.145,66.3226,2.0419
tbn,376,1,2,181.225,244.145,113.9342,2.0459
tbn,377,0,0,185.0,243.545,11.7652,0.2452
tbn,377,0,1,185.225,243.62,25.4656,0.2326
tbn,377,0,2,185.425,243.735,34.381,0.2302
tbn,377,0,3,185.6,243.88,45.0,0.2263
tbn,377,0,4,185.74,244.055,57.7257,0.2247
tbn,377,0,5,185.85,244.25,63.4315,0.2236
tbn,377,0,6,185.925,244.465,77.7351,0.2354
tbn,377,0,7,185.96,244.695,85.0332,0.2309
tbn,377,0,8,185.95,244.97,97.1243,0.3225
tbn,377,0,9,185.875,245.28,110.1353,0.3195
tbn,377,0,10,185.73,245.555,125.7551,0.3081
tbn,377,0,11,185.515,245.785,139.9709,0.3265
tbn,377,0,12,185.245,245.95,157.5209,0.3138
tbn,377,0,13,184.94,246.04,169.381,0.3256
tbn,377,0,14,184.62,246.085,174.6443,0.3214
tbn,377,0,15,184.3,246.1,0.0,0.32
tbn,377,0,16,183.78,246.1,0.0,0.72
tbn,377,0,17,183.42,243.8,90.0,4.6
tbn,377,0,18,183.72,241.5,0.0,0.6
tbn,377,0,19,184.02,242.48,90.0,1.96
tbn,377,0,20,184.14,243.46,0.0,0.24
tbn,377,0,21,184.95,242.48,125.1486,2.3971
tbn,377,0,22,185.98,241.5,0.0,0.68
tbn,377,0,23,185.6,242.51,125.4842,2.4807
tbn,377,1,0,184.095,245.59,0.0,0.15
tbn,377,1,1,184.285,245.585,177.5081,0.2302
tbn,377,1,2,184.51,245.57,174.8084,0.2209
tbn,377,1,3,184.73,245.54,169.6931,0.2236
tbn,377,1,4,184.94,245.485,160.7078,0.2119
tbn,377,1,5,185.125,245.4,149.5327,0.1972
tbn,377,1,6,185.275,245.28,132.8832,0.191
tbn,377,1,7,185.385,245.115,115.345,0.2102
tbn,377,1,8,185.445,244.905,97.4308,0.232
tbn,377,1,9,185.445,244.67,82.875,0.2419
tbn,377,1,10,185.39,244.455,67.1661,0.2062
tbn,377,1,11,185.285,244.29,47.1168,0.191
tbn,377,1,12,185.14,244.165,34.5118,0.1942
tbn,377,1,13,184.965,244.075,20.2281,0.2025
tbn,377,1,14,184.765,244.02,10.7782,0.2138
tbn,377,1,15,184.545,243.99,4.9747,0.2309
tbn,377,1,16,184.315,243.975,2.4844,0.2302
tbn,377,1,17,184.11,243.97,0.0,0.18
tbn,377,1,18,184.02,244.78,90.0,1.62
tbn,378,0,0,187.77,242.52,90.0,2.04
tbn,378,0,1,188.07,241.5,0.0,0.6
tbn,378,0,2,188.37,242.52,90.0,2.04
tbn,378,0,3,189.12,244.82,59.6323,2.9671
tbn,378,0,4,189.54,246.1,0.0,0.66
tbn,378,0,5,188.64,245.14,59.3001,2.2329
tbn,378,0,6,187.495,245.14,120.9203,2.238
tbn,378,0,7,186.59,246.1,0.0,0.66
tbn,378,0,8,187.015,244.82,120.5339,2.9721
tbn,379,0,0,205.375,162.845,11.3072,0.2549
tbn,379,0,1,205.605,162.92,25.464,0.2326
tbn,379,0,2,205.805,163.035,34.3831,0.2302
tbn,379,0,3,205.98,163.18,45.0,0.2263
tbn,379,0,4,206.12,163.35,56.3099,0.2163
tbn,379,0,5,206.225,163.545,66.7979,0.2285
tbn,379,0,6,206.3,163.76,74.7456,0.228
tbn,379,0,7,206.34,163.99,85.2358,0.2409
tbn,379,0,8,206.33,164.27,97.127,0.3225
tbn,379,0,9,206.255,164.575,110.7718,0.3102
tbn,379,0,10,206.11,164.85,124.6931,0.3162
tbn,379,0,11,205.895,165.085,139.9709,0.3265
tbn,379,0,12,205.625,165.25,157.522,0.3139
tbn,379,0,13,205.32,165.34,169.3805,0.3256
tbn,379,0,14,205.0,165.38,176.4203,0.3206
tbn,379,0,15,204.68,165.395,178.2138,0.3201
tbn,379,0,16,204.16,165.4,0.0,0.72
tbn,379,0,17,203.8,163.1,90.0,4.6
tbn,379,0,18,204.095,160.8,0.0,0.59
tbn,379,0,19,204.39,161.78,90.0,1.96
tbn,379,0,20,204.515,162.76,0.0,0.25
tbn,379,0,21,205.33,161.78,125.1489,2.3971
tbn,379,0,22,206.36,160.8,0.0,0.68
tbn,379,0,23,205.975,161.81,125.6717,2.4865
tbn,379,1,0,204.47,164.89,0.0,0.16
tbn,379,1,1,204.66,164.885,177.3949,0.2202
tbn,379,1,2,204.885,164.87,175.0329,0.2309
tbn,379,1,3,205.11,164.84,169.6931,0.2236
tbn,379,1,4,205.315,164.785,159.7734,0.2025
tbn,379,1,5,205.5,164.7,150.9429,0.2059
tbn,379,1,6,205.655,164.58,132.8832,0.191
tbn,379,1,7,205.765,164.415,115.345,0.2102
tbn,379,1,8,205.825,164.205,97.4308,0.232
tbn,379,1,9,205.825,163.97,82.875,0.2419
tbn,379,1,10,205.77,163.755,67.1661,0.2062
tbn,379,1,11,205.665,163.59,47.1201,0.191
tbn,379,1,12,205.52,163.465,34.5118,0.1942
tbn,379,1,13,205.345,163.375,20.2266,0.2025
tbn,379,1,14,205.14,163.32,10.2993,0.2236
tbn,379,1,15,204.92,163.29,5.1994,0.2209
tbn,379,1,16,204.695,163.275,2.4844,0.2302
tbn,379,1,17,204.485,163.27,0.0,0.19
tbn,379,1,18,204.39,164.08,90.0,1.62
tbn,380,0,0,210.155,161.395,114.0071,1.3027
tbn,380,0,1,210.73,160.8,0.0,0.62
tbn,380,0,2,209.935,163.22,114.5419,5.3207
tbn,380,0,3,207.72,163.22,65.3601,5.3248
tbn,380,0,4,206.925,160.8,0.0,0.63
tbn,380,0,5,207.5,161.395,66.3964,1.2987
tbn,380,0,6,208.825,161.99,0.0,2.13
tbn,380,1,0,208.825,162.5,0.0,1.65
tbn,380,1,1,208.415,163.435,66.0658,2.0459
tbn,380,1,2,209.24,163.435,113.6774,2.0419
tbn,381,0,0,214.315,162.315,66.4555,3.4797
tbn,381,0,1,215.015,163.91,0.0,0.01
tbn,381,0,2,215.29,162.355,99.8504,3.1566
tbn,381,0,3,215.855,160.8,0.0,0.59
tbn,381,0,4,215.68,163.23,100.9467,4.9501
tbn,381,0,5,214.415,163.84,66.4038,3.9721
tbn,381,0,6,212.825,163.84,113.5962,3.9721
tbn,381,0,7,211.56,163.23,79.0533,4.9501
tbn,381,0,8,211.385,160.8,0.0,0.59
tbn,381,0,9,211.95,162.345,80.0872,3.1369
tbn,381,0,10,212.225,163.89,0.0,0.01
tbn,381,0,11,212.925,162.305,113.6767,3.4614
tbn,382,0,0,217.42,162.76,0.0,0.34
tbn,382,0,1,217.75,162.77,3.5743,0.3206
tbn,382,0,2,218.065,162.805,9.1657,0.314
tbn,382,0,3,218.355,162.88,20.324,0.2879
tbn,382,0,4,218.61,162.995,28.4392,0.2729
tbn,382,0,5,218.83,163.155,43.532,0.2759
tbn,382,0,6,219.005,163.36,55.7116,0.2663
tbn,382,0,7,219.105,163.54,70.347,0.1487
tbn,382,0,8,219.15,163.68,74.0554,0.1456
tbn,382,0,9,219.185,163.83,79.381,0.1628
tbn,382,0,10,219.2,163.995,90.0,0.17
tbn,382,0,11,219.19,164.23,93.815,0.3007
tbn,382,0,12,219.15,164.51,102.9936,0.2668
tbn,382,0,13,219.06,164.75,118.6093,0.2506
tbn,382,0,14,218.905,164.955,135.0,0.2687
tbn,382,0,15,218.755,165.09,143.9774,0.136
tbn,382,0,16,218.63,165.165,153.4325,0.1565
tbn,382,0,17,218.485,165.23,158.1986,0.1615
tbn,382,0,18,218.325,165.285,163.6141,0.1772
tbn,382,0,19,218.145,165.33,168.109,0.1942
tbn,382,0,20,217.94,165.365,172.2352,0.222
tbn,382,0,21,217.715,165.385,177.508,0.2302
tbn,382,0,22,217.47,165.395,177.7953,0.2602
tbn,382,0,23,216.995,165.4,0.0,0.69
tbn,382,0,24,216.65,163.1,90.0,4.6
tbn,382,0,25,216.95,160.8,0.0,0.6
tbn,382,0,26,217.25,161.78,90.0,1.96
tbn,382,1,0,217.325,164.89,0.0,0.15
tbn,382,1,1,217.515,164.885,177.5081,0.2302
tbn,382,1,2,217.74,164.87,174.8084,0.2209
tbn,382,1,3,217.96,164.84,169.6931,0.2236
tbn,382,1,4,218.17,164.79,163.3012,0.2088
tbn,382,1,5,218.355,164.71,149.5327,0.1972
tbn,382,1,6,218.505,164.59,132.8832,0.191
tbn,382,1,7,218.595,164.475,119.0497,0.1029
tbn,382,1,8,218.64,164.38,111.8044,0.1077
tbn,382,1,9,218.675,164.275,105.2524,0.114
tbn,382,1,10,218.69,164.16,90.0,0.12
tbn,382,1,11,218.69,164.035,90.0,0.13
tbn,382,1,12,218.675,163.91,75.9638,0.1237
tbn,382,1,13,218.645,163.8,73.3024,0.1044
tbn,382,1,14,218.605,163.705,60.9429,0.103
tbn,382,1,15,218.515,163.59,47.1168,0.191
tbn,382,1,16,218.37,163.465,34.5118,0.1942
tbn,382,1,17,218.195,163.375,20.2281,0.2025
tbn,382,1,18,217.995,163.32,10.7782,0.2138
tbn,382,1,19,217.775,163.29,4.9747,0.2309
tbn,382,1,20,217.55,163.275,2.5972,0.2202
tbn,382,1,21,217.345,163.27,0.0,0.19
tbn,382,1,22,217.25,164.08,90.0,1.62
tbn,383,0,0,198.56,167.65,0.0,2.5
tbn,383,0,1,199.81,167.905,90.0,0.51
tbn,383,0,2,198.86,168.16,0.0,1.9
tbn,383,0,3,197.91,169.05,90.0,1.78
tbn,383,0,4,198.835,169.94,0.0,1.85
tbn,383,0,5,199.76,170.2,90.0,0.52
tbn,383,0,6,198.835,170.46,0.0,1.85
tbn,383,0,7,197.91,171.095,90.0,1.27
tbn,383,0,8,198.86,171.73,0.0,1.9
tbn,383,0,9,199.81,171.985,90.0,0.51
tbn,383,0,10,198.56,172.24,0.0,2.5
tbn,383,0,11,197.31,169.945,90.0,4.59
tbn,384,0,0,200.8,168.935,60.7376,2.9459
tbn,384,0,1,200.4,167.65,0.0,0.64
tbn,384,0,2,201.285,168.655,60.6558,2.3059
tbn,384,0,3,202.39,168.655,118.2497,2.2818
tbn,384,0,4,203.25,167.65,0.0,0.64
tbn,384,0,5,202.87,168.935,118.5793,2.9266
tbn,384,0,6,202.835,171.23,56.6383,2.4185
tbn,384,0,7,203.175,172.24,0.0,0.65
tbn,384,0,8,202.35,171.475,56.8316,1.8278
tbn,384,0,9,201.38,171.475,121.5658,1.7957
tbn,384,0,10,200.585,172.24,0.0,0.65
tbn,384,0,11,200.89,171.23,121.9544,2.3807
tbn,385,0,0,205.85,171.73,0.0,1.1
tbn,385,0,1,206.4,171.985,90.0,0.51
tbn,385,0,2,205.005,172.24,0.0,2.79
tbn,385,0,3,203.61,171.985,90.0,0.51
tbn,385,0,4,204.16,171.73,0.0,1.1
tbn,385,0,5,204.71,169.69,90.0,4.08
tbn,385,0,6,205.005,167.65,0.0,0.59
tbn,385,0,7,205.3,169.69,90.0,4.08
tbn,386,0,0,208.07,167.65,0.0,2.5
tbn,386,0,1,209.32,167.905,90.0,0.51
tbn,386,0,2,208.365,168.16,0.0,1.91
tbn,386,0,3,207.41,169.05,90.0,1.78
tbn,386,0,4,208.34,169.94,0.0,1.86
tbn,386,0,5,209.27,170.2,90.0,0.52
tbn,386,0,6,208.34,170.46,0.0,1.86
tbn,386,0,7,207.41,171.095,90.0,1.27
tbn,386,0,8,208.365,171.73,0.0,1.91
tbn,386,0,9,209.32,171.985,90.0,0.51
tbn,386,0,10,208.07,172.24,0.0,2.5
tbn,386,0,11,206.82,169.945,90.0,4.59
tbn,387,0,0,210.31,167.65,0.0,0.6
tbn,387,0,1,210.61,169.38,90.0,3.46
tbn,387,0,2,212.31,169.285,132.9691,4.9882
tbn,387,0,3,214.01,169.85,90.0,4.78
tbn,387,0,4,213.715,172.24,0.0,0.59
tbn,387,0,5,213.42,170.565,90.0,3.35
tbn,387,0,6,211.715,170.675,133.6868,4.9369
tbn,387,0,7,210.01,170.055,90.0,4.81
tbn,388,0,0,215.3,167.65,0.0,0.96
tbn,388,0,1,215.915,167.655,2.1233,0.2702
tbn,388,0,2,216.18,167.67,4.3961,0.2608
tbn,388,0,3,216.435,167.7,9.0922,0.2532
tbn,388,0,4,216.68,167.755,16.2624,0.25
tbn,388,0,5,216.915,167.83,19.1752,0.2435
tbn,388,0,6,217.14,167.915,22.2495,0.2377
tbn,388,0,7,217.35,168.02,30.9612,0.2332
tbn,388,0,8,217.54,168.15,37.879,0.228
tbn,388,0,9,217.715,168.295,41.4228,0.2267
tbn,388,0,10,217.875,168.455,48.5768,0.2267
tbn,388,0,11,218.015,168.635,55.6178,0.2302
tbn,388,0,12,218.135,168.835,62.3564,0.2371
tbn,388,0,13,218.235,169.055,68.6252,0.247
tbn,388,0,14,218.315,169.295,74.3594,0.2596
tbn,388,0,15,218.37,169.55,81.2523,0.2631
tbn,388,0,16,218.395,169.825,88.0262,0.2902
tbn,388,0,17,218.395,170.11,92.0443,0.2802
tbn,388,0,18,218.37,170.38,98.7487,0.263
tbn,388,0,19,218.315,170.63,106.2571,0.25
tbn,388,0,20,218.235,170.86,112.2515,0.2377
tbn,388,0,21,218.135,171.075,117.6471,0.2371
tbn,388,0,22,218.015,171.275,124.3779,0.2302
tbn,388,0,23,217.875,171.45,133.1535,0.2193
tbn,388,0,24,217.715,171.605,138.5772,0.2267
tbn,388,0,25,217.535,171.75,143.6131,0.236
tbn,388,0,26,217.34,171.875,151.1921,0.2282
tbn,388,0,27,217.135,171.98,154.5344,0.2326
tbn,388,0,28,216.915,172.065,163.0716,0.2404
tbn,388,0,29,216.68,172.135,163.7443,0.25
tbn,388,0,30,216.435,172.19,170.9078,0.2532
tbn,388,0,31,216.185,172.22,175.4286,0.2508
tbn,388,0,32,215.93,172.235,177.7953,0.2602
tbn,388,0,33,215.31,172.24,0.0,0.98
tbn,388,0,34,214.82,169.945,90.0,4.59
tbn,388,1,0,215.52,171.73,0.0,0.2
tbn,388,1,1,215.73,171.73,0.0,0.22
tbn,388,1,2,215.945,171.72,174.5624,0.2109
tbn,388,1,3,216.155,171.695,171.8705,0.2121
tbn,388,1,4,216.36,171.66,168.6875,0.204
tbn,388,1,5,216.555,171.615,165.2601,0.1965
tbn,388,1,6,216.74,171.555,158.7467,0.1931
tbn,388,1,7,216.91,171.48,153.4393,0.1789
tbn,388,1,8,217.07,171.395,150.6438,0.1836
tbn,388,1,9,217.22,171.29,139.3925,0.1844
tbn,388,1,10,217.355,171.165,135.0067,0.1838
tbn,388,1,11,217.475,171.03,128.1545,0.1781
tbn,388,1,12,217.58,170.875,120.4658,0.1972
tbn,388,1,13,217.665,170.7,111.25,0.1932
tbn,388,1,14,217.73,170.51,106.7,0.2088
tbn,388,1,15,217.775,170.3,97.7648,0.222
tbn,388,1,16,217.795,170.065,92.2894,0.2502
tbn,388,1,17,217.795,169.82,87.6156,0.2402
tbn,388,1,18,217.775,169.59,82.2352,0.222
tbn,388,1,19,217.73,169.38,73.3,0.2088
tbn,388,1,20,217.665,169.19,68.7467,0.1931
tbn,388,1,21,217.58,169.015,59.5387,0.1972
tbn,388,1,22,217.475,168.86,51.8395,0.178
tbn,388,1,23,217.355,168.725,45.0,0.1839
tbn,388,1,24,217.22,168.605,38.1614,0.1781
tbn,388,1,25,217.07,168.5,32.0064,0.1887
tbn,388,1,26,216.91,168.41,26.5607,0.1789
tbn,388,1,27,216.74,168.335,21.2533,0.1931
tbn,388,1,28,216.555,168.275,14.7399,0.1965
tbn,388,1,29,216.36,168.23,11.3125,0.204
tbn,388,1,30,216.155,168.195,8.1295,0.2121
tbn,388,1,31,215.945,168.17,5.4376,0.2109
tbn,388,1,32,215.73,168.16,0.0,0.22
tbn,388,1,33,215.52,168.16,0.0,0.2
tbn,388,1,34,215.42,169.945,90.0,3.57
tbn,389,0,0,220.15,167.65,0.0,2.5
tbn,389,0,1,221.4,167.905,90.0,0.51
tbn,389,0,2,220.45,168.16,0.0,1.9
tbn,389,0,3,219.5,169.05,90.0,1.78
tbn,389,0,4,220.425,169.94,0.0,1.85
tbn,389,0,5,221.35,170.2,90.0,0.52
tbn,389,0,6,220.425,170.46,0.0,1.85
tbn,389,0,7,219.5,171.095,90.0,1.27
tbn,389,0,8,220.45,171.73,0.0,1.9
tbn,389,0,9,221.4,171.985,90.0,0.51
tbn,389,0,10,220.15,172.24,0.0,2.5
tbn,389,0,11,218.9,169.945,90.0,4.59
tbn,390,0,0,222.57,167.65,0.0,0.96
tbn,390,0,1,223.185,167.655,2.1233,0.2702
tbn,390,0,2,223.45,167.67,4.3961,0.2608
tbn,390,0,3,223.705,167.7,9.0922,0.2532
tbn,390,0,4,223.95,167.755,16.2624,0.25
tbn,390,0,5,224.185,167.83,19.1752,0.2435
tbn,390,0,6,224.41,167.915,22.2495,0.2377
tbn,390,0,7,224.62,168.02,30.9612,0.2332
tbn,390,0,8,224.81,168.15,37.879,0.228
tbn,390,0,9,224.985,168.295,41.4228,0.2267
tbn,390,0,10,225.145,168.455,48.5768,0.2267
tbn,390,0,11,225.285,168.635,55.6178,0.2302
tbn,390,0,12,225.405,168.835,62.3564,0.2371
tbn,390,0,13,225.505,169.055,68.6252,0.247
tbn,390,0,14,225.585,169.295,74.3594,0.2596
tbn,390,0,15,225.64,169.55,81.2523,0.2631
tbn,390,0,16,225.665,169.825,88.0262,0.2902
tbn,390,0,17,225.665,170.11,92.0443,0.2802
tbn,390,0,18,225.64,170.38,98.7487,0.263
tbn,390,0,19,225.585,170.63,106.2571,0.25
tbn,390,0,20,225.505,170.86,112.2515,0.2377
tbn,390,0,21,225.405,171.075,117.6471,0.2371
tbn,390,0,22,225.285,171.275,124.3779,0.2302
tbn,390,0,23,225.145,171.45,133.1535,0.2193
tbn,390,0,24,224.985,171.605,138.5772,0.2267
tbn,390,0,25,224.805,171.75,143.6131,0.236
tbn,390,0,26,224.61,171.875,151.1921,0.2282
tbn,390,0,27,224.405,171.98,154.5344,0.2326
tbn,390,0,28,224.185,172.065,163.0716,0.2404
tbn,390,0,29,223.95,172.135,163.7443,0.25
tbn,390,0,30,223.705,172.19,170.9078,0.2532
tbn,390,0,31,223.455,172.22,175.4286,0.2508
tbn,390,0,32,223.2,172.235,177.7953,0.2602
tbn,390,0,33,222.58,172.24,0.0,0.98
tbn,390,0,34,222.09,169.945,90.0,4.59
tbn,390,1,0,222.79,171.73,0.0,0.2
tbn,390,1,1,223.0,171.73,0.0,0.22
tbn,390,1,2,223.215,171.72,174.5624,0.2109
tbn,390,1,3,223.425,171.695,171.8705,0.2121
tbn,390,1,4,223.63,171.66,168.6875,0.204
tbn,390,1,5,223.825,171.615,165.2601,0.1965
tbn,390,1,6,224.01,171.555,158.7467,0.1931
tbn,390,1,7,224.18,171.48,153.4393,0.1789
tbn,390,1,8,224.34,171.395,150.6438,0.1836
tbn,390,1,9,224.49,171.29,139.3925,0.1844
tbn,390,1,10,224.625,171.165,135.0067,0.1838
tbn,390,1,11,224.745,171.03,128.1545,0.1781
tbn,390,1,12,224.85,170.875,120.4658,0.1972
tbn,390,1,13,224.935,170.7,111.25,0.1932
tbn,390,1,14,225.0,170.51,106.7,0.2088
tbn,390,1,15,225.045,170.3,97.7648,0.222
tbn,390,1,16,225.065,170.065,92.2894,0.2502
tbn,390,1,17,225.065,169.82,87.6156,0.2402
tbn,390,1,18,225.045,169.59,82.2352,0.222
tbn,390,1,19,225.0,169.38,73.3,0.2088
tbn,390,1,20,224.935,169.19,68.7467,0.1931
tbn,390,1,21,224.85,169.015,59.5387,0.1972
tbn,390,1,22,224.745,168.86,51.8395,0.178
tbn,390,1,23,224.625,168.725,45.0,0.1839
tbn,390,1,24,224.49,168.605,38.1614,0.1781
tbn,390,1,25,224.34,168.5,32.0064,0.1887
tbn,390,1,26,224.18,168.41,26.5607,0.1789
tbn,390,1,27,224.01,168.335,21.2533,0.1931
tbn,390,1,28,223.825,168.275,14.7399,0.1965
tbn,390,1,29,223.63,168.23,11.3125,0.204
tbn,390,1,30,223.425,168.195,8.1295,0.2121
tbn,390,1,31,223.215,168.17,5.4376,0.2109
tbn,390,1,32,223.0,168.16,0.0,0.22
tbn,390,1,33,222.79,168.16,0.0,0.2
tbn,390,1,34,222.69,169.945,90.0,3.57
tbn,391,0,0,202.425,176.005,66.4555,3.4797
tbn,391,0,1,203.125,177.6,0.0,0.01
tbn,391,0,2,203.4,176.045,99.8504,3.1566
tbn,391,0,3,203.965,174.49,0.0,0.59
tbn,391,0,4,203.79,176.92,100.9467,4.9501
tbn,391,0,5,202.525,177.53,66.4038,3.9721
tbn,391,0,6,200.935,177.53,113.5962,3.9721
tbn,391,0,7,199.67,176.92,79.0533,4.9501
tbn,391,0,8,199.495,174.49,0.0,0.59
tbn,391,0,9,200.06,176.04,80.1185,3.1467
tbn,391,0,10,200.34,177.59,0.0,0.02
tbn,391,0,11,201.04,176.0,113.4591,3.4665
tbn,392,0,0,205.06,179.09,0.0,0.6
tbn,392,0,1,204.76,176.79,90.0,4.6
tbn,392,0,2,205.06,174.49,0.0,0.6
tbn,392,0,3,205.36,176.79,90.0,4.6
tbn,393,0,0,206.48,179.09,0.0,0.6
tbn,393,0,1,206.18,176.79,90.0,4.6
tbn,393,0,2,207.18,174.49,0.0,2.0
tbn,393,0,3,208.18,174.745,90.0,0.51
tbn,393,0,4,207.48,175.0,0.0,1.4
tbn,393,0,5,206.78,177.045,90.0,4.09
tbn,394,0,0,208.84,179.09,0.0,0.6
tbn,394,0,1,208.54,176.79,90.0,4.6
tbn,394,0,2,208.84,174.49,0.0,0.6
tbn,394,0,3,209.14,176.79,90.0,4.6
tbn,395,0,0,211.79,178.58,0.0,1.1
tbn,395,0,1,212.34,178.835,90.0,0.51
tbn,395,0,2,210.945,179.09,0.0,2.79
tbn,395,0,3,209.55,178.835,90.0,0.51
tbn,395,0,4,210.1,178.58,0.0,1.1
tbn,395,0,5,210.65,176.535,90.0,4.09
tbn,395,0,6,210.945,174.49,0.0,0.59
tbn,395,0,7,211.24,176.535,90.0,4.09
tbn,396,0,0,215.79,175.085,113.6042,1.2987
tbn,396,0,1,216.365,174.49,0.0,0.63
tbn,396,0,2,215.57,176.91,114.6399,5.3248
tbn,396,0,3,213.355,176.91,65.4581,5.3207
tbn,396,0,4,212.56,174.49,0.0,0.62
tbn,396,0,5,213.135,175.085,65.9929,1.3027
tbn,396,0,6,214.465,175.68,0.0,2.13
tbn,396,1,0,214.465,176.19,0.0,1.65
tbn,396,1,1,214.05,177.125,66.3226,2.0419
tbn,396,1,2,214.875,177.125,113.9342,2.0459
tbn,397,0,0,218.65,176.535,11.7652,0.2452
tbn,397,0,1,218.875,176.61,25.4656,0.2326
tbn,397,0,2,219.075,176.725,34.381,0.2302
tbn,397,0,3,219.25,176.87,45.0,0.2263
tbn,397,0,4,219.39,177.04,56.3099,0.2163
tbn,397,0,5,219.5,177.235,64.5344,0.2326
tbn,397,0,6,219.575,177.455,77.7351,0.2354
tbn,397,0,7,219.61,177.685,85.0332,0.2309
tbn,397,0,8,219.6,177.96,97.1243,0.3225
tbn,397,0,9,219.525,178.265,110.7718,0.3102
tbn,397,0,10,219.38,178.54,124.6953,0.3162
tbn,397,0,11,219.165,178.775,139.9709,0.3265
tbn,397,0,12,218.895,178.94,157.5209,0.3138
tbn,397,0,13,218.59,179.03,169.381,0.3256
tbn,397,0,14,218.27,179.07,176.4201,0.3206
tbn,397,0,15,217.95,179.085,178.2138,0.3202
tbn,397,0,16,217.43,179.09,0.0,0.72
tbn,397,0,17,217.07,176.79,90.0,4.6
tbn,397,0,18,217.37,174.49,0.0,0.6
tbn,397,0,19,217.67,175.47,90.0,1.96
tbn,397,0,20,217.79,176.45,0.0,0.24
tbn,397,0,21,218.6,175.47,125.1486,2.3971
tbn,397,0,22,219.63,174.49,0.0,0.68
tbn,397,0,23,219.25,175.5,125.4842,2.4807
tbn,397,1,0,217.745,178.58,0.0,0.15
tbn,397,1,1,217.935,178.575,177.5081,0.2302
tbn,397,1,2,218.16,178.56,174.8084,0.2209
tbn,397,1,3,218.38,178.53,169.6931,0.2236
tbn,397,1,4,218.59,178.475,160.7078,0.2119
tbn,397,1,5,218.775,178.39,149.5327,0.1972
tbn,397,1,6,218.925,178.27,132.8832,0.191
tbn,397,1,7,219.035,178.105,115.345,0.2102
tbn,397,1,8,219.095,177.895,97.4308,0.232
tbn,397,1,9,219.095,177.66,82.875,0.2419
tbn,397,1,10,219.04,177.445,67.1661,0.2062
tbn,397,1,11,218.935,177.28,47.1168,0.191
tbn,397,1,12,218.79,177.155,34.5118,0.1942
tbn,397,1,13,218.615,177.065,20.2281,0.2025
tbn,397,1,14,218.415,177.01,10.7782,0.2138
tbn,397,1,15,218.195,176.98,4.9747,0.2309
tbn,397,1,16,217.965,176.965,2.4844,0.2302
tbn,397,1,17,217.76,176.96,0.0,0.18
tbn,397,1,18,217.67,177.77,90.0,1.62
tbn,398,0,0,221.42,175.51,90.0,2.04
tbn,398,0,1,221.72,174.49,0.0,0.6
tbn,398,0,2,222.02,175.51,90.0,2.04
tbn,398,0,3,222.77,177.81,59.6323,2.9671
tbn,398,0,4,223.19,179.09,0.0,0.66
tbn,398,0,5,222.29,178.125,59.4307,2.2415
tbn,398,0,6,221.145,178.125,120.7891,2.2466
tbn,398,0,7,220.24,179.09,0.0,0.66
tbn,398,0,8,220.665,177.81,120.5339,2.9721
tbn,399,0,0,234.3,176.425,90.0,1.87
tbn,399,0,1,234.0,177.36,0.0,0.6
tbn,399,0,2,233.7,175.06,90.0,4.6
tbn,399,0,3,234.0,172.76,0.0,0.6
tbn,399,0,4,234.3,173.87,90.0,2.22
tbn,399,0,5,235.36,174.98,0.0,2.12
tbn,399,0,6,236.42,173.87,90.0,2.22
tbn,399,0,7,236.72,172.76,0.0,0.6
tbn,399,0,8,237.02,175.06,90.0,4.6
tbn,399,0,9,236.72,177.36,0.0,0.6
tbn,399,0,10,236.42,176.425,90.0,1.87
tbn,399,0,11,235.36,175.49,0.0,2.12
tbn,400,0,0,240.865,173.355,114.0071,1.3027
tbn,400,0,1,241.44,172.76,0.0,0.62
tbn,400,0,2,240.645,175.18,114.5419,5.3207
tbn,400,0,3,238.435,175.18,65.4579,5.3207
tbn,400,0,4,237.64,172.76,0.0,0.62
tbn,400,0,5,238.215,173.355,65.9929,1.3027
tbn,400,0,6,239.54,173.95,0.0,2.12
tbn,400,1,0,239.54,174.46,0.0,1.64
tbn,400,1,1,239.13,175.395,66.3222,2.0419
tbn,400,1,2,239.95,175.395,113.6774,2.0419
tbn,401,0,0,242.445,172.76,0.0,0.59
tbn,401,0,1,242.74,174.495,90.0,3.47
tbn,401,0,2,244.445,174.4,132.9748,5.0024
tbn,401,0,3,246.15,174.965,90.0,4.79
tbn,401,0,4,245.85,177.36,0.0,0.6
tbn,401,0,5,245.55,175.68,90.0,3.36
tbn,401,0,6,243.85,175.79,133.5226,4.9373
tbn,401,0,7,242.15,175.17,90.0,4.82
tbn,402,0,0,249.37,174.805,90.0,0.51
tbn,402,0,1,249.95,174.55,0.0,1.16
tbn,402,0,2,250.51,174.415,81.5709,0.2729
tbn,402,0,3,250.44,174.15,68.965,0.2786
tbn,402,0,4,250.315,173.905,56.8848,0.2746
tbn,402,0,5,250.145,173.69,46.4702,0.2759
tbn,402,0,6,249.935,173.505,36.4719,0.286
tbn,402,0,7,249.7,173.355,28.4392,0.2729
tbn,402,0,8,249.45,173.255,15.0695,0.2693
tbn,402,0,9,249.185,173.205,6.3398,0.2717
tbn,402,0,10,248.96,173.195,176.8169,0.1803
tbn,402,0,11,248.785,173.215,169.9923,0.1726
tbn,402,0,12,248.615,173.255,163.6141,0.1772
tbn,402,0,13,248.45,173.315,156.3689,0.1746
tbn,402,0,14,248.22,173.44,149.0375,0.3499
tbn,402,0,15,247.94,173.645,138.5016,0.3471
tbn,402,0,16,247.705,173.9,126.8709,0.35
tbn,402,0,17,247.52,174.2,116.5651,0.3577
tbn,402,0,18,247.385,174.53,107.9267,0.3574
tbn,402,0,19,247.315,174.875,94.9017,0.3513
tbn,402,0,20,247.305,175.15,87.135,0.2003
tbn,402,0,21,247.325,175.35,81.4701,0.2022
tbn,402,0,22,247.36,175.54,77.4727,0.1844
tbn,402,0,23,247.41,175.725,72.4711,0.1993
tbn,402,0,24,247.52,175.985,64.1344,0.3667
tbn,402,0,25,247.71,176.295,52.816,0.364
tbn,402,0,26,247.955,176.56,41.6319,0.3612
tbn,402,0,27,248.24,176.77,30.9625,0.3499
tbn,402,0,28,248.475,176.895,22.3825,0.1838
tbn,402,0,29,248.645,176.955,16.3954,0.1772
tbn,402,0,30,248.825,176.995,8.9722,0.1924
tbn,402,0,31,249.01,177.015,3.1734,0.1803
tbn,402,0,32,249.205,177.01,174.5628,0.211
tbn,402,0,33,249.41,176.98,168.6875,0.204
tbn,402,0,34,249.61,176.925,160.7078,0.2119
tbn,402,0,35,249.805,176.845,154.655,0.2102
tbn,402,0,36,249.99,176.745,148.575,0.2109
tbn,402,0,37,250.16,176.62,138.809,0.2126
tbn,402,0,38,250.315,176.475,135.0029,0.2121
tbn,402,0,39,250.455,176.315,127.4059,0.214
tbn,402,0,40,250.71,176.43,46.468,0.5517
tbn,402,0,41,250.815,176.735,128.9918,0.2702
tbn,402,0,42,250.63,176.93,138.0135,0.2691
tbn,402,0,43,250.425,177.095,144.4643,0.2581
tbn,402,0,44,250.205,177.235,150.5227,0.2642
tbn,402,0,45,249.97,177.35,157.3794,0.26
tbn,402,0,46,249.725,177.435,164.3562,0.2596
tbn,402,0,47,249.47,177.49,171.2518,0.2631
tbn,402,0,48,249.21,177.52,175.6036,0.2608
tbn,402,0,49,248.96,177.525,2.3882,0.2402
tbn,402,0,50,248.72,177.5,9.457,0.2433
tbn,402,0,51,248.49,177.45,15.2618,0.228
tbn,402,0,52,248.27,177.375,22.2481,0.2377
tbn,402,0,53,248.055,177.28,25.4588,0.2326
tbn,402,0,54,247.855,177.17,32.2808,0.2247
tbn,402,0,55,247.665,177.035,38.2887,0.2421
tbn,402,0,56,247.485,176.88,43.2653,0.2335
tbn,402,0,57,247.325,176.715,48.5746,0.2267
tbn,402,0,58,247.18,176.53,55.0097,0.2441
tbn,402,0,59,247.05,176.33,59.0317,0.2332
tbn,402,0,60,246.94,176.12,65.5581,0.2417
tbn,402,0,61,246.85,175.895,70.8214,0.2435
tbn,402,0,62,246.78,175.66,75.9638,0.2474
tbn,402,0,63,246.735,175.415,83.1575,0.2518
tbn,402,0,64,246.71,175.16,85.6005,0.2608
tbn,402,0,65,246.71,174.915,94.9706,0.2309
tbn,402,0,66,246.735,174.685,97.4317,0.2319
tbn,402,0,67,246.78,174.46,105.2544,0.228
tbn,402,0,68,246.85,174.24,109.9834,0.2341
tbn,402,0,69,246.94,174.03,116.5616,0.2236
tbn,402,0,70,247.045,173.83,118.8131,0.2282
tbn,402,0,71,247.17,173.64,127.8713,0.2281
tbn,402,0,72,247.315,173.465,131.4283,0.2267
tbn,402,0,73,247.47,173.305,136.8467,0.2193
tbn,402,0,74,247.64,173.16,142.1233,0.2281
tbn,402,0,75,247.825,173.03,147.7257,0.2247
tbn,402,0,76,248.02,172.92,153.4332,0.2236
tbn,402,0,77,248.23,172.83,160.0201,0.2341
tbn,402,0,78,248.45,172.76,164.7456,0.228
tbn,402,0,79,248.67,172.71,169.6931,0.2236
tbn,402,0,80,248.9,172.685,177.6116,0.2402
tbn,402,0,81,249.135,172.685,2.4919,0.2302
tbn,402,0,82,249.36,172.705,7.7648,0.222
tbn,402,0,83,249.575,172.745,13.3899,0.2159
tbn,402,0,84,249.78,172.81,21.8059,0.2154
tbn,402,0,85,249.975,172.895,25.345,0.2102
tbn,402,0,86,250.155,172.99,30.4673,0.1972
tbn,402,0,87,250.32,173.105,39.0877,0.2061
tbn,402,0,88,250.475,173.24,43.0292,0.2052
tbn,402,0,89,250.615,173.39,50.9057,0.2062
tbn,402,0,90,250.735,173.55,55.4919,0.1942
tbn,402,0,91,250.84,173.725,62.2403,0.2147
tbn,402,0,92,250.935,173.915,64.655,0.2102
tbn,402,0,93,251.01,174.11,73.3,0.2088
tbn,402,0,94,251.065,174.32,77.195,0.2256
tbn,402,0,95,251.105,174.54,82.2352,0.222
tbn,402,0,96,251.125,174.765,87.5119,0.2302
tbn,402,0,97,251.13,174.97,90.0,0.18
tbn,402,0,98,250.25,175.06,0.0,1.76
tbn,403,0,0,254.77,173.355,113.6042,1.2987
tbn,403,0,1,255.345,172.76,0.0,0.63
tbn,403,0,2,254.55,175.18,114.6399,5.3248
tbn,403,0,3,252.335,175.18,65.4581,5.3207
tbn,403,0,4,251.54,172.76,0.0,0.62
tbn,403,0,5,252.115,173.355,65.9929,1.3027
tbn,403,0,6,253.445,173.95,0.0,2.13
tbn,403,1,0,253.445,174.46,0.0,1.65
tbn,403,1,1,253.03,175.395,66.3226,2.0419
tbn,403,1,2,253.855,175.395,113.9342,2.0459
tbn,404,0,0,257.63,174.805,11.766,0.2451
tbn,404,0,1,257.855,174.88,25.4624,0.2326
tbn,404,0,2,258.055,174.995,34.381,0.2302
tbn,404,0,3,258.23,175.14,45.0055,0.2263
tbn,404,0,4,258.37,175.31,56.3032,0.2163
tbn,404,0,5,258.48,175.505,64.5412,0.2326
tbn,404,0,6,258.555,175.725,77.7314,0.2354
tbn,404,0,7,258.59,175.955,85.0332,0.2309
tbn,404,0,8,258.58,176.23,97.127,0.3225
tbn,404,0,9,258.505,176.535,110.7692,0.3102
tbn,404,0,10,258.36,176.81,124.6931,0.3162
tbn,404,0,11,258.145,177.045,139.9709,0.3265
tbn,404,0,12,257.875,177.21,157.522,0.3139
tbn,404,0,13,257.57,177.3,169.381,0.3256
tbn,404,0,14,257.25,177.345,174.6445,0.3214
tbn,404,0,15,256.93,177.36,0.0,0.32
tbn,404,0,16,256.41,177.36,0.0,0.72
tbn,404,0,17,256.05,175.06,90.0,4.6
tbn,404,0,18,256.35,172.76,0.0,0.6
tbn,404,0,19,256.65,173.74,90.0,1.96
tbn,404,0,20,256.77,174.72,0.0,0.24
tbn,404,0,21,257.58,173.74,125.1489,2.3971
tbn,404,0,22,258.61,172.76,0.0,0.68
tbn,404,0,23,258.23,173.77,125.4842,2.4807
tbn,404,1,0,256.725,176.85,0.0,0.15
tbn,404,1,1,256.915,176.845,177.5078,0.2302
tbn,404,1,2,257.14,176.83,174.8084,0.2209
tbn,404,1,3,257.36,176.8,169.6931,0.2236
tbn,404,1,4,257.57,176.745,160.7092,0.2119
tbn,404,1,5,257.755,176.66,149.5304,0.1972
tbn,404,1,6,257.905,176.54,132.8832,0.191
tbn,404,1,7,258.015,176.375,115.345,0.2102
tbn,404,1,8,258.075,176.165,97.4308,0.232
tbn,404,1,9,258.075,175.93,82.875,0.2419
tbn,404,1,10,258.02,175.715,67.17,0.2062
tbn,404,1,11,257.915,175.55,47.1168,0.191
tbn,404,1,12,257.77,175.425,34.5118,0.1942
tbn,404,1,13,257.595,175.335,20.2266,0.2025
tbn,404,1,14,257.39,175.28,10.2993,0.2236
tbn,404,1,15,257.17,175.25,5.1994,0.2209
tbn,404,1,16,256.945,175.235,2.4846,0.2302
tbn,404,1,17,256.74,175.23,0.0,0.18
tbn,404,1,18,256.65,176.04,90.0,1.62
tbn,405,0,0,237.225,181.115,66.4555,3.4797
tbn,405,0,1,237.925,182.71,0.0,0.01
tbn,405,0,2,238.2,181.16,99.8815,3.1467
tbn,405,0,3,238.77,179.61,0.0,0.6
tbn,405,0,4,238.595,182.04,101.0603,4.952
tbn,405,0,5,237.325,182.65,66.4038,3.9721
tbn,405,0,6,235.74,182.65,113.464,3.9681
tbn,405,0,7,234.475,182.04,78.9397,4.952
tbn,405,0,8,234.3,179.61,0.0,0.6
tbn,405,0,9,234.87,181.155,80.0874,3.1368
tbn,405,0,10,235.145,182.7,0.0,0.01
tbn,405,0,11,235.84,181.11,113.4591,3.4665
tbn,406,0,0,239.86,184.2,0.0,0.6
tbn,406,0,1,239.56,181.905,90.0,4.59
tbn,406,0,2,239.86,179.61,0.0,0.6
tbn,406,0,3,240.16,181.905,90.0,4.59
tbn,407,0,0,241.285,184.2,0.0,0.59
tbn,407,0,1,240.99,181.905,90.0,4.59
tbn,407,0,2,241.99,179.61,0.0,2.0
tbn,407,0,3,242.99,179.865,90.0,0.51
tbn,407,0,4,242.285,180.12,0.0,1.41
tbn,407,0,5,241.58,182.16,90.0,4.08
tbn,408,0,0,243.645,184.2,0.0,0.59
tbn,408,0,1,243.35,181.905,90.0,4.59
tbn,408,0,2,243.645,179.61,0.0,0.59
tbn,408,0,3,243.94,181.905,90.0,4.59
tbn,409,0,0,246.595,183.69,0.0,1.09
tbn,409,0,1,247.14,183.945,90.0,0.51
tbn,409,0,2,245.745,184.2,0.0,2.79
tbn,409,0,3,244.35,183.945,90.0,0.51
tbn,409,0,4,244.9,183.69,0.0,1.1
tbn,409,0,5,245.45,181.65,90.0,4.08
tbn,409,0,6,245.75,179.61,0.0,0.6
tbn,409,0,7,246.05,181.65,90.0,4.08
tbn,410,0,0,250.595,180.205,114.0071,1.3027
tbn,410,0,1,251.17,179.61,0.0,0.62
tbn,410,0,2,250.375,182.025,114.5866,5.3116
tbn,410,0,3,248.16,182.025,65.3153,5.3158
tbn,410,0,4,247.36,179.61,0.0,0.62
tbn,410,0,5,247.935,180.205,65.9929,1.3027
tbn,410,0,6,249.265,180.8,0.0,2.13
tbn,410,1,0,249.265,181.31,0.0,1.65
tbn,410,1,1,248.855,182.245,66.0658,2.0459
tbn,410,1,2,249.68,182.245,113.6774,2.0419
tbn,411,0,0,253.45,181.65,14.0354,0.2474
tbn,411,0,1,253.68,181.725,22.2481,0.2377
tbn,411,0,2,253.88,181.835,35.8398,0.222
tbn,411,0,3,254.05,181.98,45.0,0.2263
tbn,411,0,4,254.195,182.155,55.6221,0.2302
tbn,411,0,5,254.305,182.355,66.7979,0.2285
tbn,411,0,6,254.38,182.57,74.7456,0.228
tbn,411,0,7,254.42,182.8,85.2352,0.2408
tbn,411,0,8,254.41,183.075,97.354,0.3126
tbn,411,0,9,254.335,183.38,110.1353,0.3195
tbn,411,0,10,254.185,183.66,126.1575,0.322
tbn,411,0,11,253.97,183.89,140.1959,0.3124
tbn,411,0,12,253.7,184.05,158.1996,0.3231
tbn,411,0,13,253.395,184.145,167.2743,0.3178
tbn,411,0,14,253.075,184.19,176.5337,0.3306
tbn,411,0,15,252.75,184.2,0.0,0.32
tbn,411,0,16,252.23,184.2,0.0,0.72
tbn,411,0,17,251.87,181.905,90.0,4.59
tbn,411,0,18,252.17,179.61,0.0,0.6
tbn,411,0,19,252.47,180.59,90.0,1.96
tbn,411,0,20,252.59,181.57,0.0,0.24
tbn,411,0,21,253.4,180.59,125.1482,2.3971
tbn,411,0,22,254.435,179.61,0.0,0.69
tbn,411,0,23,254.055,180.615,125.8062,2.4784
tbn,411,1,0,252.55,183.69,0.0,0.16
tbn,411,1,1,252.74,183.69,0.0,0.22
tbn,411,1,2,252.96,183.68,174.8006,0.2209
tbn,411,1,3,253.18,183.645,167.1988,0.2256
tbn,411,1,4,253.39,183.59,163.3012,0.2088
tbn,411,1,5,253.575,183.505,147.0907,0.2025
tbn,411,1,6,253.73,183.38,135.0031,0.198
tbn,411,1,7,253.84,183.22,113.9638,0.197
tbn,411,1,8,253.9,183.01,99.46,0.2433
tbn,411,1,9,253.905,182.77,82.875,0.2419
tbn,411,1,10,253.845,182.56,63.4349,0.2012
tbn,411,1,11,253.74,182.395,51.3402,0.1921
tbn,411,1,12,253.595,182.27,30.4651,0.1972
tbn,411,1,13,253.415,182.185,20.2281,0.2025
tbn,411,1,14,253.215,182.125,13.3889,0.2159
tbn,411,1,15,252.995,182.09,4.9747,0.2309
tbn,411,1,16,252.77,182.08,0.0,0.22
tbn,411,1,17,252.565,182.08,0.0,0.19
tbn,411,1,18,252.47,182.885,90.0,1.61
tbn,412,0,0,256.22,180.63,90.0,2.04
tbn,412,0,1,256.52,179.61,0.0,0.6
tbn,412,0,2,256.82,180.63,90.0,2.04
tbn,412,0,3,257.575,182.925,59.368,2.9635
tbn,412,0,4,257.995,184.2,0.0,0.67
tbn,412,0,5,257.09,183.24,59.2997,2.2329
tbn,412,0,6,255.95,183.24,120.6996,2.2329
tbn,412,0,7,255.05,184.2,0.0,0.66
tbn,412,0,8,255.47,182.925,120.4657,2.9585
tbn,413,0,0,275.95,40.27,90.0,0.52
tbn,413,0,1,274.82,40.53,0.0,2.26
tbn,413,0,2,273.69,38.23,90.0,4.6
tbn,413,0,3,273.99,35.93,0.0,0.6
tbn,413,0,4,274.29,37.08,90.0,2.3
tbn,413,0,5,275.09,38.23,0.0,1.6
tbn,413,0,6,275.89,38.485,90.0,0.51
tbn,413,0,7,275.09,38.74,0.0,1.6
tbn,413,0,8,274.29,39.375,90.0,1.27
tbn,413,0,9,275.12,40.01,0.0,1.66
tbn,414,0,0,278.56,40.69,4.7685,0.2408
tbn,414,0,1,278.32,40.665,7.1169,0.2419
tbn,414,0,2,278.085,40.62,14.6215,0.2377
tbn,414,0,3,277.86,40.55,19.9869,0.2341
tbn,414,0,4,277.645,40.46,25.4556,0.2326
tbn,414,0,5,277.44,40.35,30.965,0.2332
tbn,414,0,6,277.245,40.22,36.3869,0.236
tbn,414,0,7,277.065,40.07,43.2681,0.2335
tbn,414,0,8,276.9,39.905,46.7376,0.2334
tbn,414,0,9,276.75,39.725,53.6131,0.236
tbn,414,0,10,276.615,39.53,56.9767,0.2386
tbn,414,0,11,276.5,39.325,64.5312,0.2326
tbn,414,0,12,276.41,39.11,70.0226,0.2341
tbn,414,0,13,276.34,38.88,75.9638,0.2474
tbn,414,0,14,276.29,38.64,80.5353,0.2433
tbn,414,0,15,276.265,38.395,87.7072,0.2502
tbn,414,0,16,276.265,38.14,92.2047,0.2602
tbn,414,0,17,276.29,37.885,99.0922,0.2532
tbn,414,0,18,276.34,37.64,104.0362,0.2474
tbn,414,0,19,276.41,37.41,109.9774,0.2341
tbn,414,0,20,276.5,37.19,114.4481,0.2416
tbn,414,0,21,276.61,36.98,120.9612,0.2332
tbn,414,0,22,276.74,36.79,127.879,0.228
tbn,414,0,23,276.89,36.615,133.2678,0.2334
tbn,414,0,24,277.055,36.45,136.7267,0.2335
tbn,414,0,25,277.235,36.305,145.619,0.2302
tbn,414,0,26,277.43,36.18,149.0388,0.2332
tbn,414,0,27,277.635,36.07,154.5412,0.2326
tbn,414,0,28,277.855,35.985,163.0716,0.2404
tbn,414,0,29,278.085,35.92,165.3785,0.2377
tbn,414,0,30,278.32,35.875,172.8687,0.2419
tbn,414,0,31,278.56,35.85,175.246,0.2408
tbn,414,0,32,278.805,35.85,4.5645,0.2508
tbn,414,0,33,279.05,35.875,7.1322,0.2419
tbn,414,0,34,279.285,35.92,14.6196,0.2377
tbn,414,0,35,279.51,35.985,17.6518,0.2309
tbn,414,0,36,279.725,36.07,25.4588,0.2326
tbn,414,0,37,279.93,36.18,30.9612,0.2332
tbn,414,0,38,280.125,36.305,34.381,0.2302
tbn,414,0,39,280.305,36.45,43.2733,0.2335
tbn,414,0,40,280.47,36.615,46.7322,0.2334
tbn,414,0,41,280.62,36.79,52.121,0.228
tbn,414,0,42,280.75,36.98,59.0388,0.2332
tbn,414,0,43,280.865,37.19,63.4349,0.2459
tbn,414,0,44,280.96,37.41,70.0156,0.2341
tbn,414,0,45,281.03,37.64,75.9638,0.2474
tbn,414,0,46,281.08,37.885,80.9078,0.2532
tbn,414,0,47,281.105,38.14,87.8021,0.2602
tbn,414,0,48,281.105,38.395,92.2859,0.2502
tbn,414,0,49,281.08,38.64,99.4647,0.2433
tbn,414,0,50,281.03,38.88,104.0362,0.2474
tbn,414,0,51,280.955,39.11,112.2453,0.2377
tbn,414,0,52,280.86,39.325,115.4688,0.2326
tbn,414,0,53,280.75,39.53,120.9612,0.2332
tbn,414,0,54,280.62,39.725,126.3869,0.236
tbn,414,0,55,280.47,39.905,133.2678,0.2334
tbn,414,0,56,280.3,40.07,138.3592,0.2408
tbn,414,0,57,280.12,40.22,142.121,0.228
tbn,414,0,58,279.93,40.35,149.0388,0.2332
tbn,414,0,59,279.725,40.46,154.5412,0.2326
tbn,414,0,60,279.505,40.55,160.818,0.2435
tbn,414,0,61,279.275,40.62,165.3785,0.2377
tbn,414,0,62,279.045,40.665,172.5767,0.232
tbn,414,0,63,278.805,40.69,175.4216,0.2508
tbn,414,1,0,278.59,36.355,176.8363,0.1803
tbn,414,1,1,278.41,36.375,170.5282,0.1825
tbn,414,1,2,278.235,36.415,163.6155,0.1772
tbn,414,1,3,278.065,36.47,160.5621,0.1803
tbn,414,1,4,277.825,36.585,151.2624,0.3535
tbn,414,1,5,277.535,36.79,138.3592,0.3613
tbn,414,1,6,277.285,37.05,129.4052,0.3623
tbn,414,1,7,277.085,37.35,117.9765,0.3624
tbn,414,1,8,276.97,37.6,108.4349,0.1897
tbn,414,1,9,276.915,37.785,104.7485,0.1965
tbn,414,1,10,276.875,37.975,98.9722,0.1924
tbn,414,1,11,276.855,38.17,92.8563,0.2003
tbn,414,1,12,276.855,38.365,86.9935,0.1903
tbn,414,1,13,276.875,38.555,81.0278,0.1924
tbn,414,1,14,276.91,38.74,77.4681,0.1844
tbn,414,1,15,276.96,38.92,71.5651,0.1897
tbn,414,1,16,277.07,39.17,63.4349,0.3578
tbn,414,1,17,277.255,39.475,54.0893,0.358
tbn,414,1,18,277.495,39.735,40.4291,0.3547
tbn,414,1,19,277.785,39.94,30.1406,0.3585
tbn,414,1,20,278.025,40.065,22.3843,0.1838
tbn,414,1,21,278.2,40.12,12.5226,0.1844
tbn,414,1,22,278.385,40.155,8.9632,0.1924
tbn,414,1,23,278.58,40.175,2.865,0.2003
tbn,414,1,24,278.78,40.175,177.135,0.2003
tbn,414,1,25,278.975,40.155,171.0368,0.1924
tbn,414,1,26,279.16,40.12,167.4774,0.1844
tbn,414,1,27,279.335,40.065,157.6157,0.1838
tbn,414,1,28,279.575,39.94,149.8594,0.3585
tbn,414,1,29,279.865,39.735,139.5709,0.3547
tbn,414,1,30,280.11,39.475,127.1869,0.364
tbn,414,1,31,280.3,39.17,116.5651,0.3578
tbn,414,1,32,280.41,38.92,108.4349,0.1897
tbn,414,1,33,280.46,38.74,102.5226,0.1844
tbn,414,1,34,280.49,38.555,96.0148,0.1911
tbn,414,1,35,280.505,38.365,93.0065,0.1903
tbn,414,1,36,280.505,38.17,87.1437,0.2003
tbn,414,1,37,280.485,37.975,81.0278,0.1924
tbn,414,1,38,280.45,37.785,78.109,0.1942
tbn,414,1,39,280.4,37.6,71.5651,0.1897
tbn,414,1,40,280.28,37.35,60.6438,0.3672
tbn,414,1,41,280.08,37.05,51.8395,0.3561
tbn,414,1,42,279.835,36.79,41.6376,0.3613
tbn,414,1,43,279.545,36.585,28.7376,0.3535
tbn,414,1,44,279.305,36.47,19.4411,0.1803
tbn,414,1,45,279.135,36.415,16.3845,0.1772
tbn,414,1,46,278.96,36.375,9.4718,0.1825
tbn,414,1,47,278.775,36.355,2.9973,0.1903
tbn,415,0,0,283.25,37.97,14.0362,0.2474
tbn,415,0,1,283.48,38.045,22.2549,0.2377
tbn,415,0,2,283.68,38.155,35.8352,0.2221
tbn,415,0,3,283.85,38.3,45.0,0.2262
tbn,415,0,4,283.995,38.475,55.619,0.2302
tbn,415,0,5,284.105,38.675,66.8044,0.2285
tbn,415,0,6,284.18,38.89,74.7435,0.228
tbn,415,0,7,284.22,39.12,85.2315,0.2408
tbn,415,0,8,284.21,39.395,97.354,0.3126
tbn,415,0,9,284.135,39.7,110.1346,0.3195
tbn,415,0,10,283.985,39.98,126.1575,0.322
tbn,415,0,11,283.77,40.21,140.1951,0.3124
tbn,415,0,12,283.5,40.37,158.1986,0.3231
tbn,415,0,13,283.195,40.465,167.2743,0.3178
tbn,415,0,14,282.875,40.51,176.5286,0.3306
tbn,415,0,15,282.55,40.525,178.2082,0.3201
tbn,415,0,16,282.03,40.53,0.0,0.72
tbn,415,0,17,281.67,38.23,90.0,4.6
tbn,415,0,18,281.97,35.93,0.0,0.6
tbn,415,0,19,282.27,36.91,90.0,1.96
tbn,415,0,20,282.39,37.89,0.0,0.24
tbn,415,0,21,283.2,36.91,125.1485,2.3971
tbn,415,0,22,284.235,35.93,0.0,0.69
tbn,415,0,23,283.855,36.935,125.8065,2.4784
tbn,415,1,0,282.35,40.01,0.0,0.16
tbn,415,1,1,282.54,40.01,0.0,0.22
tbn,415,1,2,282.76,40.0,174.8006,0.2209
tbn,415,1,3,282.98,39.97,169.7007,0.2236
tbn,415,1,4,283.19,39.915,160.7092,0.2119
tbn,415,1,5,283.375,39.825,147.0956,0.2025
tbn,415,1,6,283.53,39.7,135.0,0.198
tbn,415,1,7,283.64,39.54,113.9598,0.197
tbn,415,1,8,283.7,39.33,99.4647,0.2433
tbn,415,1,9,283.705,39.095,82.5702,0.232
tbn,415,1,10,283.645,38.885,64.655,0.2102
tbn,415,1,11,283.54,38.715,51.3345,0.1921
tbn,415,1,12,283.395,38.59,30.4727,0.1973
tbn,415,1,13,283.215,38.505,20.2104,0.2025
tbn,415,1,14,283.015,38.445,13.4056,0.2159
tbn,415,1,15,282.795,38.41,4.9592,0.2309
tbn,415,1,16,282.57,38.4,0.0,0.22
tbn,415,1,17,282.365,38.4,0.0,0.19
tbn,415,1,18,282.27,39.205,90.0,1.61
tbn,416,0,0,286.825,40.01,0.0,1.09
tbn,416,0,1,287.37,40.27,90.0,0.52
tbn,416,0,2,285.975,40.53,0.0,2.79
tbn,416,0,3,284.58,40.27,90.0,0.52
tbn,416,0,4,285.13,40.01,0.0,1.1
tbn,416,0,5,285.68,37.97,90.0,4.08
tbn,416,0,6,285.98,35.93,0.0,0.6
tbn,416,0,7,286.28,37.97,90.0,4.08
tbn,417,0,0,289.865,40.53,0.0,0.59
tbn,417,0,1,289.57,38.23,90.0,4.6
tbn,417,0,2,290.57,35.9301,0.0,2.0
tbn,417,0,3,291.57,36.185,90.0,0.5099
tbn,417,0,4,290.865,36.44,0.0,1.41
tbn,417,0,5,290.16,38.485,90.0,4.09
tbn,418,0,0,293.18,35.93,0.0,2.5
tbn,418,0,1,294.43,36.185,90.0,0.51
tbn,418,0,2,293.475,36.44,0.0,1.91
tbn,418,0,3,292.52,37.335,90.0,1.79
tbn,418,0,4,293.445,38.23,0.0,1.85
tbn,418,0,5,294.37,38.485,90.0,0.51
tbn,418,0,6,293.445,38.74,0.0,1.85
tbn,418,0,7,292.52,39.375,90.0,1.27
tbn,418,0,8,293.475,40.01,0.0,1.91
tbn,418,0,9,294.43,40.27,90.0,0.52
tbn,418,0,10,293.18,40.53,0.0,2.5
tbn,418,0,11,291.93,38.23,90.0,4.6
tbn,419,0,0,297.085,40.69,4.5784,0.2508
tbn,419,0,1,296.84,40.665,7.1178,0.2419
tbn,419,0,2,296.605,40.62,14.6196,0.2377
tbn,419,0,3,296.38,40.55,19.9869,0.2341
tbn,419,0,4,296.165,40.46,25.4588,0.2326
tbn,419,0,5,295.96,40.35,30.9612,0.2332
tbn,419,0,6,295.765,40.22,36.3869,0.236
tbn,419,0,7,295.585,40.07,43.2733,0.2335
tbn,419,0,8,295.42,39.905,46.7322,0.2334
tbn,419,0,9,295.27,39.725,53.6131,0.236
tbn,419,0,10,295.14,39.53,59.0388,0.2332
tbn,419,0,11,295.025,39.325,62.3528,0.237
tbn,419,0,12,294.93,39.11,70.0156,0.2341
tbn,419,0,13,294.86,38.88,75.9638,0.2474
tbn,419,0,14,294.81,38.64,80.5353,0.2433
tbn,419,0,15,294.785,38.395,87.7141,0.2502
tbn,419,0,16,294.785,38.14,92.1979,0.2602
tbn,419,0,17,294.81,37.885,99.0922,0.2532
tbn,419,0,18,294.86,37.64,104.0362,0.2474
tbn,419,0,19,294.93,37.41,109.9844,0.2341
tbn,419,0,20,295.02,37.19,114.4416,0.2416
tbn,419,0,21,295.135,36.98,123.0233,0.2386
tbn,419,0,22,295.27,36.79,127.879,0.228
tbn,419,0,23,295.42,36.615,133.2678,0.2334
tbn,419,0,24,295.585,36.45,136.7267,0.2335
tbn,419,0,25,295.765,36.305,145.619,0.2302
tbn,419,0,26,295.96,36.18,149.0388,0.2332
tbn,419,0,27,296.165,36.07,154.5412,0.2326
tbn,419,0,28,296.38,35.985,162.3482,0.2309
tbn,419,0,29,296.605,35.92,165.3804,0.2377
tbn,419,0,30,296.84,35.875,172.8678,0.2419
tbn,419,0,31,297.085,35.85,175.4355,0.2508
tbn,419,0,32,297.33,35.85,4.754,0.2408
tbn,419,0,33,297.57,35.875,7.1313,0.2419
tbn,419,0,34,297.805,35.92,14.6215,0.2377
tbn,419,0,35,298.03,35.985,17.6518,0.2309
tbn,419,0,36,298.25,36.07,24.4386,0.2417
tbn,419,0,37,298.46,36.18,30.9612,0.2332
tbn,419,0,38,298.65,36.305,35.8398,0.222
tbn,419,0,39,298.83,36.45,41.6408,0.2408
tbn,419,0,40,298.995,36.615,48.5746,0.2267
tbn,419,0,41,299.14,36.79,52.121,0.228
tbn,419,0,42,299.275,36.98,56.9767,0.2386
tbn,419,0,43,299.39,37.19,65.5519,0.2416
tbn,419,0,44,299.48,37.41,70.0226,0.2341
tbn,419,0,45,299.55,37.64,75.9638,0.2474
tbn,419,0,46,299.6,37.885,80.9078,0.2532
tbn,419,0,47,299.625,38.14,87.7953,0.2602
tbn,419,0,48,299.625,38.395,92.2928,0.2502
tbn,419,0,49,299.6,38.64,99.4647,0.2433
tbn,419,0,50,299.55,38.88,104.0362,0.2474
tbn,419,0,51,299.48,39.11,109.9774,0.2341
tbn,419,0,52,299.385,39.325,117.6538,0.237
tbn,419,0,53,299.27,39.53,120.9612,0.2332
tbn,419,0,54,299.14,39.725,126.3869,0.236
tbn,419,0,55,298.99,39.905,133.2624,0.2334
tbn,419,0,56,298.825,40.07,136.7319,0.2335
tbn,419,0,57,298.645,40.22,143.6131,0.236
tbn,419,0,58,298.45,40.35,149.035,0.2332
tbn,419,0,59,298.245,40.46,154.5444,0.2326
tbn,419,0,60,298.03,40.55,160.0131,0.2341
tbn,419,0,61,297.805,40.62,165.3785,0.2377
tbn,419,0,62,297.57,40.665,172.8831,0.2419
tbn,419,0,63,297.33,40.69,175.2315,0.2408
tbn,419,1,0,297.115,36.355,177.0027,0.1903
tbn,419,1,1,296.93,36.375,170.5282,0.1825
tbn,419,1,2,296.755,36.415,163.6155,0.1772
tbn,419,1,3,296.585,36.47,160.5589,0.1803
tbn,419,1,4,296.345,36.585,151.2624,0.3535
tbn,419,1,5,296.055,36.79,138.3624,0.3613
tbn,419,1,6,295.805,37.05,129.4015,0.3623
tbn,419,1,7,295.605,37.35,117.9808,0.3624
tbn,419,1,8,295.49,37.6,108.4349,0.1897
tbn,419,1,9,295.435,37.785,104.7399,0.1965
tbn,419,1,10,295.395,37.975,98.9722,0.1924
tbn,419,1,11,295.375,38.17,92.865,0.2003
tbn,419,1,12,295.375,38.365,86.9843,0.1903
tbn,419,1,13,295.395,38.555,81.0278,0.1924
tbn,419,1,14,295.43,38.74,77.4774,0.1844
tbn,419,1,15,295.48,38.92,71.5651,0.1897
tbn,419,1,16,295.59,39.17,63.4349,0.3578
tbn,419,1,17,295.78,39.475,52.8131,0.364
tbn,419,1,18,296.02,39.735,41.5005,0.3472
tbn,419,1,19,296.31,39.94,29.3562,0.3672
tbn,419,1,20,296.555,40.065,22.3843,0.1838
tbn,419,1,21,296.73,40.12,12.5226,0.1844
tbn,419,1,22,296.915,40.155,8.9632,0.1924
tbn,419,1,23,297.11,40.175,2.865,0.2003
tbn,419,1,24,297.305,40.175,176.9843,0.1903
tbn,419,1,25,297.495,40.155,171.0368,0.1924
tbn,419,1,26,297.68,40.12,167.4774,0.1844
tbn,419,1,27,297.86,40.065,158.7467,0.1931
tbn,419,1,28,298.105,39.94,149.8594,0.3585
tbn,419,1,29,298.39,39.735,138.4995,0.3472
tbn,419,1,30,298.63,39.475,127.1869,0.364
tbn,419,1,31,298.82,39.17,116.5651,0.3578
tbn,419,1,32,298.93,38.92,108.4349,0.1897
tbn,419,1,33,298.98,38.74,102.5319,0.1844
tbn,419,1,34,299.015,38.555,98.9722,0.1924
tbn,419,1,35,299.035,38.365,93.0065,0.1903
tbn,419,1,36,299.035,38.17,87.1437,0.2003
tbn,419,1,37,299.015,37.975,81.0278,0.1924
tbn,419,1,38,298.975,37.785,75.2515,0.1965
tbn,419,1,39,298.92,37.6,71.5651,0.1897
tbn,419,1,40,298.805,37.35,62.0235,0.3624
tbn,419,1,41,298.605,37.05,50.5948,0.3623
tbn,419,1,42,298.355,36.79,41.6408,0.3613
tbn,419,1,43,298.065,36.585,28.7376,0.3535
tbn,419,1,44,297.825,36.47,19.4379,0.1803
tbn,419,1,45,297.655,36.415,16.3845,0.1772
tbn,419,1,46,297.48,36.375,9.4718,0.1825
tbn,419,1,47,297.3,36.355,3.1637,0.1803
tbn,420,0,0,300.495,35.93,0.0,0.59
tbn,420,0,1,300.79,37.66,90.0,3.46
tbn,420,0,2,302.495,37.565,133.0529,4.9951
tbn,420,0,3,304.2,38.135,90.0,4.79
tbn,420,0,4,303.9,40.53,0.0,0.6
tbn,420,0,5,303.6,38.85,90.0,3.36
tbn,420,0,6,301.9,38.96,133.5226,4.9373
tbn,420,0,7,300.2,38.34,90.0,4.82
tbn,421,0,0,308.035,36.525,114.0071,1.3027
tbn,421,0,1,308.61,35.93,0.0,0.62
tbn,421,0,2,307.815,38.345,114.5866,5.3116
tbn,421,0,3,305.605,38.345,65.4134,5.3116
tbn,421,0,4,304.81,35.93,0.0,0.62
tbn,421,0,5,305.385,36.525,65.9929,1.3027
tbn,421,0,6,306.71,37.12,0.0,2.12
tbn,421,1,0,306.71,37.63,0.0,1.64
tbn,421,1,1,306.3,38.565,66.3222,2.0419
tbn,421,1,2,307.12,38.565,113.6778,2.0419
tbn,422,0,0,310.895,37.97,13.4952,0.2571
tbn,422,0,1,311.125,38.045,23.2056,0.2285
tbn,422,0,2,311.325,38.155,34.381,0.2302
tbn,422,0,3,311.5,38.3,44.9945,0.2263
tbn,422,0,4,311.64,38.475,57.7257,0.2247
tbn,422,0,5,311.745,38.675,66.8044,0.2285
tbn,422,0,6,311.82,38.89,74.7435,0.228
tbn,422,0,7,311.86,39.12,85.2315,0.2408
tbn,422,0,8,311.85,39.395,97.354,0.3126
tbn,422,0,9,311.775,39.7,110.1346,0.3195
tbn,422,0,10,311.63,39.98,124.6976,0.3162
tbn,422,0,11,311.415,40.21,141.3385,0.3202
tbn,422,0,12,311.145,40.37,157.5199,0.3138
tbn,422,0,13,310.84,40.465,167.6599,0.3276
tbn,422,0,14,310.52,40.51,176.4203,0.3206
tbn,422,0,15,310.2,40.525,178.2084,0.3202
tbn,422,0,16,309.68,40.53,0.0,0.72
tbn,422,0,17,309.32,38.23,90.0,4.6
tbn,422,0,18,309.615,35.93,0.0,0.59
tbn,422,0,19,309.91,36.91,90.0,1.96
tbn,422,0,20,310.035,37.89,0.0,0.25
tbn,422,0,21,310.85,36.91,125.1479,2.3971
tbn,422,0,22,311.88,35.93,0.0,0.68
tbn,422,0,23,311.495,36.935,125.8065,2.4784
tbn,422,1,0,309.99,40.01,0.0,0.16
tbn,422,1,1,310.18,40.01,0.0,0.22
tbn,422,1,2,310.405,40.0,175.0257,0.2309
tbn,422,1,3,310.63,39.97,169.7007,0.2236
tbn,422,1,4,310.835,39.915,159.7734,0.2025
tbn,422,1,5,311.02,39.825,148.5728,0.2109
tbn,422,1,6,311.175,39.7,132.877,0.1911
tbn,422,1,7,311.285,39.54,116.5651,0.2012
tbn,422,1,8,311.345,39.33,97.125,0.2419
tbn,422,1,9,311.345,39.095,82.5702,0.232
tbn,422,1,10,311.29,38.885,67.17,0.2062
tbn,422,1,11,311.185,38.715,49.0776,0.1985
tbn,422,1,12,311.04,38.59,32.0142,0.1887
tbn,422,1,13,310.865,38.505,20.2104,0.2025
tbn,422,1,14,310.66,38.445,12.8163,0.2256
tbn,422,1,15,310.44,38.41,5.1837,0.2209
tbn,422,1,16,310.215,38.4,0.0,0.23
tbn,422,1,17,310.005,38.4,0.0,0.19
tbn,422,1,18,309.91,39.205,90.0,1.61
tbn,423,0,0,313.125,35.93,0.0,0.95
tbn,423,0,1,313.735,35.935,2.1233,0.2702
tbn,423,0,2,314.0,35.95,4.4028,0.2608
tbn,423,0,3,314.255,35.985,11.3072,0.2549
tbn,423,0,4,314.5,36.04,14.0362,0.2474
tbn,423,0,5,314.735,36.11,19.1684,0.2435
tbn,423,0,6,314.96,36.2,24.4517,0.2417
tbn,423,0,7,315.17,36.305,28.8098,0.2282
tbn,423,0,8,315.365,36.43,36.3869,0.236
tbn,423,0,9,315.54,36.575,43.1448,0.2193
tbn,423,0,10,315.695,36.735,48.5848,0.2267
tbn,423,0,11,315.84,36.915,53.6131,0.236
tbn,423,0,12,315.965,37.115,62.3528,0.237
tbn,423,0,13,316.06,37.335,70.8204,0.2436
tbn,423,0,14,316.135,37.575,74.3627,0.2596
tbn,423,0,15,316.19,37.83,81.2523,0.2631
tbn,423,0,16,316.215,38.105,88.023,0.2902
tbn,423,0,17,316.215,38.39,92.0476,0.2801
tbn,423,0,18,316.19,38.66,98.7477,0.2631
tbn,423,0,19,316.135,38.91,106.2557,0.25
tbn,423,0,20,316.055,39.145,111.3729,0.247
tbn,423,0,21,315.955,39.36,118.8061,0.2283
tbn,423,0,22,315.835,39.555,124.3896,0.2302
tbn,423,0,23,315.695,39.735,131.4152,0.2267
tbn,423,0,24,315.535,39.895,138.5855,0.2267
tbn,423,0,25,315.355,40.035,145.619,0.2302
tbn,423,0,26,315.16,40.155,151.1768,0.2283
tbn,423,0,27,314.955,40.26,154.5412,0.2326
tbn,423,0,28,314.735,40.35,160.818,0.2435
tbn,423,0,29,314.5,40.42,165.9638,0.2474
tbn,423,0,30,314.26,40.47,170.5436,0.2433
tbn,423,0,31,314.01,40.505,173.4112,0.2617
tbn,423,0,32,313.75,40.525,177.8088,0.2602
tbn,423,0,33,313.135,40.53,0.0,0.97
tbn,423,0,34,312.65,38.23,90.0,4.6
tbn,423,1,0,313.34,40.01,0.0,0.2
tbn,423,1,1,313.55,40.01,0.0,0.22
tbn,423,1,2,313.765,40.0,174.5542,0.2109
tbn,423,1,3,313.975,39.98,174.5542,0.2109
tbn,423,1,4,314.18,39.945,165.9679,0.2062
tbn,423,1,5,314.375,39.895,165.2601,0.1965
tbn,423,1,6,314.56,39.835,158.7467,0.1931
tbn,423,1,7,314.735,39.76,154.7959,0.1879
tbn,423,1,8,314.895,39.675,149.0448,0.1749
tbn,423,1,9,315.045,39.57,141.3402,0.1921
tbn,423,1,10,315.18,39.45,135.0,0.1697
tbn,423,1,11,315.295,39.315,126.2533,0.186
tbn,423,1,12,315.4,39.16,122.0034,0.1886
tbn,423,1,13,315.485,38.985,110.2266,0.2025
tbn,423,1,14,315.55,38.79,106.6976,0.2088
tbn,423,1,15,315.595,38.58,97.7637,0.2221
tbn,423,1,16,315.62,38.35,94.7685,0.2408
tbn,423,1,17,315.62,38.105,85.4216,0.2508
tbn,423,1,18,315.595,37.87,82.2341,0.222
tbn,423,1,19,315.55,37.66,73.3024,0.2088
tbn,423,1,20,315.485,37.47,68.7467,0.1931
tbn,423,1,21,315.4,37.3,58.0064,0.1887
tbn,423,1,22,315.295,37.145,53.7355,0.186
tbn,423,1,23,315.18,37.005,47.2928,0.1769
tbn,423,1,24,315.045,36.885,36.2513,0.186
tbn,423,1,25,314.895,36.78,33.7008,0.1803
tbn,423,1,26,314.735,36.69,25.2041,0.1879
tbn,423,1,27,314.56,36.615,21.2364,0.1931
tbn,423,1,28,314.375,36.555,14.7572,0.1965
tbn,423,1,29,314.18,36.51,11.3032,0.204
tbn,423,1,30,313.975,36.475,8.1219,0.2121
tbn,423,1,31,313.765,36.45,5.4458,0.2109
tbn,423,1,32,313.55,36.44,0.0,0.22
tbn,423,1,33,313.34,36.44,0.0,0.2
tbn,423,1,34,313.24,38.225,90.0,3.57
tbn,424,0,0,318.295,40.53,0.0,0.63
tbn,424,0,1,318.945,38.145,112.0287,5.1457
tbn,424,0,2,320.565,37.455,68.8721,3.6343
tbn,424,0,3,321.875,37.455,111.1284,3.6343
tbn,424,0,4,323.49,38.145,68.0747,5.1419
tbn,424,0,5,324.135,40.53,0.0,0.63
tbn,424,0,6,323.175,38.89,68.5312,3.5246
tbn,424,0,7,321.875,38.975,110.7926,3.6904
tbn,424,0,8,320.565,39.015,68.7577,3.6157
tbn,424,0,9,319.26,38.93,112.1092,3.454
tbn,425,0,0,326.75,40.69,4.7685,0.2408
tbn,425,0,1,326.51,40.665,7.1169,0.2419
tbn,425,0,2,326.275,40.62,14.6215,0.2377
tbn,425,0,3,326.05,40.55,19.9869,0.2341
tbn,425,0,4,325.835,40.46,25.4556,0.2326
tbn,425,0,5,325.63,40.35,30.965,0.2332
tbn,425,0,6,325.435,40.22,36.3869,0.236
tbn,425,0,7,325.255,40.07,43.2681,0.2335
tbn,425,0,8,325.09,39.905,46.7376,0.2334
tbn,425,0,9,324.94,39.725,53.6131,0.236
tbn,425,0,10,324.81,39.53,59.0388,0.2332
tbn,425,0,11,324.695,39.325,62.3462,0.237
tbn,425,0,12,324.6,39.11,70.0226,0.2341
tbn,425,0,13,324.53,38.88,75.9638,0.2474
tbn,425,0,14,324.48,38.64,80.5353,0.2433
tbn,425,0,15,324.455,38.395,87.7072,0.2502
tbn,425,0,16,324.455,38.14,92.2047,0.2602
tbn,425,0,17,324.48,37.885,99.0922,0.2532
tbn,425,0,18,324.53,37.64,104.0362,0.2474
tbn,425,0,19,324.6,37.41,109.9774,0.2341
tbn,425,0,20,324.69,37.19,114.4481,0.2416
tbn,425,0,21,324.805,36.98,123.0233,0.2386
tbn,425,0,22,324.94,36.79,127.879,0.228
tbn,425,0,23,325.085,36.615,131.4254,0.2267
tbn,425,0,24,325.25,36.45,138.3592,0.2408
tbn,425,0,25,325.43,36.305,144.1602,0.222
tbn,425,0,26,325.62,36.18,149.0388,0.2332
tbn,425,0,27,325.83,36.07,155.5614,0.2417
tbn,425,0,28,326.05,35.985,162.3482,0.2309
tbn,425,0,29,326.275,35.92,165.3785,0.2377
tbn,425,0,30,326.51,35.875,172.8687,0.2419
tbn,425,0,31,326.75,35.85,175.246,0.2408
tbn,425,0,32,326.995,35.85,4.5645,0.2508
tbn,425,0,33,327.24,35.875,7.1322,0.2419
tbn,425,0,34,327.475,35.92,14.6196,0.2377
tbn,425,0,35,327.7,35.985,17.6518,0.2309
tbn,425,0,36,327.915,36.07,25.4588,0.2326
tbn,425,0,37,328.12,36.18,30.9612,0.2332
tbn,425,0,38,328.315,36.305,34.381,0.2302
tbn,425,0,39,328.495,36.45,43.2733,0.2335
tbn,425,0,40,328.66,36.615,46.7322,0.2334
tbn,425,0,41,328.81,36.79,52.121,0.228
tbn,425,0,42,328.94,36.98,59.0388,0.2332
tbn,425,0,43,329.055,37.19,63.4349,0.2459
tbn,425,0,44,329.15,37.41,70.0156,0.2341
tbn,425,0,45,329.22,37.64,75.9638,0.2474
tbn,425,0,46,329.27,37.885,80.9078,0.2532
tbn,425,0,47,329.295,38.14,87.8021,0.2602
tbn,425,0,48,329.295,38.395,92.2859,0.2502
tbn,425,0,49,329.27,38.64,99.4647,0.2433
tbn,425,0,50,329.22,38.88,104.0362,0.2474
tbn,425,0,51,329.15,39.11,109.9844,0.2341
tbn,425,0,52,329.055,39.325,117.6472,0.237
tbn,425,0,53,328.94,39.53,120.9612,0.2332
tbn,425,0,54,328.81,39.725,126.3869,0.236
tbn,425,0,55,328.66,39.905,133.2678,0.2334
tbn,425,0,56,328.495,40.07,136.7267,0.2335
tbn,425,0,57,328.315,40.22,143.6131,0.236
tbn,425,0,58,328.12,40.35,149.0388,0.2332
tbn,425,0,59,327.915,40.46,154.5412,0.2326
tbn,425,0,60,327.695,40.55,160.818,0.2435
tbn,425,0,61,327.465,40.62,165.3785,0.2377
tbn,425,0,62,327.235,40.665,172.5767,0.232
tbn,425,0,63,326.995,40.69,175.4216,0.2508
tbn,425,1,0,326.78,36.355,176.8363,0.1803
tbn,425,1,1,326.6,36.375,170.5282,0.1825
tbn,425,1,2,326.425,36.415,163.6155,0.1772
tbn,425,1,3,326.255,36.47,160.5621,0.1803
tbn,425,1,4,326.015,36.585,151.2624,0.3535
tbn,425,1,5,325.725,36.79,138.3592,0.3613
tbn,425,1,6,325.475,37.05,129.4052,0.3623
tbn,425,1,7,325.275,37.35,117.9765,0.3624
tbn,425,1,8,325.16,37.6,108.4349,0.1897
tbn,425,1,9,325.105,37.785,104.7485,0.1965
tbn,425,1,10,325.065,37.975,98.9722,0.1924
tbn,425,1,11,325.045,38.17,92.8563,0.2003
tbn,425,1,12,325.045,38.365,86.9935,0.1903
tbn,425,1,13,325.065,38.555,81.0278,0.1924
tbn,425,1,14,325.1,38.74,77.4681,0.1844
tbn,425,1,15,325.15,38.92,71.5651,0.1897
tbn,425,1,16,325.26,39.17,63.4349,0.3578
tbn,425,1,17,325.445,39.475,54.0893,0.358
tbn,425,1,18,325.685,39.735,40.4291,0.3547
tbn,425,1,19,325.975,39.94,30.1406,0.3585
tbn,425,1,20,326.215,40.065,22.3843,0.1838
tbn,425,1,21,326.395,40.12,11.8822,0.1942
tbn,425,1,22,326.585,40.155,8.9632,0.1924
tbn,425,1,23,326.775,40.175,3.0157,0.1903
tbn,425,1,24,326.97,40.175,177.135,0.2003
tbn,425,1,25,327.165,40.155,171.0368,0.1924
tbn,425,1,26,327.35,40.12,167.4774,0.1844
tbn,425,1,27,327.525,40.065,157.6157,0.1838
tbn,425,1,28,327.77,39.94,150.6438,0.3672
tbn,425,1,29,328.06,39.735,138.4995,0.3472
tbn,425,1,30,328.3,39.475,127.1869,0.364
tbn,425,1,31,328.49,39.17,116.5651,0.3578
tbn,425,1,32,328.6,38.92,108.4349,0.1897
tbn,425,1,33,328.65,38.74,102.5226,0.1844
tbn,425,1,34,328.685,38.555,98.9722,0.1924
tbn,425,1,35,328.7,38.365,90.0,0.19
tbn,425,1,36,328.695,38.17,87.1437,0.2003
tbn,425,1,37,328.68,37.975,83.9852,0.1911
tbn,425,1,38,328.645,37.785,75.2601,0.1965
tbn,425,1,39,328.59,37.6,71.5651,0.1897
tbn,425,1,40,328.475,37.35,62.0192,0.3624
tbn,425,1,41,328.275,37.05,50.5985,0.3623
tbn,425,1,42,328.025,36.79,41.6376,0.3613
tbn,425,1,43,327.735,36.585,28.7376,0.3535
tbn,425,1,44,327.495,36.47,19.4411,0.1803
tbn,425,1,45,327.325,36.415,16.3845,0.1772
tbn,425,1,46,327.15,36.375,9.4718,0.1825
tbn,425,1,47,326.965,36.355,2.9973,0.1903
tbn,426,0,0,331.83,40.69,4.7685,0.2408
tbn,426,0,1,331.59,40.665,7.1169,0.2419
tbn,426,0,2,331.355,40.62,14.6215,0.2377
tbn,426,0,3,331.13,40.55,19.9869,0.2341
tbn,426,0,4,330.91,40.46,24.4386,0.2417
tbn,426,0,5,330.7,40.35,30.9612,0.2332
tbn,426,0,6,330.51,40.22,37.879,0.228
tbn,426,0,7,330.33,40.07,41.6408,0.2408
tbn,426,0,8,330.165,39.905,48.5746,0.2267
tbn,426,0,9,330.015,39.725,51.7057,0.2421
tbn,426,0,10,329.88,39.53,59.0388,0.2332
tbn,426,0,11,329.77,39.325,64.5312,0.2326
tbn,426,0,12,329.675,39.11,67.7547,0.2377
tbn,426,0,13,329.6,38.88,75.9638,0.2474
tbn,426,0,14,329.555,38.64,82.875,0.2419
tbn,426,0,15,329.53,38.395,85.4286,0.2508
tbn,426,0,16,329.53,38.14,94.3961,0.2608
tbn,426,0,17,329.555,37.885,96.8425,0.2518
tbn,426,0,18,329.6,37.64,104.0362,0.2474
tbn,426,0,19,329.675,37.41,112.2453,0.2377
tbn,426,0,20,329.77,37.19,114.4481,0.2416
tbn,426,0,21,329.88,36.98,120.9612,0.2332
tbn,426,0,22,330.01,36.79,127.879,0.228
tbn,426,0,23,330.16,36.615,133.2678,0.2334
tbn,426,0,24,330.325,36.45,136.7267,0.2335
tbn,426,0,25,330.505,36.305,145.619,0.2302
tbn,426,0,26,330.7,36.18,149.0388,0.2332
tbn,426,0,27,330.905,36.07,154.5412,0.2326
tbn,426,0,28,331.12,35.985,162.3482,0.2309
tbn,426,0,29,331.345,35.92,165.3804,0.2377
tbn,426,0,30,331.58,35.875,172.8678,0.2419
tbn,426,0,31,331.825,35.85,175.4355,0.2508
tbn,426,0,32,332.07,35.85,4.754,0.2408
tbn,426,0,33,332.31,35.875,7.1313,0.2419
tbn,426,0,34,332.55,35.92,14.0362,0.2474
tbn,426,0,35,332.78,35.985,17.6518,0.2309
tbn,426,0,36,332.995,36.07,25.4588,0.2326
tbn,426,0,37,333.2,36.18,30.9612,0.2332
tbn,426,0,38,333.395,36.305,34.381,0.2302
tbn,426,0,39,333.575,36.45,43.2733,0.2335
tbn,426,0,40,333.74,36.615,46.7322,0.2334
tbn,426,0,41,333.89,36.79,52.121,0.228
tbn,426,0,42,334.02,36.98,59.0388,0.2332
tbn,426,0,43,334.13,37.19,65.5519,0.2416
tbn,426,0,44,334.225,37.41,67.7547,0.2377
tbn,426,0,45,334.3,37.64,75.9638,0.2474
tbn,426,0,46,334.345,37.885,83.1575,0.2518
tbn,426,0,47,334.37,38.14,85.6039,0.2608
tbn,426,0,48,334.37,38.395,94.5714,0.2508
tbn,426,0,49,334.34,38.64,99.4647,0.2433
tbn,426,0,50,334.29,38.88,104.0362,0.2474
tbn,426,0,51,334.22,39.11,109.9774,0.2341
tbn,426,0,52,334.13,39.325,115.4688,0.2326
tbn,426,0,53,334.015,39.53,123.0233,0.2386
tbn,426,0,54,333.88,39.725,126.3869,0.236
tbn,426,0,55,333.73,39.905,133.2624,0.2334
tbn,426,0,56,333.565,40.07,136.7319,0.2335
tbn,426,0,57,333.385,40.22,143.6131,0.236
tbn,426,0,58,333.19,40.35,149.035,0.2332
tbn,426,0,59,332.985,40.46,154.5444,0.2326
tbn,426,0,60,332.77,40.55,160.0131,0.2341
tbn,426,0,61,332.545,40.62,165.3785,0.2377
tbn,426,0,62,332.31,40.665,172.8831,0.2419
tbn,426,0,63,332.07,40.69,175.2315,0.2408
tbn,426,1,0,331.86,36.355,176.8363,0.1803
tbn,426,1,1,331.68,36.375,170.5282,0.1825
tbn,426,1,2,331.5,36.415,164.4814,0.1868
tbn,426,1,3,331.325,36.47,160.5589,0.1803
tbn,426,1,4,331.085,36.585,151.2624,0.3535
tbn,426,1,5,330.795,36.79,138.3624,0.3613
tbn,426,1,6,330.55,37.05,128.1605,0.3561
tbn,426,1,7,330.35,37.35,119.3562,0.3672
tbn,426,1,8,330.23,37.6,108.4349,0.1897
tbn,426,1,9,330.18,37.785,101.891,0.1942
tbn,426,1,10,330.145,37.975,98.9722,0.1924
tbn,426,1,11,330.125,38.17,92.8563,0.2003
tbn,426,1,12,330.125,38.365,86.9935,0.1903
tbn,426,1,13,330.14,38.555,83.9852,0.1911
tbn,426,1,14,330.175,38.74,74.4789,0.1868
tbn,426,1,15,330.225,38.92,74.4789,0.1868
tbn,426,1,16,330.33,39.17,63.4349,0.3578
tbn,426,1,17,330.52,39.475,52.8131,0.364
tbn,426,1,18,330.765,39.735,40.4291,0.3547
tbn,426,1,19,331.055,39.94,30.1406,0.3585
tbn,426,1,20,331.295,40.065,22.3843,0.1838
tbn,426,1,21,331.47,40.12,12.5226,0.1844
tbn,426,1,22,331.655,40.155,8.9632,0.1924
tbn,426,1,23,331.85,40.175,2.865,0.2003
tbn,426,1,24,332.05,40.175,177.135,0.2003
tbn,426,1,25,332.245,40.155,171.0368,0.1924
tbn,426,1,26,332.43,40.12,167.4774,0.1844
tbn,426,1,27,332.605,40.065,157.6157,0.1838
tbn,426,1,28,332.845,39.94,149.8594,0.3585
tbn,426,1,29,333.135,39.735,139.5709,0.3547
tbn,426,1,30,333.375,39.475,125.9107,0.358
tbn,426,1,31,333.56,39.17,116.5651,0.3578
tbn,426,1,32,333.67,38.92,108.4349,0.1897
tbn,426,1,33,333.725,38.74,105.5211,0.1868
tbn,426,1,34,333.76,38.555,96.0148,0.1911
tbn,426,1,35,333.775,38.365,93.0065,0.1903
tbn,426,1,36,333.775,38.17,87.1437,0.2003
tbn,426,1,37,333.755,37.975,81.0278,0.1924
tbn,426,1,38,333.72,37.785,78.109,0.1942
tbn,426,1,39,333.665,37.6,68.7467,0.1931
tbn,426,1,40,333.545,37.35,62.0235,0.3624
tbn,426,1,41,333.35,37.05,51.8395,0.3561
tbn,426,1,42,333.1,36.79,40.6075,0.3688
tbn,426,1,43,332.805,36.585,28.7376,0.3535
tbn,426,1,44,332.57,36.47,20.5548,0.1709
tbn,426,1,45,332.4,36.415,15.5186,0.1868
tbn,426,1,46,332.22,36.375,9.4718,0.1825
tbn,426,1,47,332.04,36.355,3.1637,0.1803
tbn,427,0,0,335.415,35.93,0.0,0.95
tbn,427,0,1,336.025,35.935,2.1233,0.2702
tbn,427,0,2,336.29,35.95,4.4028,0.2608
tbn,427,0,3,336.55,35.985,10.8838,0.2647
tbn,427,0,4,336.8,36.04,14.0345,0.2474
tbn,427,0,5,337.035,36.11,19.1708,0.2435
tbn,427,0,6,337.255,36.2,25.4692,0.2326
tbn,427,0,7,337.46,36.305,28.8098,0.2282
tbn,427,0,8,337.655,36.43,36.3869,0.236
tbn,427,0,9,337.835,36.575,41.4145,0.2267
tbn,427,0,10,337.995,36.735,48.5848,0.2267
tbn,427,0,11,338.135,36.915,55.619,0.2302
tbn,427,0,12,338.255,37.115,62.3528,0.237
tbn,427,0,13,338.355,37.335,68.6337,0.247
tbn,427,0,14,338.43,37.575,76.5048,0.2571
tbn,427,0,15,338.48,37.83,81.2523,0.2631
tbn,427,0,16,338.505,38.105,88.023,0.2902
tbn,427,0,17,338.505,38.39,92.0476,0.2801
tbn,427,0,18,338.48,38.66,98.7477,0.2631
tbn,427,0,19,338.43,38.91,104.0362,0.2474
tbn,427,0,20,338.355,39.145,111.3663,0.247
tbn,427,0,21,338.255,39.36,118.8061,0.2283
tbn,427,0,22,338.13,39.555,126.3957,0.236
tbn,427,0,23,337.985,39.735,131.4152,0.2267
tbn,427,0,24,337.825,39.895,138.5855,0.2267
tbn,427,0,25,337.65,40.035,144.1602,0.222
tbn,427,0,26,337.455,40.155,152.3431,0.2371
tbn,427,0,27,337.245,40.26,154.5412,0.2326
tbn,427,0,28,337.025,40.35,160.818,0.2435
tbn,427,0,29,336.795,40.42,165.3804,0.2377
tbn,427,0,30,336.555,40.47,170.9146,0.2532
tbn,427,0,31,336.3,40.505,173.4112,0.2617
tbn,427,0,32,336.04,40.525,177.8088,0.2602
tbn,427,0,33,335.425,40.53,0.0,0.97
tbn,427,0,34,334.94,38.23,90.0,4.6
tbn,427,1,0,335.64,40.01,0.0,0.2
tbn,427,1,1,335.845,40.01,0.0,0.21
tbn,427,1,2,336.06,40.0,174.8006,0.2209
tbn,427,1,3,336.27,39.98,174.2833,0.201
tbn,427,1,4,336.47,39.945,165.9679,0.2062
tbn,427,1,5,336.665,39.895,165.2601,0.1965
tbn,427,1,6,336.85,39.835,158.7467,0.1931
tbn,427,1,7,337.025,39.76,154.7959,0.1879
tbn,427,1,8,337.19,39.675,150.6474,0.1835
tbn,427,1,9,337.34,39.57,139.4028,0.1844
tbn,427,1,10,337.475,39.45,137.2928,0.1769
tbn,427,1,11,337.595,39.315,126.2458,0.186
tbn,427,1,12,337.695,39.16,119.3609,0.1836
tbn,427,1,13,337.78,38.985,112.8378,0.2062
tbn,427,1,14,337.845,38.79,104.0321,0.2062
tbn,427,1,15,337.89,38.58,100.3055,0.2236
tbn,427,1,16,337.915,38.35,92.3884,0.2402
tbn,427,1,17,337.915,38.105,87.7072,0.2502
tbn,427,1,18,337.89,37.87,79.6917,0.2236
tbn,427,1,19,337.845,37.66,75.9679,0.2062
tbn,427,1,20,337.78,37.47,66.0321,0.197
tbn,427,1,21,337.695,37.3,60.6485,0.1836
tbn,427,1,22,337.595,37.145,53.7431,0.186
tbn,427,1,23,337.475,37.005,45.0,0.1839
tbn,427,1,24,337.34,36.885,38.1506,0.178
tbn,427,1,25,337.19,36.78,32.0191,0.1887
tbn,427,1,26,337.025,36.69,25.2041,0.1879
tbn,427,1,27,336.85,36.615,21.2364,0.1931
tbn,427,1,28,336.665,36.555,14.7572,0.1965
tbn,427,1,29,336.47,36.51,11.3032,0.204
tbn,427,1,30,336.27,36.475,8.5226,0.2022
tbn,427,1,31,336.06,36.45,5.1994,0.2209
tbn,427,1,32,335.845,36.44,0.0,0.21
tbn,427,1,33,335.64,36.44,0.0,0.2
tbn,427,1,34,335.54,38.225,90.0,3.57
tbn,428,0,0,339.28,35.785,67.0112,1.7924
tbn,428,0,1,339.105,34.89,158.2055,0.3769
tbn,428,0,2,339.7,35.62,62.3003,1.8071
tbn,428,0,3,339.875,36.515,158.8053,0.5255
tbn,429,0,0,345.435,37.44,66.5209,3.4889
tbn,429,0,1,346.135,39.04,0.0,0.01
tbn,429,0,2,346.41,37.485,99.8505,3.1565
tbn,429,0,3,346.98,35.9301,0.0,0.6
tbn,429,0,4,346.805,38.36,101.0605,4.952
tbn,429,0,5,345.535,38.97,66.4038,3.9721
tbn,429,0,6,343.95,38.97,113.4638,3.9681
tbn,429,0,7,342.685,38.36,78.9395,4.952
tbn,429,0,8,342.51,35.9301,0.0,0.6
tbn,429,0,9,343.08,37.475,80.0875,3.1368
tbn,429,0,10,343.355,39.02,0.0,0.01
tbn,429,0,11,344.05,37.43,113.4591,3.4665
tbn,430,0,0,348.07,40.53,0.0,0.6
tbn,430,0,1,347.77,38.23,90.0,4.6
tbn,430,0,2,348.07,35.9301,0.0,0.6
tbn,430,0,3,348.37,38.23,90.0,4.6
tbn,431,0,0,351.715,40.1,124.5095,0.1941
tbn,431,0,1,351.6,40.245,132.7144,0.1769
tbn,431,0,2,351.475,40.37,137.2861,0.1769
tbn,431,0,3,351.335,40.475,149.0328,0.175
tbn,431,0,4,351.185,40.56,151.9215,0.17
tbn,431,0,5,351.025,40.625,163.6127,0.1772
tbn,431,0,6,350.85,40.665,170.5487,0.1825
tbn,431,0,7,350.665,40.69,173.9852,0.1911
tbn,431,0,8,350.44,40.69,4.4033,0.2607
tbn,431,0,9,350.185,40.65,13.4952,0.2571
tbn,431,0,10,349.945,40.57,23.4925,0.2508
tbn,431,0,11,349.725,40.455,31.7615,0.247
tbn,431,0,12,349.535,40.305,44.9949,0.2404
tbn,431,0,13,349.38,40.12,55.0127,0.2441
tbn,431,0,14,349.27,39.9,71.5607,0.253
tbn,431,0,15,349.215,39.645,83.6605,0.2717
tbn,431,0,16,349.21,39.395,94.975,0.2309
tbn,431,0,17,349.25,39.18,106.6976,0.2088
tbn,431,0,18,349.33,38.99,119.0497,0.2059
tbn,431,0,19,349.445,38.825,130.9108,0.1985
tbn,431,0,20,349.585,38.685,139.0892,0.1985
tbn,431,0,21,349.75,38.565,148.5728,0.2109
tbn,431,0,22,349.93,38.455,148.5728,0.2109
tbn,431,0,23,350.12,38.355,155.7672,0.2193
tbn,431,0,24,350.375,38.245,157.2481,0.3362
tbn,431,0,25,350.675,38.105,152.6541,0.3265
tbn,431,0,26,350.95,37.94,145.3069,0.3162
tbn,431,0,27,351.13,37.795,132.2634,0.1487
tbn,431,0,28,351.22,37.675,121.6143,0.1526
tbn,431,0,29,351.285,37.53,107.3565,0.1677
tbn,431,0,30,351.315,37.365,93.3598,0.1703
tbn,431,0,31,351.315,37.185,86.9935,0.1903
tbn,431,0,32,351.285,37.005,73.6032,0.1772
tbn,431,0,33,351.225,36.845,64.994,0.1655
tbn,431,0,34,351.14,36.7,54.4635,0.1721
tbn,431,0,35,351.025,36.575,40.2315,0.1703
tbn,431,0,36,350.89,36.475,32.7403,0.1665
tbn,431,0,37,350.74,36.4,20.5584,0.1709
tbn,431,0,38,350.57,36.36,6.3263,0.1811
tbn,431,0,39,350.39,36.36,173.6726,0.1811
tbn,431,0,40,350.215,36.395,163.5965,0.1772
tbn,431,0,41,350.055,36.46,151.9396,0.17
tbn,431,0,42,349.91,36.555,141.8279,0.1781
tbn,431,0,43,349.785,36.675,130.2526,0.1703
tbn,431,0,44,349.69,36.815,118.0646,0.17
tbn,431,0,45,349.625,36.975,106.3968,0.1772
tbn,431,0,46,349.59,37.155,96.0057,0.1911
tbn,431,0,47,349.285,37.19,11.4962,0.6021
tbn,431,0,48,349.02,36.99,102.0956,0.2863
tbn,431,0,49,349.1,36.73,112.6219,0.26
tbn,431,0,50,349.22,36.5,122.4645,0.2608
tbn,431,0,51,349.38,36.295,133.4552,0.2617
tbn,431,0,52,349.57,36.125,143.1343,0.25
tbn,431,0,53,349.785,35.995,154.4317,0.255
tbn,431,0,54,350.03,35.905,164.9305,0.2693
tbn,431,0,55,350.295,35.855,173.6662,0.2716
tbn,431,0,56,350.58,35.855,5.7048,0.3015
tbn,431,0,57,350.87,35.91,15.9487,0.2912
tbn,431,0,58,351.135,36.01,25.6401,0.2773
tbn,431,0,59,351.37,36.155,37.6913,0.278
tbn,431,0,60,351.575,36.345,47.865,0.2832
tbn,431,0,61,351.735,36.57,61.5552,0.2729
tbn,431,0,62,351.845,36.83,72.1835,0.2941
tbn,431,0,63,351.905,37.125,84.4726,0.3114
tbn,431,0,64,351.91,37.415,94.2338,0.2708
tbn,431,0,65,351.865,37.675,105.6438,0.2596
tbn,431,0,66,351.78,37.905,115.4688,0.2326
tbn,431,0,67,351.655,38.1,129.8056,0.2343
tbn,431,0,68,351.495,38.265,138.5689,0.2267
tbn,431,0,69,351.315,38.41,143.6131,0.236
tbn,431,0,70,351.11,38.54,151.3907,0.2506
tbn,431,0,71,350.88,38.65,157.3869,0.26
tbn,431,0,72,350.595,38.765,158.497,0.3547
tbn,431,0,73,350.32,38.885,153.4381,0.246
tbn,431,0,74,350.105,39.01,146.3061,0.2524
tbn,431,0,75,349.96,39.12,135.0,0.1132
tbn,431,0,76,349.885,39.215,122.4774,0.1304
tbn,431,0,77,349.83,39.325,109.9754,0.117
tbn,431,0,78,349.8,39.445,98.7542,0.1315
tbn,431,0,79,349.8,39.585,82.3992,0.1514
tbn,431,0,80,349.835,39.725,68.9679,0.1393
tbn,431,0,81,349.9,39.85,56.3032,0.1442
tbn,431,0,82,349.99,39.955,41.9833,0.1345
tbn,431,0,83,350.16,40.07,30.2569,0.2779
tbn,431,0,84,350.42,40.16,8.1257,0.2828
tbn,431,0,85,350.68,40.17,175.246,0.2408
tbn,431,0,86,350.895,40.115,154.6475,0.2103
tbn,431,0,87,351.075,40.0,140.5268,0.2202
tbn,431,0,88,351.225,39.835,124.3747,0.2302
tbn,431,0,89,351.53,39.88,30.2585,0.5557
tbn,432,0,0,355.005,40.1,124.5095,0.1941
tbn,432,0,1,354.89,40.245,132.7144,0.1769
tbn,432,0,2,354.765,40.37,137.2861,0.1769
tbn,432,0,3,354.625,40.475,149.0328,0.175
tbn,432,0,4,354.475,40.56,151.9215,0.17
tbn,432,0,5,354.315,40.625,163.6127,0.1772
tbn,432,0,6,354.14,40.665,170.5487,0.1825
tbn,432,0,7,353.955,40.69,173.9852,0.1911
tbn,432,0,8,353.73,40.69,4.4033,0.2607
tbn,432,0,9,353.475,40.65,13.4952,0.2571
tbn,432,0,10,353.235,40.57,23.4925,0.2508
tbn,432,0,11,353.015,40.455,31.7615,0.247
tbn,432,0,12,352.825,40.305,44.9949,0.2404
tbn,432,0,13,352.67,40.12,55.0127,0.2441
tbn,432,0,14,352.56,39.9,71.5607,0.253
tbn,432,0,15,352.505,39.645,83.6605,0.2717
tbn,432,0,16,352.5,39.395,94.975,0.2309
tbn,432,0,17,352.54,39.18,106.6976,0.2088
tbn,432,0,18,352.62,38.99,119.0497,0.2059
tbn,432,0,19,352.735,38.825,130.9108,0.1985
tbn,432,0,20,352.875,38.685,139.0892,0.1985
tbn,432,0,21,353.04,38.565,148.5728,0.2109
tbn,432,0,22,353.22,38.455,148.5728,0.2109
tbn,432,0,23,353.41,38.355,155.7672,0.2193
tbn,432,0,24,353.67,38.245,157.8884,0.3454
tbn,432,0,25,353.975,38.105,152.6565,0.3265
tbn,432,0,26,354.245,37.94,144.2472,0.3081
tbn,432,0,27,354.42,37.795,132.2634,0.1487
tbn,432,0,28,354.51,37.675,121.6143,0.1526
tbn,432,0,29,354.575,37.53,107.3565,0.1677
tbn,432,0,30,354.61,37.365,96.7069,0.1712
tbn,432,0,31,354.61,37.185,83.9943,0.1911
tbn,432,0,32,354.575,37.005,73.6032,0.1772
tbn,432,0,33,354.515,36.845,64.994,0.1655
tbn,432,0,34,354.43,36.7,54.4635,0.1721
tbn,432,0,35,354.315,36.575,40.2315,0.1703
tbn,432,0,36,354.18,36.475,32.7403,0.1665
tbn,432,0,37,354.03,36.4,20.5584,0.1709
tbn,432,0,38,353.86,36.36,6.3263,0.1811
tbn,432,0,39,353.68,36.36,173.6726,0.1811
tbn,432,0,40,353.505,36.395,163.5965,0.1772
tbn,432,0,41,353.345,36.46,151.9396,0.17
tbn,432,0,42,353.205,36.555,139.7528,0.1703
tbn,432,0,43,353.08,36.675,132.7206,0.1769
tbn,432,0,44,352.98,36.815,118.0646,0.17
tbn,432,0,45,352.915,36.975,106.3968,0.1772
tbn,432,0,46,352.88,37.155,96.0057,0.1911
tbn,432,0,47,352.575,37.19,11.4962,0.6021
tbn,432,0,48,352.31,36.99,102.0956,0.2863
tbn,432,0,49,352.39,36.73,112.6219,0.26
tbn,432,0,50,352.51,36.5,122.4645,0.2608
tbn,432,0,51,352.67,36.295,133.4552,0.2617
tbn,432,0,52,352.86,36.125,143.1343,0.25
tbn,432,0,53,353.08,35.995,155.3692,0.264
tbn,432,0,54,353.325,35.905,164.3562,0.2596
tbn,432,0,55,353.585,35.855,173.6662,0.2716
tbn,432,0,56,353.87,35.855,5.7048,0.3015
tbn,432,0,57,354.16,35.91,15.9487,0.2912
tbn,432,0,58,354.425,36.01,25.6401,0.2773
tbn,432,0,59,354.66,36.155,37.6913,0.278
tbn,432,0,60,354.865,36.345,47.865,0.2832
tbn,432,0,61,355.025,36.57,61.5552,0.2729
tbn,432,0,62,355.135,36.83,72.1835,0.2941
tbn,432,0,63,355.195,37.125,84.4726,0.3114
tbn,432,0,64,355.2,37.415,94.2338,0.2708
tbn,432,0,65,355.155,37.675,105.6438,0.2596
tbn,432,0,66,355.07,37.905,115.4688,0.2326
tbn,432,0,67,354.95,38.1,127.873,0.228
tbn,432,0,68,354.795,38.265,138.574,0.2267
tbn,432,0,69,354.61,38.41,145.0027,0.2441
tbn,432,0,70,354.4,38.54,151.3907,0.2506
tbn,432,0,71,354.17,38.65,157.3869,0.26
tbn,432,0,72,353.885,38.765,158.497,0.3547
tbn,432,0,73,353.61,38.885,153.4381,0.246
tbn,432,0,74,353.4,39.01,145.0068,0.2441
tbn,432,0,75,353.255,39.12,138.3592,0.1204
tbn,432,0,76,353.175,39.215,122.4774,0.1304
tbn,432,0,77,353.12,39.325,109.9754,0.117
tbn,432,0,78,353.09,39.445,98.7542,0.1315
tbn,432,0,79,353.09,39.585,82.3992,0.1514
tbn,432,0,80,353.125,39.725,68.9679,0.1393
tbn,432,0,81,353.19,39.85,56.3032,0.1442
tbn,432,0,82,353.28,39.955,41.9833,0.1345
tbn,432,0,83,353.455,40.07,29.2514,0.2865
tbn,432,0,84,353.715,40.16,8.4218,0.273
tbn,432,0,85,353.97,40.17,175.246,0.2408
tbn,432,0,86,354.185,40.115,154.6475,0.2103
tbn,432,0,87,354.365,40.0,140.5268,0.2202
tbn,432,0,88,354.52,39.835,126.3809,0.236
tbn,432,0,89,354.825,39.88,30.7867,0.5471
tbn,433,0,0,357.74,40.69,4.7685,0.2408
tbn,433,0,1,357.5,40.665,7.1169,0.2419
tbn,433,0,2,357.265,40.62,14.6215,0.2377
tbn,433,0,3,357.04,40.55,19.9869,0.2341
tbn,433,0,4,356.825,40.46,25.4556,0.2326
tbn,433,0,5,356.62,40.35,30.965,0.2332
tbn,433,0,6,356.425,40.22,36.3869,0.236
tbn,433,0,7,356.245,40.07,43.2681,0.2335
tbn,433,0,8,356.08,39.905,46.7376,0.2334
tbn,433,0,9,355.93,39.725,53.6131,0.236
tbn,433,0,10,355.8,39.53,59.0388,0.2332
tbn,433,0,11,355.685,39.325,62.3462,0.237
tbn,433,0,12,355.59,39.11,70.0226,0.2341
tbn,433,0,13,355.52,38.88,75.9638,0.2474
tbn,433,0,14,355.47,38.64,80.5353,0.2433
tbn,433,0,15,355.445,38.395,87.7072,0.2502
tbn,433,0,16,355.445,38.14,92.2047,0.2602
tbn,433,0,17,355.47,37.885,99.0922,0.2532
tbn,433,0,18,355.52,37.64,104.0362,0.2474
tbn,433,0,19,355.59,37.41,109.9774,0.2341
tbn,433,0,20,355.68,37.19,114.4481,0.2416
tbn,433,0,21,355.795,36.98,123.0233,0.2386
tbn,433,0,22,355.93,36.79,127.879,0.228
tbn,433,0,23,356.075,36.615,131.4254,0.2267
tbn,433,0,24,356.24,36.45,138.3592,0.2408
tbn,433,0,25,356.42,36.305,144.1602,0.222
tbn,433,0,26,356.61,36.18,149.0388,0.2332
tbn,433,0,27,356.82,36.07,155.5614,0.2417
tbn,433,0,28,357.04,35.985,162.3482,0.2309
tbn,433,0,29,357.265,35.92,165.3785,0.2377
tbn,433,0,30,357.5,35.875,172.8687,0.2419
tbn,433,0,31,357.74,35.85,175.246,0.2408
tbn,433,0,32,357.985,35.85,4.5645,0.2508
tbn,433,0,33,358.23,35.875,7.1322,0.2419
tbn,433,0,34,358.465,35.92,14.6196,0.2377
tbn,433,0,35,358.69,35.985,17.6518,0.2309
tbn,433,0,36,358.905,36.07,25.4588,0.2326
tbn,433,0,37,359.11,36.18,30.9612,0.2332
tbn,433,0,38,359.305,36.305,34.381,0.2302
tbn,433,0,39,359.485,36.45,43.2733,0.2335
tbn,433,0,40,359.65,36.615,46.7322,0.2334
tbn,433,0,41,359.8,36.79,52.121,0.228
tbn,433,0,42,359.93,36.98,59.0388,0.2332
tbn,433,0,43,360.045,37.19,63.4349,0.2459
tbn,433,0,44,360.14,37.41,70.0156,0.2341
tbn,433,0,45,360.21,37.64,75.9638,0.2474
tbn,433,0,46,360.26,37.885,80.9078,0.2532
tbn,433,0,47,360.285,38.14,87.8021,0.2602
tbn,433,0,48,360.285,38.395,92.2859,0.2502
tbn,433,0,49,360.26,38.64,99.4647,0.2433
tbn,433,0,50,360.21,38.88,104.0362,0.2474
tbn,433,0,51,360.14,39.11,109.9844,0.2341
tbn,433,0,52,360.045,39.325,117.6472,0.237
tbn,433,0,53,359.93,39.53,120.9612,0.2332
tbn,433,0,54,359.8,39.725,126.3869,0.236
tbn,433,0,55,359.65,39.905,133.2678,0.2334
tbn,433,0,56,359.485,40.07,136.7267,0.2335
tbn,433,0,57,359.305,40.22,143.6131,0.236
tbn,433,0,58,359.11,40.35,149.0388,0.2332
tbn,433,0,59,358.905,40.46,154.5412,0.2326
tbn,433,0,60,358.69,40.55,160.0131,0.2341
tbn,433,0,61,358.465,40.62,165.3804,0.2377
tbn,433,0,62,358.23,40.665,172.8822,0.2419
tbn,433,0,63,357.985,40.69,175.4216,0.2508
tbn,433,1,0,357.77,36.355,176.8363,0.1803
tbn,433,1,1,357.59,36.375,170.5282,0.1825
tbn,433,1,2,357.415,36.415,163.6155,0.1772
tbn,433,1,3,357.245,36.47,160.5621,0.1803
tbn,433,1,4,357.005,36.585,151.2624,0.3535
tbn,433,1,5,356.715,36.79,138.3592,0.3613
tbn,433,1,6,356.465,37.05,129.4052,0.3623
tbn,433,1,7,356.265,37.35,117.9765,0.3624
tbn,433,1,8,356.15,37.6,108.4349,0.1897
tbn,433,1,9,356.095,37.785,104.7485,0.1965
tbn,433,1,10,356.055,37.975,98.9722,0.1924
tbn,433,1,11,356.035,38.17,92.8563,0.2003
tbn,433,1,12,356.035,38.365,86.9935,0.1903
tbn,433,1,13,356.055,38.555,81.0278,0.1924
tbn,433,1,14,356.09,38.74,77.4681,0.1844
tbn,433,1,15,356.14,38.92,71.5651,0.1897
tbn,433,1,16,356.25,39.17,63.4349,0.3578
tbn,433,1,17,356.44,39.475,52.8131,0.364
tbn,433,1,18,356.68,39.735,41.5005,0.3472
tbn,433,1,19,356.965,39.94,30.1406,0.3585
tbn,433,1,20,357.21,40.065,21.2533,0.1931
tbn,433,1,21,357.39,40.12,12.5226,0.1844
tbn,433,1,22,357.575,40.155,8.9632,0.1924
tbn,433,1,23,357.765,40.175,3.0157,0.1903
tbn,433,1,24,357.96,40.175,177.135,0.2003
tbn,433,1,25,358.155,40.155,171.0368,0.1924
tbn,433,1,26,358.34,40.12,167.4774,0.1844
tbn,433,1,27,358.515,40.065,157.6157,0.1838
tbn,433,1,28,358.76,39.94,150.6438,0.3672
tbn,433,1,29,359.05,39.735,138.4995,0.3472
tbn,433,1,30,359.29,39.475,127.1869,0.364
tbn,433,1,31,359.48,39.17,116.5651,0.3578
tbn,433,1,32,359.59,38.92,108.4349,0.1897
tbn,433,1,33,359.64,38.74,102.5226,0.1844
tbn,433,1,34,359.675,38.555,98.9722,0.1924
tbn,433,1,35,359.69,38.365,90.0,0.19
tbn,433,1,36,359.685,38.17,87.1437,0.2003
tbn,433,1,37,359.67,37.975,83.9852,0.1911
tbn,433,1,38,359.635,37.785,75.2601,0.1965
tbn,433,1,39,359.58,37.6,71.5651,0.1897
tbn,433,1,40,359.465,37.35,62.0192,0.3624
tbn,433,1,41,359.265,37.05,50.5985,0.3623
tbn,433,1,42,359.015,36.79,41.6376,0.3613
tbn,433,1,43,358.725,36.585,28.7376,0.3535
tbn,433,1,44,358.485,36.47,19.4411,0.1803
tbn,433,1,45,358.315,36.415,16.3845,0.1772
tbn,433,1,46,358.14,36.375,9.4718,0.1825
tbn,433,1,47,357.955,36.355,2.9973,0.1903
tbn,434,0,0,360.77,39.075,90.0,2.91
tbn,434,0,1,360.775,37.5251,93.0157,0.1903
tbn,434,0,2,360.79,37.34,96.3349,0.1812
tbn,434,0,3,360.82,37.16,102.5319,0.1844
tbn,434,0,4,360.865,36.99,107.3528,0.1676
tbn,434,0,5,360.96,36.76,115.0201,0.3311
tbn,434,0,6,361.13,36.48,127.565,0.328
tbn,434,0,7,361.35,36.24,137.4879,0.3256
tbn,434,0,8,361.615,36.055,152.6541,0.3265
tbn,434,0,9,361.84,35.95,159.4452,0.1709
tbn,434,0,10,362.01,35.9,167.4588,0.1844
tbn,434,0,11,362.19,35.865,170.5487,0.1825
tbn,434,0,12,362.375,35.845,176.9843,0.1903
tbn,434,0,13,362.565,35.845,3.0157,0.1903
tbn,434,0,14,362.755,35.865,8.9646,0.1923
tbn,434,0,15,362.935,35.9,13.252,0.1747
tbn,434,0,16,363.1,35.95,20.5548,0.1709
tbn,434,0,17,363.325,36.055,27.3435,0.3265
tbn,434,0,18,363.595,36.24,41.3519,0.333
tbn,434,0,19,363.815,36.48,53.8425,0.322
tbn,434,0,20,363.985,36.76,63.4349,0.3354
tbn,434,0,21,364.085,36.99,72.6472,0.1676
tbn,434,0,22,364.125,37.16,80.5377,0.1825
tbn,434,0,23,364.155,37.34,80.5408,0.1825
tbn,434,0,24,364.175,37.5251,86.9843,0.1903
tbn,434,0,25,364.18,39.075,90.0,2.91
tbn,434,0,26,363.88,40.53,0.0,0.6
tbn,434,0,27,363.58,39.175,90.0,2.71
tbn,434,0,28,363.575,37.68,87.9524,0.2801
tbn,434,0,29,363.55,37.405,81.5782,0.273
tbn,434,0,30,363.495,37.145,74.3562,0.2596
tbn,434,0,31,363.41,36.91,65.5519,0.2416
tbn,434,0,32,363.285,36.7101,50.1944,0.2343
tbn,434,0,33,363.115,36.55,36.3869,0.236
tbn,434,0,34,362.96,36.45,26.5651,0.1342
tbn,434,0,35,362.835,36.405,13.0064,0.1334
tbn,434,0,36,362.7,36.375,12.0811,0.1432
tbn,434,0,37,362.55,36.355,3.5804,0.1603
tbn,434,0,38,362.39,36.355,176.4203,0.1603
tbn,434,0,39,362.24,36.375,167.9189,0.1432
tbn,434,0,40,362.105,36.405,166.9936,0.1334
tbn,434,0,41,361.985,36.45,151.3873,0.1253
tbn,434,0,42,361.83,36.55,145.0068,0.2441
tbn,434,0,43,361.66,36.7101,127.873,0.228
tbn,434,0,44,361.535,36.91,116.5714,0.2459
tbn,434,0,45,361.445,37.145,105.6373,0.2596
tbn,434,0,46,361.395,37.405,96.3459,0.2717
tbn,434,0,47,361.375,37.68,92.0414,0.2801
tbn,434,0,48,361.37,39.175,90.0,2.71
tbn,434,0,49,361.07,40.53,0.0,0.6
tbn,435,0,0,366.535,37.97,13.4952,0.2571
tbn,435,0,1,366.765,38.045,23.2056,0.2285
tbn,435,0,2,366.965,38.155,34.381,0.2302
tbn,435,0,3,367.14,38.3,44.9945,0.2263
tbn,435,0,4,367.28,38.475,57.7257,0.2247
tbn,435,0,5,367.385,38.675,66.8044,0.2285
tbn,435,0,6,367.46,38.89,74.7435,0.228
tbn,435,0,7,367.5,39.12,85.2315,0.2408
tbn,435,0,8,367.49,39.395,97.354,0.3126
tbn,435,0,9,367.415,39.7,110.1346,0.3195
tbn,435,0,10,367.27,39.98,124.6976,0.3162
tbn,435,0,11,367.055,40.21,141.3385,0.3202
tbn,435,0,12,366.78,40.37,158.1986,0.3231
tbn,435,0,13,366.475,40.465,167.2743,0.3178
tbn,435,0,14,366.16,40.51,176.4203,0.3206
tbn,435,0,15,365.84,40.525,178.2084,0.3202
tbn,435,0,16,365.32,40.53,0.0,0.72
tbn,435,0,17,364.96,38.23,90.0,4.6
tbn,435,0,18,365.255,35.93,0.0,0.59
tbn,435,0,19,365.55,36.91,90.0,1.96
tbn,435,0,20,365.675,37.89,0.0,0.25
tbn,435,0,21,366.49,36.91,125.1479,2.3971
tbn,435,0,22,367.52,35.93,0.0,0.68
tbn,435,0,23,367.135,36.935,125.8065,2.4784
tbn,435,1,0,365.63,40.01,0.0,0.16
tbn,435,1,1,365.82,40.01,0.0,0.22
tbn,435,1,2,366.045,40.0,175.0257,0.2309
tbn,435,1,3,366.265,39.97,169.2211,0.2138
tbn,435,1,4,366.47,39.915,160.7092,0.2119
tbn,435,1,5,366.655,39.825,147.0956,0.2025
tbn,435,1,6,366.81,39.7,135.0,0.198
tbn,435,1,7,366.925,39.54,116.5651,0.2012
tbn,435,1,8,366.985,39.33,97.125,0.2419
tbn,435,1,9,366.985,39.095,82.5702,0.232
tbn,435,1,10,366.93,38.885,67.17,0.2062
tbn,435,1,11,366.825,38.715,49.0776,0.1985
tbn,435,1,12,366.68,38.59,32.0142,0.1887
tbn,435,1,13,366.5,38.505,19.2752,0.2119
tbn,435,1,14,366.295,38.445,13.4056,0.2159
tbn,435,1,15,366.08,38.41,5.1837,0.2209
tbn,435,1,16,365.855,38.4,0.0,0.23
tbn,435,1,17,365.645,38.4,0.0,0.19
tbn,435,1,18,365.55,39.205,90.0,1.61
tbn,436,0,0,368.58,40.53,0.0,0.6
tbn,436,0,1,368.28,38.23,90.0,4.6
tbn,436,0,2,368.58,35.9301,0.0,0.6
tbn,436,0,3,368.88,38.23,90.0,4.6
tbn,437,0,0,275.73,556.695,90.0,0.51
tbn,437,0,1,274.6,556.95,0.0,2.26
tbn,437,0,2,273.47,554.65,90.0,4.6
tbn,437,0,3,273.77,552.35,0.0,0.6
tbn,437,0,4,274.07,553.5,90.0,2.3
tbn,437,0,5,274.875,554.65,0.0,1.61
tbn,437,0,6,275.68,554.905,90.0,0.51
tbn,437,0,7,274.875,555.16,0.0,1.61
tbn,437,0,8,274.07,555.8,90.0,1.28
tbn,437,0,9,274.9,556.44,0.0,1.66
tbn,438,0,0,278.345,557.115,2.2902,0.2502
tbn,438,0,1,278.1,557.09,9.4629,0.2433
tbn,438,0,2,277.865,557.04,14.6205,0.2377
tbn,438,0,3,277.64,556.97,19.9825,0.2341
tbn,438,0,4,277.425,556.88,25.4648,0.2326
tbn,438,0,5,277.22,556.77,30.962,0.2332
tbn,438,0,6,277.025,556.64,36.3839,0.236
tbn,438,0,7,276.845,556.495,41.4268,0.2267
tbn,438,0,8,276.68,556.33,48.3659,0.2408
tbn,438,0,9,276.53,556.15,52.1222,0.228
tbn,438,0,10,276.4,555.96,59.0369,0.2332
tbn,438,0,11,276.285,555.75,63.4381,0.246
tbn,438,0,12,276.19,555.53,70.0131,0.2341
tbn,438,0,13,276.12,555.305,75.3797,0.2377
tbn,438,0,14,276.07,555.065,80.9078,0.2532
tbn,438,0,15,276.045,554.815,87.7141,0.2502
tbn,438,0,16,276.045,554.56,92.198,0.2602
tbn,438,0,17,276.07,554.305,99.0922,0.2532
tbn,438,0,18,276.12,554.065,104.6203,0.2377
tbn,438,0,19,276.19,553.835,109.1825,0.2435
tbn,438,0,20,276.285,553.615,117.6429,0.2371
tbn,438,0,21,276.4,553.41,120.9626,0.2332
tbn,438,0,22,276.53,553.215,126.3874,0.236
tbn,438,0,23,276.68,553.035,133.2653,0.2335
tbn,438,0,24,276.845,552.875,138.5732,0.2267
tbn,438,0,25,277.025,552.73,143.6161,0.236
tbn,438,0,26,277.22,552.605,151.1905,0.2283
tbn,438,0,27,277.425,552.5,154.5361,0.2326
tbn,438,0,28,277.64,552.41,160.0166,0.2341
tbn,438,0,29,277.865,552.34,165.3795,0.2377
tbn,438,0,30,278.1,552.295,172.875,0.2419
tbn,438,0,31,278.345,552.275,177.7098,0.2502
tbn,438,0,32,278.59,552.275,2.3856,0.2402
tbn,438,0,33,278.83,552.295,7.1241,0.2419
tbn,438,0,34,279.065,552.34,14.6224,0.2377
tbn,438,0,35,279.29,552.41,19.9834,0.2341
tbn,438,0,36,279.51,552.5,24.4435,0.2417
tbn,438,0,37,279.72,552.605,28.8095,0.2283
tbn,438,0,38,279.91,552.73,37.876,0.228
tbn,438,0,39,280.09,552.875,39.807,0.2343
tbn,438,0,40,280.255,553.035,48.5772,0.2267
tbn,438,0,41,280.4,553.215,53.6126,0.236
tbn,438,0,42,280.535,553.41,56.9752,0.2385
tbn,438,0,43,280.65,553.615,64.5352,0.2326
tbn,438,0,44,280.74,553.835,70.8242,0.2435
tbn,438,0,45,280.81,554.065,75.3797,0.2377
tbn,438,0,46,280.86,554.305,80.9078,0.2532
tbn,438,0,47,280.885,554.56,87.7952,0.2602
tbn,438,0,48,280.885,554.815,92.2928,0.2502
tbn,438,0,49,280.86,555.065,99.0922,0.2532
tbn,438,0,50,280.81,555.305,104.6203,0.2377
tbn,438,0,51,280.74,555.53,109.9799,0.2341
tbn,438,0,52,280.645,555.75,116.5682,0.246
tbn,438,0,53,280.53,555.96,120.9631,0.2332
tbn,438,0,54,280.4,556.15,127.8778,0.228
tbn,438,0,55,280.25,556.33,131.6287,0.2408
tbn,438,0,56,280.085,556.495,138.5783,0.2267
tbn,438,0,57,279.905,556.64,143.6161,0.236
tbn,438,0,58,279.71,556.77,149.0342,0.2332
tbn,438,0,59,279.505,556.88,154.5385,0.2326
tbn,438,0,60,279.29,556.97,160.0175,0.2341
tbn,438,0,61,279.065,557.04,165.3776,0.2377
tbn,438,0,62,278.83,557.09,170.5383,0.2433
tbn,438,0,63,278.59,557.115,177.6144,0.2402
tbn,438,1,0,278.375,552.785,176.9878,0.1903
tbn,438,1,1,278.19,552.805,170.5365,0.1825
tbn,438,1,2,278.015,552.84,166.7614,0.1747
tbn,438,1,3,277.845,552.895,157.6168,0.1838
tbn,438,1,4,277.605,553.015,151.2603,0.3536
tbn,438,1,5,277.315,553.215,139.576,0.3547
tbn,438,1,6,277.065,553.47,129.398,0.3623
tbn,438,1,7,276.865,553.775,117.2573,0.3712
tbn,438,1,8,276.75,554.03,108.4342,0.1897
tbn,438,1,9,276.695,554.21,105.5205,0.1868
tbn,438,1,10,276.66,554.395,96.0149,0.1911
tbn,438,1,11,276.645,554.59,92.8565,0.2002
tbn,438,1,12,276.64,554.79,90.0,0.2
tbn,438,1,13,276.655,554.98,80.5381,0.1825
tbn,438,1,14,276.69,555.165,78.1176,0.1942
tbn,438,1,15,276.74,555.345,70.5609,0.1803
tbn,438,1,16,276.85,555.595,64.133,0.3667
tbn,438,1,17,277.04,555.9,51.8425,0.3561
tbn,438,1,18,277.28,556.16,42.7085,0.3538
tbn,438,1,19,277.57,556.37,29.3572,0.3672
tbn,438,1,20,277.815,556.49,19.4423,0.1803
tbn,438,1,21,277.99,556.545,15.5245,0.1868
tbn,438,1,22,278.175,556.585,8.9722,0.1924
tbn,438,1,23,278.37,556.605,2.8628,0.2003
tbn,438,1,24,278.565,556.605,176.9866,0.1903
tbn,438,1,25,278.755,556.585,171.0278,0.1924
tbn,438,1,26,278.94,556.545,164.4755,0.1868
tbn,438,1,27,279.12,556.49,161.564,0.1897
tbn,438,1,28,279.365,556.37,149.8584,0.3585
tbn,438,1,29,279.65,556.16,137.2915,0.3538
tbn,438,1,30,279.89,555.9,128.1575,0.3561
tbn,438,1,31,280.08,555.595,115.867,0.3667
tbn,438,1,32,280.19,555.345,109.4391,0.1803
tbn,438,1,33,280.24,555.165,101.8912,0.1942
tbn,438,1,34,280.275,554.98,99.4619,0.1825
tbn,438,1,35,280.295,554.79,92.8565,0.2002
tbn,438,1,36,280.295,554.59,87.1435,0.2002
tbn,438,1,37,280.275,554.395,81.0277,0.1924
tbn,438,1,38,280.235,554.21,74.4705,0.1868
tbn,438,1,39,280.18,554.03,71.5658,0.1897
tbn,438,1,40,280.065,553.775,62.7469,0.3712
tbn,438,1,41,279.865,553.47,50.5983,0.3624
tbn,438,1,42,279.615,553.215,40.4272,0.3547
tbn,438,1,43,279.325,553.015,28.7397,0.3536
tbn,438,1,44,279.085,552.895,22.3796,0.1839
tbn,438,1,45,278.915,552.84,13.2386,0.1747
tbn,438,1,46,278.74,552.805,9.4635,0.1825
tbn,438,1,47,278.56,552.785,3.1794,0.1803
tbn,439,0,0,283.035,554.395,11.3098,0.255
tbn,439,0,1,283.265,554.47,25.4648,0.2326
tbn,439,0,2,283.465,554.585,34.3794,0.2302
tbn,439,0,3,283.64,554.73,44.9993,0.2263
tbn,439,0,4,283.78,554.9,56.3111,0.2163
tbn,439,0,5,283.885,555.095,66.8025,0.2285
tbn,439,0,6,283.96,555.315,75.3797,0.2377
tbn,439,0,7,284.0,555.545,85.0254,0.2309
tbn,439,0,8,283.99,555.82,97.1265,0.3225
tbn,439,0,9,283.915,556.125,110.7697,0.3102
tbn,439,0,10,283.77,556.4,124.6988,0.3162
tbn,439,0,11,283.555,556.635,139.9699,0.3265
tbn,439,0,12,283.28,556.8,158.1973,0.3231
tbn,439,0,13,282.975,556.89,169.0463,0.3158
tbn,439,0,14,282.66,556.935,174.6438,0.3214
tbn,439,0,15,282.34,556.95,0.0,0.32
tbn,439,0,16,281.82,556.95,0.0,0.72
tbn,439,0,17,281.46,554.65,90.0,4.6
tbn,439,0,18,281.755,552.35,0.0,0.59
tbn,439,0,19,282.05,553.33,90.0,1.96
tbn,439,0,20,282.175,554.31,0.0,0.25
tbn,439,0,21,282.99,553.33,125.1482,2.3971
tbn,439,0,22,284.02,552.35,0.0,0.68
tbn,439,0,23,283.635,553.36,125.6718,2.4866
tbn,439,1,0,282.13,556.44,0.0,0.16
tbn,439,1,1,282.32,556.435,177.3979,0.2202
tbn,439,1,2,282.545,556.42,175.0304,0.2309
tbn,439,1,3,282.765,556.39,169.215,0.2138
tbn,439,1,4,282.97,556.335,160.7111,0.2119
tbn,439,1,5,283.155,556.25,149.5323,0.1972
tbn,439,1,6,283.31,556.13,135.0023,0.198
tbn,439,1,7,283.425,555.965,115.3454,0.2102
tbn,439,1,8,283.485,555.755,97.4311,0.2319
tbn,439,1,9,283.485,555.52,82.8753,0.2419
tbn,439,1,10,283.43,555.305,67.1696,0.2061
tbn,439,1,11,283.325,555.14,47.1199,0.1911
tbn,439,1,12,283.18,555.015,34.5081,0.1942
tbn,439,1,13,283.0,554.925,19.2889,0.2119
tbn,439,1,14,282.795,554.87,10.785,0.2138
tbn,439,1,15,282.58,554.84,5.1945,0.2209
tbn,439,1,16,282.355,554.825,2.489,0.2302
tbn,439,1,17,282.145,554.82,0.0,0.19
tbn,439,1,18,282.05,555.63,90.0,1.62
tbn,440,0,0,286.61,556.44,0.0,1.1
tbn,440,0,1,287.16,556.695,90.0,0.51
tbn,440,0,2,285.765,556.95,0.0,2.79
tbn,440,0,3,284.37,556.695,90.0,0.51
tbn,440,0,4,284.92,556.44,0.0,1.1
tbn,440,0,5,285.47,554.395,90.0,4.09
tbn,440,0,6,285.765,552.35,0.0,0.59
tbn,440,0,7,286.06,554.395,90.0,4.09
tbn,441,0,0,289.65,556.95,0.0,0.6
tbn,441,0,1,289.35,554.65,90.0,4.6
tbn,441,0,2,290.35,552.35,0.0,2.0
tbn,441,0,3,291.35,552.605,90.0,0.51
tbn,441,0,4,290.65,552.86,0.0,1.4
tbn,441,0,5,289.95,554.905,90.0,4.09
tbn,442,0,0,292.96,552.35,0.0,2.5
tbn,442,0,1,294.21,552.605,90.0,0.51
tbn,442,0,2,293.26,552.86,0.0,1.9
tbn,442,0,3,292.31,553.755,90.0,1.79
tbn,442,0,4,293.235,554.65,0.0,1.85
tbn,442,0,5,294.16,554.905,90.0,0.51
tbn,442,0,6,293.235,555.16,0.0,1.85
tbn,442,0,7,292.31,555.8,90.0,1.28
tbn,442,0,8,293.26,556.44,0.0,1.9
tbn,442,0,9,294.21,556.695,90.0,0.51
tbn,442,0,10,292.96,556.95,0.0,2.5
tbn,442,0,11,291.71,554.65,90.0,4.6
tbn,443,0,0,296.87,557.115,2.3856,0.2402
tbn,443,0,1,296.63,557.09,9.4617,0.2433
tbn,443,0,2,296.395,557.04,14.6224,0.2377
tbn,443,0,3,296.17,556.97,19.9825,0.2341
tbn,443,0,4,295.95,556.88,24.4443,0.2417
tbn,443,0,5,295.74,556.77,30.962,0.2332
tbn,443,0,6,295.55,556.64,37.876,0.228
tbn,443,0,7,295.37,556.495,39.807,0.2343
tbn,443,0,8,295.205,556.33,50.1956,0.2343
tbn,443,0,9,295.055,556.15,50.1899,0.2343
tbn,443,0,10,294.92,555.96,59.0369,0.2332
tbn,443,0,11,294.81,555.75,65.5548,0.2417
tbn,443,0,12,294.715,555.53,67.7519,0.2377
tbn,443,0,13,294.64,555.305,75.3797,0.2377
tbn,443,0,14,294.595,555.065,83.1575,0.2518
tbn,443,0,15,294.57,554.815,85.4286,0.2508
tbn,443,0,16,294.57,554.56,94.3963,0.2608
tbn,443,0,17,294.595,554.305,96.8425,0.2518
tbn,443,0,18,294.64,554.065,104.6203,0.2377
tbn,443,0,19,294.715,553.835,111.3695,0.247
tbn,443,0,20,294.81,553.615,115.4648,0.2326
tbn,443,0,21,294.92,553.41,120.9626,0.2332
tbn,443,0,22,295.05,553.215,126.3874,0.236
tbn,443,0,23,295.2,553.035,133.2653,0.2335
tbn,443,0,24,295.365,552.875,138.5732,0.2267
tbn,443,0,25,295.545,552.73,143.6161,0.236
tbn,443,0,26,295.74,552.605,151.1905,0.2283
tbn,443,0,27,295.945,552.5,154.5361,0.2326
tbn,443,0,28,296.16,552.41,160.0166,0.2341
tbn,443,0,29,296.385,552.34,165.3795,0.2377
tbn,443,0,30,296.62,552.295,172.875,0.2419
tbn,443,0,31,296.865,552.275,177.7098,0.2502
tbn,443,0,32,297.11,552.275,2.3856,0.2402
tbn,443,0,33,297.35,552.295,7.1241,0.2419
tbn,443,0,34,297.59,552.34,14.0371,0.2474
tbn,443,0,35,297.82,552.41,19.9834,0.2341
tbn,443,0,36,298.035,552.5,25.4639,0.2326
tbn,443,0,37,298.24,552.605,28.8095,0.2283
tbn,443,0,38,298.435,552.73,36.3839,0.236
tbn,443,0,39,298.615,552.875,41.4268,0.2267
tbn,443,0,40,298.78,553.035,46.7347,0.2335
tbn,443,0,41,298.93,553.215,53.6126,0.236
tbn,443,0,42,299.06,553.41,59.0374,0.2332
tbn,443,0,43,299.17,553.615,64.5352,0.2326
tbn,443,0,44,299.265,553.835,68.6305,0.247
tbn,443,0,45,299.34,554.065,75.3797,0.2377
tbn,443,0,46,299.385,554.305,83.1575,0.2518
tbn,443,0,47,299.41,554.56,85.6037,0.2608
tbn,443,0,48,299.41,554.815,94.5714,0.2508
tbn,443,0,49,299.38,555.065,99.0922,0.2532
tbn,443,0,50,299.33,555.305,104.6203,0.2377
tbn,443,0,51,299.26,555.53,109.9799,0.2341
tbn,443,0,52,299.17,555.75,114.4452,0.2417
tbn,443,0,53,299.055,555.96,123.0253,0.2385
tbn,443,0,54,298.92,556.15,127.8778,0.228
tbn,443,0,55,298.77,556.33,131.6287,0.2408
tbn,443,0,56,298.605,556.495,138.5783,0.2267
tbn,443,0,57,298.425,556.64,143.6161,0.236
tbn,443,0,58,298.23,556.77,149.0342,0.2332
tbn,443,0,59,298.025,556.88,154.5385,0.2326
tbn,443,0,60,297.81,556.97,160.0175,0.2341
tbn,443,0,61,297.585,557.04,165.3776,0.2377
tbn,443,0,62,297.35,557.09,170.5383,0.2433
tbn,443,0,63,297.11,557.115,177.6144,0.2402
tbn,443,1,0,296.9,552.785,176.8206,0.1803
tbn,443,1,1,296.72,552.805,170.5365,0.1825
tbn,443,1,2,296.54,552.84,167.4736,0.1844
tbn,443,1,3,296.37,552.895,156.37,0.1746
tbn,443,1,4,296.13,553.015,152.0191,0.3623
tbn,443,1,5,295.835,553.215,139.576,0.3547
tbn,443,1,6,295.59,553.47,128.1571,0.3561
tbn,443,1,7,295.395,553.775,117.2531,0.3712
tbn,443,1,8,295.275,554.03,111.2525,0.1931
tbn,443,1,9,295.22,554.21,102.5314,0.1844
tbn,443,1,10,295.185,554.395,98.9723,0.1924
tbn,443,1,11,295.165,554.59,92.8565,0.2002
tbn,443,1,12,295.165,554.79,87.1435,0.2002
tbn,443,1,13,295.18,554.98,83.6537,0.1811
tbn,443,1,14,295.215,555.165,75.2598,0.1965
tbn,443,1,15,295.265,555.345,73.6144,0.1772
tbn,443,1,16,295.37,555.595,64.133,0.3667
tbn,443,1,17,295.56,555.9,51.8425,0.3561
tbn,443,1,18,295.805,556.16,41.6317,0.3613
tbn,443,1,19,296.095,556.37,30.1416,0.3585
tbn,443,1,20,296.335,556.49,19.4423,0.1803
tbn,443,1,21,296.51,556.545,15.5245,0.1868
tbn,443,1,22,296.695,556.585,8.9722,0.1924
tbn,443,1,23,296.89,556.605,2.8628,0.2003
tbn,443,1,24,297.09,556.605,177.1372,0.2003
tbn,443,1,25,297.285,556.585,171.0278,0.1924
tbn,443,1,26,297.47,556.545,164.4755,0.1868
tbn,443,1,27,297.645,556.49,160.5577,0.1803
tbn,443,1,28,297.885,556.37,149.8584,0.3585
tbn,443,1,29,298.175,556.16,138.3683,0.3613
tbn,443,1,30,298.415,555.9,126.8689,0.35
tbn,443,1,31,298.605,555.595,117.2573,0.3712
tbn,443,1,32,298.715,555.345,106.3856,0.1772
tbn,443,1,33,298.765,555.165,104.7402,0.1965
tbn,443,1,34,298.8,554.98,96.3463,0.1811
tbn,443,1,35,298.815,554.79,92.8565,0.2002
tbn,443,1,36,298.815,554.59,87.1435,0.2002
tbn,443,1,37,298.795,554.395,81.0277,0.1924
tbn,443,1,38,298.76,554.21,77.4686,0.1844
tbn,443,1,39,298.705,554.03,68.7475,0.1931
tbn,443,1,40,298.585,553.775,62.7469,0.3712
tbn,443,1,41,298.39,553.47,51.8429,0.3561
tbn,443,1,42,298.14,553.215,39.4007,0.3624
tbn,443,1,43,297.845,553.015,28.7397,0.3536
tbn,443,1,44,297.61,552.895,23.63,0.1746
tbn,443,1,45,297.44,552.84,12.5264,0.1844
tbn,443,1,46,297.26,552.805,9.4635,0.1825
tbn,443,1,47,297.08,552.785,3.1794,0.1803
tbn,444,0,0,300.28,552.35,0.0,0.6
tbn,444,0,1,300.58,554.085,90.0,3.47
tbn,444,0,2,302.28,553.99,132.8909,4.9956
tbn,444,0,3,303.98,554.555,90.0,4.79
tbn,444,0,4,303.68,556.95,0.0,0.6
tbn,444,0,5,303.38,555.27,90.0,3.36
tbn,444,0,6,301.68,555.38,133.5228,4.9372
tbn,444,0,7,299.98,554.76,90.0,4.82
tbn,445,0,0,307.825,552.945,114.0071,1.3027
tbn,445,0,1,308.4,552.35,0.0,0.62
tbn,445,0,2,307.6,554.77,114.6399,5.3248
tbn,445,0,3,305.385,554.77,65.4581,5.3207
tbn,445,0,4,304.59,552.35,0.0,0.62
tbn,445,0,5,305.165,552.945,65.9929,1.3027
tbn,445,0,6,306.495,553.54,0.0,2.13
tbn,445,1,0,306.495,554.05,0.0,1.65
tbn,445,1,1,306.08,554.985,66.3223,2.0419
tbn,445,1,2,306.905,554.985,113.9345,2.0459
tbn,446,0,0,310.68,554.395,11.7686,0.2451
tbn,446,0,1,310.91,554.47,24.4443,0.2417
tbn,446,0,2,311.11,554.585,35.8336,0.2221
tbn,446,0,3,311.28,554.73,45.0048,0.2263
tbn,446,0,4,311.425,554.9,54.1614,0.222
tbn,446,0,5,311.535,555.095,66.8025,0.2285
tbn,446,0,6,311.61,555.315,75.3797,0.2377
tbn,446,0,7,311.645,555.545,87.508,0.2302
tbn,446,0,8,311.635,555.82,95.3556,0.3214
tbn,446,0,9,311.56,556.125,112.4785,0.3138
tbn,446,0,10,311.41,556.4,124.6942,0.3162
tbn,446,0,11,311.195,556.635,139.9699,0.3265
tbn,446,0,12,310.925,556.8,157.5207,0.3139
tbn,446,0,13,310.62,556.89,169.381,0.3256
tbn,446,0,14,310.3,556.935,174.6438,0.3214
tbn,446,0,15,309.98,556.95,0.0,0.32
tbn,446,0,16,309.46,556.95,0.0,0.72
tbn,446,0,17,309.1,554.65,90.0,4.6
tbn,446,0,18,309.4,552.35,0.0,0.6
tbn,446,0,19,309.7,553.33,90.0,1.96
tbn,446,0,20,309.82,554.31,0.0,0.24
tbn,446,0,21,310.63,553.33,125.1488,2.3971
tbn,446,0,22,311.66,552.35,0.0,0.68
tbn,446,0,23,311.28,553.36,125.484,2.4807
tbn,446,1,0,309.775,556.44,0.0,0.15
tbn,446,1,1,309.965,556.435,177.5107,0.2302
tbn,446,1,2,310.19,556.42,174.8055,0.2209
tbn,446,1,3,310.41,556.39,169.695,0.2236
tbn,446,1,4,310.62,556.335,160.7111,0.2119
tbn,446,1,5,310.805,556.25,149.5323,0.1972
tbn,446,1,6,310.955,556.13,132.8793,0.1911
tbn,446,1,7,311.065,555.965,115.3454,0.2102
tbn,446,1,8,311.125,555.755,97.4311,0.2319
tbn,446,1,9,311.125,555.52,82.8753,0.2419
tbn,446,1,10,311.07,555.305,67.1696,0.2061
tbn,446,1,11,310.965,555.14,47.1199,0.1911
tbn,446,1,12,310.82,555.015,34.5081,0.1942
tbn,446,1,13,310.645,554.925,20.2245,0.2025
tbn,446,1,14,310.445,554.87,10.785,0.2138
tbn,446,1,15,310.225,554.84,4.9696,0.2309
tbn,446,1,16,310.0,554.825,2.6021,0.2202
tbn,446,1,17,309.795,554.82,0.0,0.19
tbn,446,1,18,309.7,555.63,90.0,1.62
tbn,447,0,0,312.905,552.35,0.0,0.95
tbn,447,0,1,313.515,552.355,2.1208,0.2702
tbn,447,0,2,313.78,552.375,6.5823,0.2617
tbn,447,0,3,314.04,552.41,8.747,0.263
tbn,447,0,4,314.29,552.46,14.0345,0.2474
tbn,447,0,5,314.525,552.53,19.1809,0.2435
tbn,447,0,6,314.745,552.62,25.4607,0.2326
tbn,447,0,7,314.95,552.73,30.9658,0.2332
tbn,447,0,8,315.145,552.855,34.3802,0.2302
tbn,447,0,9,315.325,552.995,41.4217,0.2267
tbn,447,0,10,315.485,553.16,50.1956,0.2343
tbn,447,0,11,315.625,553.345,55.6185,0.2302
tbn,447,0,12,315.745,553.545,62.3571,0.2371
tbn,447,0,13,315.845,553.76,67.7519,0.2377
tbn,447,0,14,315.92,553.995,76.5048,0.2571
tbn,447,0,15,315.97,554.255,81.5713,0.2729
tbn,447,0,16,315.995,554.535,88.0231,0.2902
tbn,447,0,17,315.995,554.815,92.1232,0.2702
tbn,447,0,18,315.97,555.085,98.4287,0.2729
tbn,447,0,19,315.92,555.34,104.0356,0.2474
tbn,447,0,20,315.845,555.57,112.2481,0.2377
tbn,447,0,21,315.745,555.785,117.6429,0.2371
tbn,447,0,22,315.62,555.98,127.8778,0.228
tbn,447,0,23,315.475,556.155,131.4228,0.2267
tbn,447,0,24,315.315,556.315,138.5783,0.2267
tbn,447,0,25,315.14,556.455,144.1618,0.222
tbn,447,0,26,314.945,556.58,150.2535,0.2419
tbn,447,0,27,314.735,556.685,156.8005,0.2285
tbn,447,0,28,314.515,556.77,160.8223,0.2435
tbn,447,0,29,314.285,556.84,165.3795,0.2377
tbn,447,0,30,314.045,556.89,170.9095,0.2532
tbn,447,0,31,313.79,556.925,173.4178,0.2617
tbn,447,0,32,313.53,556.945,177.7979,0.2602
tbn,447,0,33,312.915,556.95,0.0,0.97
tbn,447,0,34,312.43,554.65,90.0,4.6
tbn,447,1,0,313.125,556.44,0.0,0.21
tbn,447,1,1,313.335,556.435,177.2744,0.2103
tbn,447,1,2,313.55,556.425,177.3969,0.2202
tbn,447,1,3,313.76,556.405,171.4688,0.2022
tbn,447,1,4,313.96,556.37,168.6905,0.204
tbn,447,1,5,314.155,556.325,165.2568,0.1965
tbn,447,1,6,314.34,556.265,158.7488,0.1931
tbn,447,1,7,314.515,556.19,154.8001,0.1879
tbn,447,1,8,314.68,556.1,147.9907,0.1887
tbn,447,1,9,314.83,555.995,141.8455,0.1781
tbn,447,1,10,314.965,555.875,135.0008,0.1839
tbn,447,1,11,315.085,555.735,126.2506,0.186
tbn,447,1,12,315.185,555.58,119.3568,0.1836
tbn,447,1,13,315.27,555.41,113.967,0.197
tbn,447,1,14,315.335,555.22,104.0329,0.2062
tbn,447,1,15,315.38,555.005,99.8679,0.2335
tbn,447,1,16,315.405,554.77,92.3883,0.2402
tbn,447,1,17,315.405,554.53,87.6117,0.2402
tbn,447,1,18,315.38,554.3,79.6931,0.2236
tbn,447,1,19,315.335,554.09,75.9671,0.2062
tbn,447,1,20,315.27,553.895,67.1618,0.2062
tbn,447,1,21,315.185,553.72,60.6432,0.1836
tbn,447,1,22,315.085,553.565,53.7501,0.186
tbn,447,1,23,314.965,553.425,44.9992,0.1839
tbn,447,1,24,314.83,553.305,38.1535,0.1781
tbn,447,1,25,314.68,553.205,29.3619,0.1836
tbn,447,1,26,314.515,553.115,27.8954,0.1924
tbn,447,1,27,314.34,553.04,18.436,0.1897
tbn,447,1,28,314.155,552.98,17.5257,0.1993
tbn,447,1,29,313.96,552.93,11.3085,0.204
tbn,447,1,30,313.76,552.895,8.5323,0.2022
tbn,447,1,31,313.55,552.875,2.6021,0.2202
tbn,447,1,32,313.335,552.865,2.7266,0.2103
tbn,447,1,33,313.125,552.86,0.0,0.21
tbn,447,1,34,313.02,554.65,90.0,3.58
tbn,448,0,0,318.08,556.95,0.0,0.62
tbn,448,0,1,318.73,554.565,111.9254,5.1419
tbn,448,0,2,320.345,553.875,68.872,3.6343
tbn,448,0,3,321.655,553.875,111.1285,3.6343
tbn,448,0,4,323.275,554.565,67.9712,5.1457
tbn,448,0,5,323.925,556.95,0.0,0.63
tbn,448,0,6,322.96,555.315,68.3197,3.5189
tbn,448,0,7,321.655,555.4,110.8479,3.681
tbn,448,0,8,320.35,555.435,68.9057,3.612
tbn,448,0,9,319.045,555.35,112.2629,3.4578
tbn,449,0,0,326.535,557.115,2.2902,0.2502
tbn,449,0,1,326.295,557.09,9.8656,0.2335
tbn,449,0,2,326.065,557.04,14.6224,0.2377
tbn,449,0,3,325.835,556.97,19.1777,0.2435
tbn,449,0,4,325.615,556.88,25.4648,0.2326
tbn,449,0,5,325.41,556.77,30.962,0.2332
tbn,449,0,6,325.22,556.64,37.876,0.228
tbn,449,0,7,325.04,556.495,39.807,0.2343
tbn,449,0,8,324.87,556.33,48.3659,0.2408
tbn,449,0,9,324.72,556.15,52.1222,0.228
tbn,449,0,10,324.59,555.96,59.0369,0.2332
tbn,449,0,11,324.48,555.75,65.5548,0.2417
tbn,449,0,12,324.385,555.53,67.7519,0.2377
tbn,449,0,13,324.31,555.305,75.3797,0.2377
tbn,449,0,14,324.26,555.065,80.9078,0.2532
tbn,449,0,15,324.235,554.815,87.7141,0.2502
tbn,449,0,16,324.235,554.56,92.198,0.2602
tbn,449,0,17,324.26,554.305,99.0922,0.2532
tbn,449,0,18,324.31,554.065,104.6203,0.2377
tbn,449,0,19,324.38,553.835,109.1825,0.2435
tbn,449,0,20,324.475,553.615,117.6429,0.2371
tbn,449,0,21,324.59,553.41,120.9626,0.2332
tbn,449,0,22,324.72,553.215,126.3874,0.236
tbn,449,0,23,324.87,553.035,133.2653,0.2335
tbn,449,0,24,325.035,552.875,138.5732,0.2267
tbn,449,0,25,325.215,552.73,143.6161,0.236
tbn,449,0,26,325.41,552.605,151.1905,0.2283
tbn,449,0,27,325.615,552.5,154.5361,0.2326
tbn,449,0,28,325.83,552.41,160.0166,0.2341
tbn,449,0,29,326.055,552.34,165.3795,0.2377
tbn,449,0,30,326.29,552.295,172.875,0.2419
tbn,449,0,31,326.535,552.275,177.7098,0.2502
tbn,449,0,32,326.78,552.275,2.3856,0.2402
tbn,449,0,33,327.02,552.295,7.1241,0.2419
tbn,449,0,34,327.255,552.34,14.6224,0.2377
tbn,449,0,35,327.485,552.41,19.1786,0.2435
tbn,449,0,36,327.705,552.5,25.4639,0.2326
tbn,449,0,37,327.91,552.605,28.8095,0.2283
tbn,449,0,38,328.1,552.73,37.876,0.228
tbn,449,0,39,328.28,552.875,39.807,0.2343
tbn,449,0,40,328.45,553.035,46.7347,0.2335
tbn,449,0,41,328.6,553.215,53.6126,0.236
tbn,449,0,42,328.73,553.41,59.0374,0.2332
tbn,449,0,43,328.84,553.615,64.5352,0.2326
tbn,449,0,44,328.93,553.835,70.8242,0.2435
tbn,449,0,45,329.0,554.065,75.3797,0.2377
tbn,449,0,46,329.05,554.305,80.9078,0.2532
tbn,449,0,47,329.075,554.56,87.7952,0.2602
tbn,449,0,48,329.075,554.815,92.2928,0.2502
tbn,449,0,49,329.05,555.065,99.0922,0.2532
tbn,449,0,50,329.0,555.305,104.6203,0.2377
tbn,449,0,51,328.93,555.53,109.9799,0.2341
tbn,449,0,52,328.84,555.75,114.4452,0.2417
tbn,449,0,53,328.725,555.96,123.0253,0.2385
tbn,449,0,54,328.59,556.15,127.8778,0.228
tbn,449,0,55,328.44,556.33,131.6287,0.2408
tbn,449,0,56,328.275,556.495,138.5783,0.2267
tbn,449,0,57,328.095,556.64,143.6161,0.236
tbn,449,0,58,327.9,556.77,149.0342,0.2332
tbn,449,0,59,327.695,556.88,154.5385,0.2326
tbn,449,0,60,327.48,556.97,160.0175,0.2341
tbn,449,0,61,327.255,557.04,165.3776,0.2377
tbn,449,0,62,327.02,557.09,170.5383,0.2433
tbn,449,0,63,326.78,557.115,177.6144,0.2402
tbn,449,1,0,326.565,552.785,176.9878,0.1903
tbn,449,1,1,326.38,552.805,170.5365,0.1825
tbn,449,1,2,326.205,552.84,166.7614,0.1747
tbn,449,1,3,326.035,552.895,157.6168,0.1838
tbn,449,1,4,325.795,553.015,151.2603,0.3536
tbn,449,1,5,325.505,553.215,139.576,0.3547
tbn,449,1,6,325.255,553.47,129.398,0.3623
tbn,449,1,7,325.055,553.775,117.2573,0.3712
tbn,449,1,8,324.94,554.03,108.4342,0.1897
tbn,449,1,9,324.89,554.21,102.5314,0.1844
tbn,449,1,10,324.855,554.395,98.9723,0.1924
tbn,449,1,11,324.835,554.59,92.8565,0.2002
tbn,449,1,12,324.835,554.79,87.1435,0.2002
tbn,449,1,13,324.85,554.98,83.6537,0.1811
tbn,449,1,14,324.88,555.165,78.1176,0.1942
tbn,449,1,15,324.93,555.345,70.5609,0.1803
tbn,449,1,16,325.04,555.595,64.133,0.3667
tbn,449,1,17,325.23,555.9,51.8425,0.3561
tbn,449,1,18,325.47,556.16,42.7085,0.3538
tbn,449,1,19,325.76,556.37,29.3572,0.3672
tbn,449,1,20,326.005,556.49,19.4423,0.1803
tbn,449,1,21,326.18,556.545,15.5245,0.1868
tbn,449,1,22,326.365,556.585,8.9722,0.1924
tbn,449,1,23,326.56,556.605,2.8628,0.2003
tbn,449,1,24,326.76,556.605,177.1372,0.2003
tbn,449,1,25,326.955,556.585,171.0278,0.1924
tbn,449,1,26,327.14,556.545,164.4755,0.1868
tbn,449,1,27,327.315,556.49,160.5577,0.1803
tbn,449,1,28,327.555,556.37,149.8584,0.3585
tbn,449,1,29,327.845,556.16,138.3683,0.3613
tbn,449,1,30,328.085,555.9,126.8689,0.35
tbn,449,1,31,328.27,555.595,115.867,0.3667
tbn,449,1,32,328.38,555.345,109.4391,0.1803
tbn,449,1,33,328.43,555.165,101.8912,0.1942
tbn,449,1,34,328.465,554.98,99.4619,0.1825
tbn,449,1,35,328.485,554.79,92.8565,0.2002
tbn,449,1,36,328.485,554.59,87.1435,0.2002
tbn,449,1,37,328.465,554.395,81.0277,0.1924
tbn,449,1,38,328.425,554.21,74.4705,0.1868
tbn,449,1,39,328.37,554.03,71.5658,0.1897
tbn,449,1,40,328.255,553.775,62.7469,0.3712
tbn,449,1,41,328.055,553.47,50.5983,0.3624
tbn,449,1,42,327.805,553.215,40.4272,0.3547
tbn,449,1,43,327.515,553.015,28.7397,0.3536
tbn,449,1,44,327.275,552.895,22.3796,0.1839
tbn,449,1,45,327.105,552.84,13.2386,0.1747
tbn,449,1,46,326.93,552.805,9.4635,0.1825
tbn,449,1,47,326.75,552.785,3.1794,0.1803
tbn,450,0,0,331.61,557.115,2.3856,0.2402
tbn,450,0,1,331.37,557.09,9.4617,0.2433
tbn,450,0,2,331.135,557.04,14.6224,0.2377
tbn,450,0,3,330.91,556.97,19.9825,0.2341
tbn,450,0,4,330.695,556.88,25.4615,0.2326
tbn,450,0,5,330.49,556.77,30.9658,0.2332
tbn,450,0,6,330.295,556.64,36.3839,0.236
tbn,450,0,7,330.115,556.495,41.4217,0.2267
tbn,450,0,8,329.95,556.33,48.3713,0.2408
tbn,450,0,9,329.8,556.15,52.1222,0.228
tbn,450,0,10,329.67,555.96,59.0369,0.2332
tbn,450,0,11,329.555,555.75,63.4318,0.246
tbn,450,0,12,329.46,555.53,70.0201,0.2341
tbn,450,0,13,329.39,555.305,75.3797,0.2377
tbn,450,0,14,329.34,555.065,80.9078,0.2532
tbn,450,0,15,329.315,554.815,87.7072,0.2502
tbn,450,0,16,329.315,554.56,92.2048,0.2602
tbn,450,0,17,329.34,554.305,99.0922,0.2532
tbn,450,0,18,329.39,554.065,104.6203,0.2377
tbn,450,0,19,329.46,553.835,109.1758,0.2435
tbn,450,0,20,329.55,553.615,115.4648,0.2326
tbn,450,0,21,329.66,553.41,120.9626,0.2332
tbn,450,0,22,329.795,553.215,128.2949,0.2421
tbn,450,0,23,329.945,553.035,131.4228,0.2267
tbn,450,0,24,330.11,552.875,140.193,0.2343
tbn,450,0,25,330.29,552.73,142.124,0.228
tbn,450,0,26,330.48,552.605,151.1905,0.2283
tbn,450,0,27,330.685,552.5,154.5361,0.2326
tbn,450,0,28,330.905,552.41,160.8214,0.2435
tbn,450,0,29,331.135,552.34,165.3776,0.2377
tbn,450,0,30,331.37,552.295,172.8759,0.2419
tbn,450,0,31,331.61,552.275,177.6144,0.2402
tbn,450,0,32,331.855,552.275,2.2902,0.2502
tbn,450,0,33,332.1,552.295,7.125,0.2419
tbn,450,0,34,332.335,552.34,14.6205,0.2377
tbn,450,0,35,332.56,552.41,19.9834,0.2341
tbn,450,0,36,332.775,552.5,25.4639,0.2326
tbn,450,0,37,332.98,552.605,28.8095,0.2283
tbn,450,0,38,333.175,552.73,36.3839,0.236
tbn,450,0,39,333.355,552.875,41.4268,0.2267
tbn,450,0,40,333.52,553.035,46.7347,0.2335
tbn,450,0,41,333.67,553.215,53.6126,0.236
tbn,450,0,42,333.8,553.41,59.0374,0.2332
tbn,450,0,43,333.915,553.615,62.3571,0.2371
tbn,450,0,44,334.01,553.835,70.8175,0.2435
tbn,450,0,45,334.08,554.065,75.3797,0.2377
tbn,450,0,46,334.13,554.305,80.9078,0.2532
tbn,450,0,47,334.155,554.56,87.802,0.2602
tbn,450,0,48,334.155,554.815,92.2859,0.2502
tbn,450,0,49,334.13,555.065,99.0922,0.2532
tbn,450,0,50,334.08,555.305,104.6203,0.2377
tbn,450,0,51,334.01,555.53,109.9869,0.2341
tbn,450,0,52,333.915,555.75,116.5619,0.246
tbn,450,0,53,333.8,555.96,120.9631,0.2332
tbn,450,0,54,333.67,556.15,127.8778,0.228
tbn,450,0,55,333.52,556.33,131.6341,0.2408
tbn,450,0,56,333.355,556.495,138.5732,0.2267
tbn,450,0,57,333.175,556.64,143.6161,0.236
tbn,450,0,58,332.98,556.77,149.038,0.2332
tbn,450,0,59,332.775,556.88,154.5352,0.2326
tbn,450,0,60,332.555,556.97,160.8223,0.2435
tbn,450,0,61,332.325,557.04,165.3776,0.2377
tbn,450,0,62,332.095,557.09,170.1344,0.2335
tbn,450,0,63,331.855,557.115,177.7098,0.2502
tbn,450,1,0,331.64,552.785,176.8206,0.1803
tbn,450,1,1,331.46,552.805,170.5365,0.1825
tbn,450,1,2,331.285,552.84,166.7614,0.1747
tbn,450,1,3,331.115,552.895,157.6204,0.1839
tbn,450,1,4,330.875,553.015,151.2603,0.3536
tbn,450,1,5,330.585,553.215,139.5728,0.3547
tbn,450,1,6,330.335,553.47,129.4017,0.3624
tbn,450,1,7,330.135,553.775,117.2531,0.3712
tbn,450,1,8,330.02,554.03,108.4342,0.1897
tbn,450,1,9,329.965,554.21,105.5295,0.1868
tbn,450,1,10,329.925,554.395,98.9723,0.1924
tbn,450,1,11,329.905,554.59,92.8565,0.2002
tbn,450,1,12,329.905,554.79,87.1435,0.2002
tbn,450,1,13,329.925,554.98,80.5381,0.1825
tbn,450,1,14,329.96,555.165,78.1088,0.1942
tbn,450,1,15,330.01,555.345,70.5609,0.1803
tbn,450,1,16,330.12,555.595,64.133,0.3667
tbn,450,1,17,330.305,555.9,53.1311,0.35
tbn,450,1,18,330.545,556.16,41.6317,0.3613
tbn,450,1,19,330.835,556.37,30.1416,0.3585
tbn,450,1,20,331.075,556.49,19.4423,0.1803
tbn,450,1,21,331.255,556.545,14.7432,0.1965
tbn,450,1,22,331.44,556.585,9.4623,0.1825
tbn,450,1,23,331.63,556.605,2.8628,0.2003
tbn,450,1,24,331.83,556.605,177.1372,0.2003
tbn,450,1,25,332.025,556.585,171.0278,0.1924
tbn,450,1,26,332.21,556.545,164.4755,0.1868
tbn,450,1,27,332.385,556.49,160.5577,0.1803
tbn,450,1,28,332.63,556.37,150.6428,0.3672
tbn,450,1,29,332.92,556.16,137.2915,0.3538
tbn,450,1,30,333.16,555.9,128.1575,0.3561
tbn,450,1,31,333.35,555.595,115.867,0.3667
tbn,450,1,32,333.46,555.345,109.4391,0.1803
tbn,450,1,33,333.51,555.165,101.8824,0.1942
tbn,450,1,34,333.54,554.98,96.3463,0.1811
tbn,450,1,35,333.555,554.79,92.8565,0.2002
tbn,450,1,36,333.555,554.59,87.1435,0.2002
tbn,450,1,37,333.54,554.395,83.9851,0.1911
tbn,450,1,38,333.505,554.21,74.4795,0.1868
tbn,450,1,39,333.45,554.03,71.5658,0.1897
tbn,450,1,40,333.335,553.775,62.7427,0.3712
tbn,450,1,41,333.135,553.47,50.602,0.3623
tbn,450,1,42,332.885,553.215,40.424,0.3547
tbn,450,1,43,332.595,553.015,28.7397,0.3536
tbn,450,1,44,332.355,552.895,22.3832,0.1838
tbn,450,1,45,332.185,552.84,13.2386,0.1747
tbn,450,1,46,332.01,552.805,9.4635,0.1825
tbn,450,1,47,331.825,552.785,3.0122,0.1903
tbn,451,0,0,335.2,552.35,0.0,0.96
tbn,451,0,1,335.815,552.355,2.1206,0.2702
tbn,451,0,2,336.08,552.375,6.583,0.2617
tbn,451,0,3,336.335,552.41,9.0905,0.2532
tbn,451,0,4,336.58,552.46,14.0345,0.2474
tbn,451,0,5,336.815,552.53,19.1809,0.2435
tbn,451,0,6,337.035,552.62,25.4607,0.2326
tbn,451,0,7,337.245,552.73,29.7457,0.2419
tbn,451,0,8,337.44,552.855,35.839,0.222
tbn,451,0,9,337.615,552.995,41.4217,0.2267
tbn,451,0,10,337.775,553.16,50.1956,0.2343
tbn,451,0,11,337.915,553.345,55.6185,0.2302
tbn,451,0,12,338.035,553.545,62.3571,0.2371
tbn,451,0,13,338.135,553.76,67.7519,0.2377
tbn,451,0,14,338.215,553.995,74.3562,0.2596
tbn,451,0,15,338.265,554.255,83.6601,0.2717
tbn,451,0,16,338.29,554.535,86.057,0.2907
tbn,451,0,17,338.29,554.815,94.2341,0.2707
tbn,451,0,18,338.26,555.085,98.4287,0.2729
tbn,451,0,19,338.21,555.34,104.0356,0.2474
tbn,451,0,20,338.135,555.57,112.2481,0.2377
tbn,451,0,21,338.035,555.785,117.6429,0.2371
tbn,451,0,22,337.915,555.98,125.8386,0.222
tbn,451,0,23,337.77,556.155,133.2653,0.2335
tbn,451,0,24,337.61,556.315,136.848,0.2193
tbn,451,0,25,337.435,556.455,145.6206,0.2302
tbn,451,0,26,337.24,556.58,149.0334,0.2332
tbn,451,0,27,337.03,556.685,157.7511,0.2377
tbn,451,0,28,336.81,556.77,160.0175,0.2341
tbn,451,0,29,336.58,556.84,165.9646,0.2474
tbn,451,0,30,336.335,556.89,170.9095,0.2532
tbn,451,0,31,336.085,556.925,173.1575,0.2518
tbn,451,0,32,335.83,556.945,177.7976,0.2602
tbn,451,0,33,335.21,556.95,0.0,0.98
tbn,451,0,34,334.72,554.65,90.0,4.6
tbn,451,1,0,335.42,556.44,0.0,0.2
tbn,451,1,1,335.63,556.435,177.3979,0.2202
tbn,451,1,2,335.845,556.425,177.2734,0.2103
tbn,451,1,3,336.055,556.405,171.8699,0.2121
tbn,451,1,4,336.255,556.37,168.1112,0.1942
tbn,451,1,5,336.445,556.325,165.2568,0.1965
tbn,451,1,6,336.635,556.265,159.7755,0.2025
tbn,451,1,7,336.81,556.19,153.4349,0.1789
tbn,451,1,8,336.97,556.1,147.9907,0.1887
tbn,451,1,9,337.12,555.995,141.8455,0.1781
tbn,451,1,10,337.255,555.875,135.0008,0.1839
tbn,451,1,11,337.375,555.735,126.2506,0.186
tbn,451,1,12,337.48,555.58,122.007,0.1887
tbn,451,1,13,337.565,555.41,111.2525,0.1931
tbn,451,1,14,337.63,555.22,106.6985,0.2088
tbn,451,1,15,337.675,555.005,97.4311,0.2319
tbn,451,1,16,337.695,554.77,92.3883,0.2402
tbn,451,1,17,337.695,554.53,87.6117,0.2402
tbn,451,1,18,337.675,554.3,82.2352,0.222
tbn,451,1,19,337.63,554.09,73.3015,0.2088
tbn,451,1,20,337.565,553.895,69.7731,0.2025
tbn,451,1,21,337.48,553.72,57.993,0.1887
tbn,451,1,22,337.375,553.565,53.7501,0.186
tbn,451,1,23,337.255,553.425,44.9992,0.1839
tbn,451,1,24,337.12,553.305,38.1535,0.1781
tbn,451,1,25,336.97,553.205,29.3619,0.1836
tbn,451,1,26,336.81,553.115,29.3572,0.1836
tbn,451,1,27,336.635,553.04,17.5257,0.1993
tbn,451,1,28,336.445,552.98,17.5257,0.1993
tbn,451,1,29,336.255,552.93,11.8877,0.1942
tbn,451,1,30,336.055,552.895,8.1311,0.2121
tbn,451,1,31,335.845,552.875,2.7256,0.2103
tbn,451,1,32,335.63,552.865,2.6031,0.2202
tbn,451,1,33,335.42,552.86,0.0,0.2
tbn,451,1,34,335.32,554.65,90.0,3.58
tbn,452,0,0,339.06,552.205,67.0109,1.7924
tbn,452,0,1,338.885,551.315,159.6243,0.3734
tbn,452,0,2,339.485,552.05,62.0203,1.8118
tbn,452,0,3,339.66,552.94,160.2011,0.5314
tbn,453,0,0,345.22,553.865,66.6065,3.4757
tbn,453,0,1,345.915,555.46,0.0,0.01
tbn,453,0,2,346.19,553.905,99.8499,3.1565
tbn,453,0,3,346.76,552.35,0.0,0.6
tbn,453,0,4,346.585,554.78,101.0605,4.952
tbn,453,0,5,345.32,555.39,66.5362,3.9681
tbn,453,0,6,343.735,555.39,113.5963,3.9721
tbn,453,0,7,342.47,554.78,79.0532,4.9501
tbn,453,0,8,342.295,552.35,0.0,0.59
tbn,453,0,9,342.86,553.9,80.1184,3.1467
tbn,453,0,10,343.135,555.45,0.0,0.01
tbn,453,0,11,343.835,553.86,113.6107,3.4705
tbn,454,0,0,347.855,556.95,0.0,0.59
tbn,454,0,1,347.56,554.65,90.0,4.6
tbn,454,0,2,347.855,552.35,0.0,0.59
tbn,454,0,3,348.15,554.65,90.0,4.6
tbn,455,0,0,351.5,556.525,123.6914,0.1803
tbn,455,0,1,351.39,556.665,132.7088,0.1769
tbn,455,0,2,351.26,556.79,139.3948,0.1844
tbn,455,0,3,351.12,556.9,144.4656,0.1721
tbn,455,0,4,350.97,556.985,156.3712,0.1746
tbn,455,0,5,350.805,557.05,160.5577,0.1803
tbn,455,0,6,350.63,557.095,170.5393,0.1825
tbn,455,0,7,350.445,557.115,176.9878,0.1903
tbn,455,0,8,350.225,557.11,4.5732,0.2508
tbn,455,0,9,349.975,557.07,13.496,0.2571
tbn,455,0,10,349.73,556.995,20.5568,0.2563
tbn,455,0,11,349.51,556.88,34.9903,0.2441
tbn,455,0,12,349.32,556.725,43.3649,0.2476
tbn,455,0,13,349.165,556.54,56.9747,0.2385
tbn,455,0,14,349.055,556.325,68.6305,0.247
tbn,455,0,15,348.995,556.075,83.66,0.2717
tbn,455,0,16,348.99,555.825,94.9745,0.2309
tbn,455,0,17,349.035,555.605,108.4293,0.2214
tbn,455,0,18,349.115,555.415,117.8966,0.1924
tbn,455,0,19,349.225,555.255,130.9152,0.1985
tbn,455,0,20,349.37,555.11,138.8148,0.2126
tbn,455,0,21,349.535,554.985,147.0967,0.2025
tbn,455,0,22,349.715,554.88,152.2421,0.2147
tbn,455,0,23,349.905,554.785,154.6541,0.2102
tbn,455,0,24,350.16,554.67,156.3692,0.3493
tbn,455,0,25,350.465,554.53,154.2308,0.322
tbn,455,0,26,350.735,554.37,144.2466,0.3081
tbn,455,0,27,350.91,554.22,129.8066,0.1562
tbn,455,0,28,351.0,554.095,121.6037,0.1526
tbn,455,0,29,351.065,553.955,108.4411,0.1581
tbn,455,0,30,351.1,553.79,96.3367,0.1811
tbn,455,0,31,351.1,553.61,83.6633,0.1811
tbn,455,0,32,351.07,553.435,76.7566,0.1746
tbn,455,0,33,351.01,553.27,63.4388,0.1789
tbn,455,0,34,350.92,553.12,54.4613,0.1721
tbn,455,0,35,350.81,552.995,42.5108,0.1628
tbn,455,0,36,350.675,552.895,30.9597,0.1749
tbn,455,0,37,350.52,552.825,17.3578,0.1676
tbn,455,0,38,350.35,552.79,6.3383,0.1811
tbn,455,0,39,350.17,552.785,176.8206,0.1803
tbn,455,0,40,349.995,552.815,163.6119,0.1772
tbn,455,0,41,349.835,552.88,151.926,0.17
tbn,455,0,42,349.695,552.975,139.7645,0.1703
tbn,455,0,43,349.575,553.095,130.2332,0.1703
tbn,455,0,44,349.475,553.24,119.3568,0.1836
tbn,455,0,45,349.405,553.405,106.395,0.1772
tbn,455,0,46,349.375,553.585,93.0066,0.1903
tbn,455,0,47,349.07,553.615,12.2251,0.6139
tbn,455,0,48,348.8,553.415,102.5285,0.2766
tbn,455,0,49,348.88,553.155,111.8026,0.2693
tbn,455,0,50,349.0,552.92,122.4681,0.2608
tbn,455,0,51,349.16,552.715,133.4552,0.2617
tbn,455,0,52,349.355,552.545,144.4616,0.2581
tbn,455,0,53,349.575,552.415,154.441,0.255
tbn,455,0,54,349.815,552.325,164.3578,0.2596
tbn,455,0,55,350.075,552.28,175.7633,0.2707
tbn,455,0,56,350.36,552.28,3.8143,0.3007
tbn,455,0,57,350.65,552.33,15.9451,0.2912
tbn,455,0,58,350.92,552.43,24.7748,0.2864
tbn,455,0,59,351.16,552.575,37.6938,0.278
tbn,455,0,60,351.36,552.765,49.3997,0.2766
tbn,455,0,61,351.52,552.99,59.7411,0.2779
tbn,455,0,62,351.63,553.25,74.0571,0.2912
tbn,455,0,63,351.685,553.545,84.4727,0.3114
tbn,455,0,64,351.69,553.84,94.0834,0.2807
tbn,455,0,65,351.645,554.1,106.2617,0.25
tbn,455,0,66,351.56,554.325,115.4648,0.2326
tbn,455,0,67,351.44,554.52,127.8718,0.228
tbn,455,0,68,351.285,554.69,136.738,0.2335
tbn,455,0,69,351.1,554.835,146.9735,0.2385
tbn,455,0,70,350.89,554.96,151.3899,0.2506
tbn,455,0,71,350.66,555.075,155.3782,0.264
tbn,455,0,72,350.375,555.195,158.4976,0.3547
tbn,455,0,73,350.1,555.31,155.5565,0.2417
tbn,455,0,74,349.89,555.43,145.0097,0.2441
tbn,455,0,75,349.745,555.545,134.9988,0.1273
tbn,455,0,76,349.67,555.64,120.9621,0.1166
tbn,455,0,77,349.615,555.75,112.6151,0.13
tbn,455,0,78,349.585,555.875,94.4029,0.1304
tbn,455,0,79,349.585,556.01,85.9104,0.1404
tbn,455,0,80,349.615,556.15,70.3505,0.1487
tbn,455,0,81,349.68,556.275,53.967,0.136
tbn,455,0,82,349.77,556.38,45.0066,0.1414
tbn,455,0,83,349.945,556.495,27.4746,0.2818
tbn,455,0,84,350.205,556.585,10.4906,0.2746
tbn,455,0,85,350.46,556.595,172.875,0.2419
tbn,455,0,86,350.68,556.54,158.1993,0.2154
tbn,455,0,87,350.86,556.43,138.8148,0.2126
tbn,455,0,88,351.01,556.26,124.9889,0.2441
tbn,455,0,89,351.315,556.305,31.6755,0.5523
tbn,456,0,0,354.79,556.525,123.6914,0.1803
tbn,456,0,1,354.68,556.665,132.7088,0.1769
tbn,456,0,2,354.555,556.79,137.291,0.1769
tbn,456,0,3,354.415,556.9,146.3093,0.1803
tbn,456,0,4,354.26,556.985,156.3712,0.1746
tbn,456,0,5,354.095,557.05,160.5577,0.1803
tbn,456,0,6,353.92,557.095,170.5393,0.1825
tbn,456,0,7,353.74,557.115,176.8206,0.1803
tbn,456,0,8,353.52,557.11,4.3978,0.2608
tbn,456,0,9,353.265,557.07,13.496,0.2571
tbn,456,0,10,353.025,556.995,21.3723,0.247
tbn,456,0,11,352.805,556.88,33.6872,0.2524
tbn,456,0,12,352.61,556.725,43.3649,0.2476
tbn,456,0,13,352.455,556.54,56.9747,0.2385
tbn,456,0,14,352.345,556.325,68.6305,0.247
tbn,456,0,15,352.285,556.075,83.66,0.2717
tbn,456,0,16,352.28,555.825,94.9745,0.2309
tbn,456,0,17,352.325,555.605,108.4293,0.2214
tbn,456,0,18,352.41,555.415,120.4673,0.1972
tbn,456,0,19,352.52,555.255,128.6584,0.1921
tbn,456,0,20,352.66,555.11,138.8148,0.2126
tbn,456,0,21,352.825,554.985,147.0967,0.2025
tbn,456,0,22,353.005,554.88,152.2421,0.2147
tbn,456,0,23,353.195,554.785,154.6541,0.2102
tbn,456,0,24,353.45,554.67,156.3692,0.3493
tbn,456,0,25,353.755,554.53,154.2308,0.322
tbn,456,0,26,354.025,554.37,144.2466,0.3081
tbn,456,0,27,354.2,554.22,129.8066,0.1562
tbn,456,0,28,354.29,554.095,121.6037,0.1526
tbn,456,0,29,354.355,553.955,108.4411,0.1581
tbn,456,0,30,354.39,553.79,96.3367,0.1811
tbn,456,0,31,354.39,553.61,83.6633,0.1811
tbn,456,0,32,354.36,553.435,76.7566,0.1746
tbn,456,0,33,354.3,553.27,63.4388,0.1789
tbn,456,0,34,354.21,553.12,54.4613,0.1721
tbn,456,0,35,354.1,552.995,42.5108,0.1628
tbn,456,0,36,353.965,552.895,30.9597,0.1749
tbn,456,0,37,353.81,552.825,17.3578,0.1676
tbn,456,0,38,353.64,552.79,6.3383,0.1811
tbn,456,0,39,353.46,552.785,176.8206,0.1803
tbn,456,0,40,353.29,552.815,162.6466,0.1676
tbn,456,0,41,353.13,552.88,153.4349,0.1789
tbn,456,0,42,352.985,552.975,139.7645,0.1703
tbn,456,0,43,352.865,553.095,130.2332,0.1703
tbn,456,0,44,352.77,553.24,116.5612,0.1789
tbn,456,0,45,352.7,553.405,109.4482,0.1803
tbn,456,0,46,352.665,553.585,93.0066,0.1903
tbn,456,0,47,352.36,553.615,12.2251,0.6139
tbn,456,0,48,352.09,553.415,102.5285,0.2766
tbn,456,0,49,352.17,553.155,111.8026,0.2693
tbn,456,0,50,352.295,552.92,124.2856,0.2663
tbn,456,0,51,352.455,552.715,131.8221,0.255
tbn,456,0,52,352.645,552.545,144.4616,0.2581
tbn,456,0,53,352.865,552.415,154.441,0.255
tbn,456,0,54,353.105,552.325,164.3578,0.2596
tbn,456,0,55,353.37,552.28,175.9143,0.2807
tbn,456,0,56,353.66,552.28,3.8143,0.3007
tbn,456,0,57,353.945,552.33,16.5046,0.2816
tbn,456,0,58,354.21,552.43,24.7748,0.2864
tbn,456,0,59,354.45,552.575,37.6938,0.278
tbn,456,0,60,354.65,552.765,49.3997,0.2766
tbn,456,0,61,354.81,552.99,59.7411,0.2779
tbn,456,0,62,354.925,553.25,72.1817,0.2941
tbn,456,0,63,354.985,553.545,84.4727,0.3114
tbn,456,0,64,354.985,553.84,96.1153,0.2816
tbn,456,0,65,354.94,554.1,104.0356,0.2474
tbn,456,0,66,354.855,554.325,117.6495,0.2371
tbn,456,0,67,354.73,554.52,127.8718,0.228
tbn,456,0,68,354.575,554.69,136.738,0.2335
tbn,456,0,69,354.39,554.835,146.9735,0.2385
tbn,456,0,70,354.18,554.96,151.3899,0.2506
tbn,456,0,71,353.95,555.075,155.3782,0.264
tbn,456,0,72,353.67,555.195,157.8889,0.3454
tbn,456,0,73,353.4,555.31,155.5565,0.2417
tbn,456,0,74,353.185,555.43,146.3128,0.2524
tbn,456,0,75,353.035,555.545,134.9988,0.1273
tbn,456,0,76,352.96,555.64,120.9621,0.1166
tbn,456,0,77,352.905,555.75,112.6151,0.13
tbn,456,0,78,352.875,555.875,94.4029,0.1304
tbn,456,0,79,352.875,556.01,85.9104,0.1404
tbn,456,0,80,352.91,556.15,66.8022,0.1523
tbn,456,0,81,352.975,556.275,57.5262,0.1304
tbn,456,0,82,353.06,556.38,45.0066,0.1414
tbn,456,0,83,353.235,556.495,27.4746,0.2818
tbn,456,0,84,353.495,556.585,10.4906,0.2746
tbn,456,0,85,353.75,556.595,172.875,0.2419
tbn,456,0,86,353.97,556.54,158.1993,0.2154
tbn,456,0,87,354.15,556.43,138.8148,0.2126
tbn,456,0,88,354.3,556.26,124.9889,0.2441
tbn,456,0,89,354.605,556.305,31.6755,0.5523
tbn,457,0,0,357.525,557.115,2.2902,0.2502
tbn,457,0,1,357.285,557.09,9.8656,0.2335
tbn,457,0,2,357.055,557.04,14.6224,0.2377
tbn,457,0,3,356.825,556.97,19.1777,0.2435
tbn,457,0,4,356.605,556.88,25.4648,0.2326
tbn,457,0,5,356.4,556.77,30.962,0.2332
tbn,457,0,6,356.21,556.64,37.876,0.228
tbn,457,0,7,356.03,556.495,39.807,0.2343
tbn,457,0,8,355.86,556.33,48.3659,0.2408
tbn,457,0,9,355.71,556.15,52.1222,0.228
tbn,457,0,10,355.58,555.96,59.0369,0.2332
tbn,457,0,11,355.47,555.75,65.5548,0.2417
tbn,457,0,12,355.375,555.53,67.7519,0.2377
tbn,457,0,13,355.3,555.305,75.3797,0.2377
tbn,457,0,14,355.255,555.065,83.1575,0.2518
tbn,457,0,15,355.23,554.815,85.4286,0.2508
tbn,457,0,16,355.23,554.56,94.3963,0.2608
tbn,457,0,17,355.255,554.305,96.8425,0.2518
tbn,457,0,18,355.3,554.065,104.6203,0.2377
tbn,457,0,19,355.37,553.835,109.1825,0.2435
tbn,457,0,20,355.465,553.615,117.6429,0.2371
tbn,457,0,21,355.58,553.41,120.9626,0.2332
tbn,457,0,22,355.71,553.215,126.3874,0.236
tbn,457,0,23,355.86,553.035,133.2653,0.2335
tbn,457,0,24,356.025,552.875,138.5732,0.2267
tbn,457,0,25,356.205,552.73,143.6161,0.236
tbn,457,0,26,356.4,552.605,151.1905,0.2283
tbn,457,0,27,356.605,552.5,154.5361,0.2326
tbn,457,0,28,356.82,552.41,160.0166,0.2341
tbn,457,0,29,357.045,552.34,165.3795,0.2377
tbn,457,0,30,357.28,552.295,172.875,0.2419
tbn,457,0,31,357.525,552.275,177.7098,0.2502
tbn,457,0,32,357.77,552.275,2.3856,0.2402
tbn,457,0,33,358.01,552.295,7.1241,0.2419
tbn,457,0,34,358.245,552.34,14.6224,0.2377
tbn,457,0,35,358.475,552.41,19.1786,0.2435
tbn,457,0,36,358.695,552.5,25.4639,0.2326
tbn,457,0,37,358.9,552.605,28.8095,0.2283
tbn,457,0,38,359.095,552.73,36.3839,0.236
tbn,457,0,39,359.275,552.875,41.4268,0.2267
tbn,457,0,40,359.44,553.035,46.7347,0.2335
tbn,457,0,41,359.59,553.215,53.6126,0.236
tbn,457,0,42,359.72,553.41,59.0374,0.2332
tbn,457,0,43,359.83,553.615,64.5352,0.2326
tbn,457,0,44,359.92,553.835,70.8242,0.2435
tbn,457,0,45,359.99,554.065,75.3797,0.2377
tbn,457,0,46,360.04,554.305,80.9078,0.2532
tbn,457,0,47,360.065,554.56,87.7952,0.2602
tbn,457,0,48,360.065,554.815,92.2928,0.2502
tbn,457,0,49,360.04,555.065,99.0922,0.2532
tbn,457,0,50,359.99,555.305,104.6203,0.2377
tbn,457,0,51,359.92,555.53,109.9799,0.2341
tbn,457,0,52,359.83,555.75,114.4452,0.2417
tbn,457,0,53,359.715,555.96,123.0253,0.2385
tbn,457,0,54,359.58,556.15,127.8778,0.228
tbn,457,0,55,359.43,556.33,131.6287,0.2408
tbn,457,0,56,359.265,556.495,138.5783,0.2267
tbn,457,0,57,359.085,556.64,143.6161,0.236
tbn,457,0,58,358.89,556.77,149.0342,0.2332
tbn,457,0,59,358.685,556.88,154.5385,0.2326
tbn,457,0,60,358.47,556.97,160.0175,0.2341
tbn,457,0,61,358.245,557.04,165.3776,0.2377
tbn,457,0,62,358.01,557.09,170.5383,0.2433
tbn,457,0,63,357.77,557.115,177.6144,0.2402
tbn,457,1,0,357.555,552.785,176.9878,0.1903
tbn,457,1,1,357.37,552.805,170.5365,0.1825
tbn,457,1,2,357.195,552.84,166.7614,0.1747
tbn,457,1,3,357.025,552.895,157.6168,0.1838
tbn,457,1,4,356.785,553.015,151.2603,0.3536
tbn,457,1,5,356.495,553.215,139.576,0.3547
tbn,457,1,6,356.25,553.47,128.1571,0.3561
tbn,457,1,7,356.05,553.775,118.6096,0.3759
tbn,457,1,8,355.93,554.03,108.4342,0.1897
tbn,457,1,9,355.88,554.21,102.5314,0.1844
tbn,457,1,10,355.845,554.395,98.9723,0.1924
tbn,457,1,11,355.825,554.59,92.8565,0.2002
tbn,457,1,12,355.825,554.79,87.1435,0.2002
tbn,457,1,13,355.84,554.98,83.6537,0.1811
tbn,457,1,14,355.87,555.165,78.1176,0.1942
tbn,457,1,15,355.92,555.345,70.5609,0.1803
tbn,457,1,16,356.03,555.595,64.133,0.3667
tbn,457,1,17,356.22,555.9,51.8425,0.3561
tbn,457,1,18,356.465,556.16,41.6317,0.3613
tbn,457,1,19,356.755,556.37,30.1416,0.3585
tbn,457,1,20,356.995,556.49,19.4423,0.1803
tbn,457,1,21,357.17,556.545,15.5245,0.1868
tbn,457,1,22,357.355,556.585,8.9722,0.1924
tbn,457,1,23,357.55,556.605,2.8628,0.2003
tbn,457,1,24,357.75,556.605,177.1372,0.2003
tbn,457,1,25,357.945,556.585,171.0278,0.1924
tbn,457,1,26,358.13,556.545,164.4755,0.1868
tbn,457,1,27,358.305,556.49,160.5577,0.1803
tbn,457,1,28,358.545,556.37,149.8584,0.3585
tbn,457,1,29,358.835,556.16,138.3683,0.3613
tbn,457,1,30,359.075,555.9,126.8689,0.35
tbn,457,1,31,359.26,555.595,115.867,0.3667
tbn,457,1,32,359.37,555.345,109.4391,0.1803
tbn,457,1,33,359.42,555.165,101.8912,0.1942
tbn,457,1,34,359.455,554.98,99.4619,0.1825
tbn,457,1,35,359.475,554.79,92.8565,0.2002
tbn,457,1,36,359.475,554.59,87.1435,0.2002
tbn,457,1,37,359.455,554.395,81.0277,0.1924
tbn,457,1,38,359.415,554.21,74.4705,0.1868
tbn,457,1,39,359.36,554.03,71.5658,0.1897
tbn,457,1,40,359.245,553.775,62.7469,0.3712
tbn,457,1,41,359.05,553.47,51.8429,0.3561
tbn,457,1,42,358.8,553.215,39.4007,0.3624
tbn,457,1,43,358.505,553.015,28.7397,0.3536
tbn,457,1,44,358.27,552.895,23.63,0.1746
tbn,457,1,45,358.1,552.84,12.5264,0.1844
tbn,457,1,46,357.92,552.805,9.4635,0.1825
tbn,457,1,47,357.74,552.785,3.1794,0.1803
tbn,458,0,0,360.55,555.495,90.0,2.91
tbn,458,0,1,360.555,553.945,93.0157,0.1903
tbn,458,0,2,360.57,553.76,96.3367,0.1811
tbn,458,0,3,360.6,553.585,103.2431,0.1746
tbn,458,0,4,360.645,553.415,106.3859,0.1772
tbn,458,0,5,360.74,553.18,115.0192,0.3311
tbn,458,0,6,360.91,552.9,127.5658,0.328
tbn,458,0,7,361.13,552.665,138.8167,0.3189
tbn,458,0,8,361.4,552.48,151.9266,0.34
tbn,458,0,9,361.63,552.37,159.444,0.1709
tbn,458,0,10,361.795,552.32,166.7579,0.1746
tbn,458,0,11,361.97,552.29,173.6617,0.1811
tbn,458,0,12,362.16,552.275,177.1367,0.2002
tbn,458,0,13,362.355,552.275,3.0134,0.1903
tbn,458,0,14,362.54,552.29,6.3394,0.1811
tbn,458,0,15,362.715,552.32,13.2398,0.1747
tbn,458,0,16,362.885,552.37,19.439,0.1803
tbn,458,0,17,363.115,552.48,28.8884,0.3312
tbn,458,0,18,363.38,552.665,41.1833,0.3189
tbn,458,0,19,363.6,552.9,52.4342,0.328
tbn,458,0,20,363.77,553.18,64.9808,0.3311
tbn,458,0,21,363.865,553.415,73.6141,0.1772
tbn,458,0,22,363.91,553.585,76.7569,0.1746
tbn,458,0,23,363.94,553.76,83.6633,0.1811
tbn,458,0,24,363.955,553.945,86.9843,0.1903
tbn,458,0,25,363.96,555.495,90.0,2.91
tbn,458,0,26,363.66,556.95,0.0,0.6
tbn,458,0,27,363.36,555.595,90.0,2.71
tbn,458,0,28,363.355,554.1,87.9526,0.2802
tbn,458,0,29,363.33,553.825,81.5775,0.2729
tbn,458,0,30,363.275,553.565,74.3562,0.2596
tbn,458,0,31,363.19,553.33,65.5548,0.2417
tbn,458,0,32,363.065,553.13,50.1956,0.2343
tbn,458,0,33,362.895,552.97,36.3839,0.236
tbn,458,0,34,362.745,552.875,24.4465,0.1208
tbn,458,0,35,362.625,552.83,17.1025,0.136
tbn,458,0,36,362.485,552.8,7.5936,0.1514
tbn,458,0,37,362.335,552.785,3.8136,0.1503
tbn,458,0,38,362.18,552.785,176.4243,0.1603
tbn,458,0,39,362.03,552.8,171.8688,0.1414
tbn,458,0,40,361.895,552.83,162.8975,0.136
tbn,458,0,41,361.77,552.875,157.3796,0.13
tbn,458,0,42,361.615,552.97,143.6161,0.236
tbn,458,0,43,361.445,553.13,129.8044,0.2343
tbn,458,0,44,361.32,553.33,114.4452,0.2417
tbn,458,0,45,361.235,553.565,105.6438,0.2596
tbn,458,0,46,361.18,553.825,98.4288,0.2729
tbn,458,0,47,361.155,554.1,92.0411,0.2802
tbn,458,0,48,361.15,555.595,90.0,2.71
tbn,458,0,49,360.85,556.95,0.0,0.6
tbn,459,0,0,366.32,554.395,11.7686,0.2451
tbn,459,0,1,366.545,554.47,25.4615,0.2326
tbn,459,0,2,366.745,554.585,34.3794,0.2302
tbn,459,0,3,366.92,554.73,45.0048,0.2263
tbn,459,0,4,367.065,554.9,54.1614,0.222
tbn,459,0,5,367.175,555.095,66.8025,0.2285
tbn,459,0,6,367.245,555.315,77.7308,0.2354
tbn,459,0,7,367.28,555.545,85.033,0.2309
tbn,459,0,8,367.27,555.82,97.1265,0.3225
tbn,459,0,9,367.195,556.125,110.7697,0.3102
tbn,459,0,10,367.05,556.4,124.6942,0.3162
tbn,459,0,11,366.835,556.635,139.9699,0.3265
tbn,459,0,12,366.565,556.8,157.5207,0.3139
tbn,459,0,13,366.26,556.89,169.381,0.3256
tbn,459,0,14,365.94,556.935,174.6438,0.3214
tbn,459,0,15,365.62,556.95,0.0,0.32
tbn,459,0,16,365.1,556.95,0.0,0.72
tbn,459,0,17,364.74,554.65,90.0,4.6
tbn,459,0,18,365.04,552.35,0.0,0.6
tbn,459,0,19,365.34,553.33,90.0,1.96
tbn,459,0,20,365.46,554.31,0.0,0.24
tbn,459,0,21,366.27,553.33,125.1488,2.3971
tbn,459,0,22,367.3,552.35,0.0,0.68
tbn,459,0,23,366.92,553.36,125.484,2.4807
tbn,459,1,0,365.415,556.44,0.0,0.15
tbn,459,1,1,365.605,556.435,177.5107,0.2302
tbn,459,1,2,365.83,556.42,174.8055,0.2209
tbn,459,1,3,366.05,556.39,169.695,0.2236
tbn,459,1,4,366.26,556.335,160.7111,0.2119
tbn,459,1,5,366.445,556.25,149.5323,0.1972
tbn,459,1,6,366.595,556.13,132.8793,0.1911
tbn,459,1,7,366.705,555.965,115.3454,0.2102
tbn,459,1,8,366.765,555.755,97.4311,0.2319
tbn,459,1,9,366.765,555.52,82.8753,0.2419
tbn,459,1,10,366.71,555.305,67.1696,0.2061
tbn,459,1,11,366.605,555.14,47.1199,0.1911
tbn,459,1,12,366.46,555.015,34.5081,0.1942
tbn,459,1,13,366.285,554.925,20.2245,0.2025
tbn,459,1,14,366.085,554.87,10.785,0.2138
tbn,459,1,15,365.865,554.84,4.9696,0.2309
tbn,459,1,16,365.635,554.825,2.4893,0.2302
tbn,459,1,17,365.43,554.82,0.0,0.18
tbn,459,1,18,365.34,555.63,90.0,1.62
tbn,460,0,0,368.365,556.95,0.0,0.59
tbn,460,0,1,368.07,554.65,90.0,4.6
tbn,460,0,2,368.365,552.35,0.0,0.59
tbn,460,0,3,368.66,554.65,90.0,4.6
tbn,461,0,0,350.45,532.71,0.0,2.88
tbn,461,0,1,351.89,533.005,90.0,0.59
tbn,461,0,2,350.795,533.3,0.0,2.19
tbn,461,0,3,349.7,534.33,90.0,2.06
tbn,461,0,4,350.765,535.36,0.0,2.13
tbn,461,0,5,351.83,535.655,90.0,0.59
tbn,461,0,6,350.765,535.95,0.0,2.13
tbn,461,0,7,349.7,536.685,90.0,1.47
tbn,461,0,8,350.795,537.42,0.0,2.19
tbn,461,0,9,351.89,537.715,90.0,0.59
tbn,461,0,10,350.45,538.01,0.0,2.88
tbn,461,0,11,349.01,535.36,90.0,5.3
tbn,462,0,0,353.035,538.01,0.0,0.69
tbn,462,0,1,352.69,535.36,90.0,5.3
tbn,462,0,2,353.845,532.71,0.0,2.31
tbn,462,0,3,355.0,533.005,90.0,0.59
tbn,462,0,4,354.19,533.3,0.0,1.62
tbn,462,0,5,353.38,535.655,90.0,4.71
tbn,463,0,0,356.86,532.71,0.0,2.88
tbn,463,0,1,358.3,533.005,90.0,0.59
tbn,463,0,2,357.2,533.3,0.0,2.2
tbn,463,0,3,356.1,534.33,90.0,2.06
tbn,463,0,4,357.17,535.36,0.0,2.14
tbn,463,0,5,358.24,535.655,90.0,0.59
tbn,463,0,6,357.17,535.95,0.0,2.14
tbn,463,0,7,356.1,536.685,90.0,1.47
tbn,463,0,8,357.2,537.42,0.0,2.2
tbn,463,0,9,358.3,537.715,90.0,0.59
tbn,463,0,10,356.86,538.01,0.0,2.88
tbn,463,0,11,355.42,535.36,90.0,5.3
tbn,464,0,0,358.875,538.01,0.0,0.73
tbn,464,0,1,359.665,535.225,112.5248,6.03
tbn,464,0,2,361.975,535.225,67.4749,6.03
tbn,464,0,3,362.765,538.01,0.0,0.73
tbn,464,0,4,361.61,536.06,67.9455,4.2079
tbn,464,0,5,360.03,536.06,112.0541,4.2079
tbn,465,0,0,350.75,544.995,90.0,0.59
tbn,465,0,1,349.445,545.29,0.0,2.61
tbn,465,0,2,348.14,542.64,90.0,5.3
tbn,465,0,3,348.485,539.99,0.0,0.69
tbn,465,0,4,348.83,541.315,90.0,2.65
tbn,465,0,5,349.755,542.64,0.0,1.85
tbn,465,0,6,350.68,542.935,90.0,0.59
tbn,465,0,7,349.755,543.23,0.0,1.85
tbn,465,0,8,348.83,543.965,90.0,1.47
tbn,465,0,9,349.79,544.7,0.0,1.92
tbn,466,0,0,351.84,545.29,0.0,0.68
tbn,466,0,1,351.5,542.64,90.0,5.3
tbn,466,0,2,351.84,539.99,0.0,0.68
tbn,466,0,3,352.18,542.64,90.0,5.3
tbn,467,0,0,354.58,539.99,0.0,2.88
tbn,467,0,1,356.02,540.28,90.0,0.58
tbn,467,0,2,354.92,540.57,0.0,2.2
tbn,467,0,3,353.82,541.605,90.0,2.07
tbn,467,0,4,354.89,542.64,0.0,2.14
tbn,467,0,5,355.96,542.935,90.0,0.59
tbn,467,0,6,354.89,543.23,0.0,2.14
tbn,467,0,7,353.82,543.965,90.0,1.47
tbn,467,0,8,354.92,544.7,0.0,2.2
tbn,467,0,9,356.02,544.995,90.0,0.59
tbn,467,0,10,354.58,545.29,0.0,2.88
tbn,467,0,11,353.14,542.64,90.0,5.3
tbn,468,0,0,357.165,545.29,0.0,0.69
tbn,468,0,1,356.82,542.64,90.0,5.3
tbn,468,0,2,357.975,539.99,0.0,2.31
tbn,468,0,3,359.13,540.28,90.0,0.58
tbn,468,0,4,358.32,540.57,0.0,1.62
tbn,468,0,5,357.51,542.93,90.0,4.72
tbn,469,0,0,360.095,539.99,0.0,1.11
tbn,469,0,1,360.805,539.995,1.8471,0.3102
tbn,469,0,2,361.11,540.015,5.7113,0.3015
tbn,469,0,3,361.405,540.055,9.782,0.2943
tbn,469,0,4,361.69,540.115,14.0362,0.2886
tbn,469,0,5,361.96,540.195,19.0949,0.2751
tbn,469,0,6,362.215,540.295,23.7496,0.2731
tbn,469,0,7,362.455,540.42,31.3274,0.2693
tbn,469,0,8,362.68,540.565,34.287,0.2663
tbn,469,0,9,362.885,540.73,43.4515,0.2617
tbn,469,0,10,363.065,540.92,49.6379,0.2625
tbn,469,0,11,363.23,541.13,53.9722,0.272
tbn,469,0,12,363.37,541.36,63.4302,0.2683
tbn,469,0,13,363.48,541.61,68.9671,0.2786
tbn,469,0,14,363.57,541.885,74.5747,0.3008
tbn,469,0,15,363.63,542.185,82.6516,0.3126
tbn,469,0,16,363.66,542.505,86.5284,0.3306
tbn,469,0,17,363.66,542.83,93.5798,0.3206
tbn,469,0,18,363.63,543.14,97.5905,0.3027
tbn,469,0,19,363.57,543.43,105.9485,0.2912
tbn,469,0,20,363.48,543.7,111.0329,0.2786
tbn,469,0,21,363.365,543.945,119.4769,0.2642
tbn,469,0,22,363.225,544.17,124.2911,0.2663
tbn,469,0,23,363.06,544.375,133.4509,0.2617
tbn,469,0,24,362.875,544.56,136.5485,0.2617
tbn,469,0,25,362.67,544.725,145.713,0.2663
tbn,469,0,26,362.445,544.865,150.5225,0.2642
tbn,469,0,27,362.205,544.985,156.2504,0.2731
tbn,469,0,28,361.95,545.085,160.9071,0.2751
tbn,469,0,29,361.685,545.165,165.465,0.2789
tbn,469,0,30,361.405,545.225,170.2173,0.2943
tbn,469,0,31,361.115,545.265,174.0943,0.2916
tbn,469,0,32,360.82,545.285,178.0911,0.3002
tbn,469,0,33,360.105,545.29,0.0,1.13
tbn,469,0,34,359.54,542.64,90.0,5.3
tbn,469,1,0,360.345,544.7,0.0,0.23
tbn,469,1,1,360.585,544.695,177.7098,0.2502
tbn,469,1,2,360.835,544.685,177.7089,0.2502
tbn,469,1,3,361.08,544.66,170.538,0.2433
tbn,469,1,4,361.315,544.62,170.1344,0.2335
tbn,469,1,5,361.54,544.57,164.7426,0.228
tbn,469,1,6,361.75,544.5,158.2003,0.2154
tbn,469,1,7,361.95,544.41,153.4358,0.2236
tbn,469,1,8,362.14,544.305,148.5701,0.2109
tbn,469,1,9,362.31,544.185,140.9066,0.2062
tbn,469,1,10,362.465,544.05,136.9739,0.2052
tbn,469,1,11,362.605,543.895,127.4061,0.214
tbn,469,1,12,362.725,543.715,120.0655,0.2195
tbn,469,1,13,362.825,543.515,113.1975,0.2285
tbn,469,1,14,362.9,543.29,104.0427,0.2474
tbn,469,1,15,362.95,543.045,99.0854,0.2532
tbn,469,1,16,362.975,542.78,92.0474,0.2802
tbn,469,1,17,362.975,542.5,87.9526,0.2802
tbn,469,1,18,362.95,542.23,81.2585,0.2631
tbn,469,1,19,362.9,541.985,75.3725,0.2377
tbn,469,1,20,362.825,541.765,66.8025,0.2285
tbn,469,1,21,362.725,541.565,59.9345,0.2195
tbn,469,1,22,362.605,541.385,52.5933,0.214
tbn,469,1,23,362.465,541.225,45.0015,0.2121
tbn,469,1,24,362.31,541.085,39.0934,0.2062
tbn,469,1,25,362.14,540.965,31.4307,0.2109
tbn,469,1,26,361.95,540.865,24.2256,0.2193
tbn,469,1,27,361.75,540.78,21.8007,0.2154
tbn,469,1,28,361.54,540.71,15.2574,0.228
tbn,469,1,29,361.315,540.655,12.264,0.2354
tbn,469,1,30,361.08,540.615,7.125,0.2419
tbn,469,1,31,360.835,540.59,4.574,0.2508
tbn,469,1,32,360.585,540.575,2.2902,0.2502
tbn,469,1,33,360.345,540.57,0.0,0.23
tbn,469,1,34,360.23,542.635,90.0,4.13
tbn,470,0,0,349.2,527.425,90.0,4.71
tbn,470,0,1,349.495,525.07,0.0,0.59
tbn,470,0,2,349.79,527.72,90.0,5.3
tbn,470,0,3,349.215,530.37,0.0,1.15
tbn,470,0,4,348.46,530.075,58.6086,0.6912
tbn,470,0,5,348.74,529.78,0.0,0.92
tbn,471,0,0,353.29,527.425,90.0,4.71
tbn,471,0,1,353.585,525.07,0.0,0.59
tbn,471,0,2,353.88,527.72,90.0,5.3
tbn,471,0,3,353.305,530.37,0.0,1.15
tbn,471,0,4,352.545,530.075,57.9078,0.6964
tbn,471,0,5,352.825,529.78,0.0,0.93
tbn,472,0,0,357.345,529.335,53.7663,3.0622
tbn,472,0,1,356.34,527.94,57.993,0.3774
tbn,472,0,2,356.155,527.61,63.437,0.3801
tbn,472,0,3,356.035,527.35,68.7475,0.1931
tbn,472,0,4,355.975,527.17,74.4795,0.1868
tbn,472,0,5,355.935,526.98,81.4698,0.2022
tbn,472,0,6,355.915,526.78,87.1348,0.2002
tbn,472,0,7,355.925,526.51,95.0422,0.3413
tbn,472,0,8,355.995,526.175,108.433,0.3478
tbn,472,0,9,356.13,525.865,118.8871,0.3312
tbn,472,0,10,356.32,525.595,131.3479,0.333
tbn,472,0,11,356.555,525.365,139.9699,0.3265
tbn,472,0,12,356.83,525.185,153.4361,0.3354
tbn,472,0,13,357.135,525.06,162.1214,0.3257
tbn,472,0,14,357.46,524.99,173.2899,0.3423
tbn,472,0,15,357.805,524.99,6.5198,0.3523
tbn,472,0,16,358.145,525.06,16.8588,0.3448
tbn,472,0,17,358.455,525.19,28.8853,0.3312
tbn,472,0,18,358.725,525.375,40.0312,0.3265
tbn,472,0,19,358.955,525.61,51.073,0.3342
tbn,472,0,20,359.135,525.89,63.4361,0.3354
tbn,472,0,21,359.26,526.205,73.1407,0.3448
tbn,472,0,22,359.325,526.55,85.2366,0.3612
tbn,472,0,23,359.33,526.89,93.5744,0.3206
tbn,472,0,24,359.275,527.205,106.1887,0.3228
tbn,472,0,25,359.165,527.5,114.9057,0.3087
tbn,472,0,26,359.015,527.77,123.1804,0.3107
tbn,472,0,27,358.82,528.005,136.3325,0.3041
tbn,472,0,28,358.58,528.19,148.3911,0.3053
tbn,472,0,29,358.31,528.32,160.345,0.2973
tbn,472,0,30,358.01,528.39,172.8763,0.3225
tbn,472,0,31,357.715,528.395,6.3395,0.2717
tbn,472,0,32,357.455,528.33,21.8011,0.2693
tbn,472,0,33,357.32,528.29,134.9781,0.0283
tbn,472,0,34,358.02,529.29,54.3527,2.4366
tbn,472,0,35,358.49,530.425,148.8615,0.5608
tbn,472,1,0,357.515,525.57,175.0294,0.2309
tbn,472,1,1,357.295,525.615,161.5644,0.2214
tbn,472,1,2,357.095,525.705,149.9316,0.2195
tbn,472,1,3,356.915,525.83,140.5299,0.2202
tbn,472,1,4,356.76,525.98,131.1834,0.2126
tbn,472,1,5,356.64,526.16,116.5659,0.2236
tbn,472,1,6,356.555,526.365,108.4368,0.2214
tbn,472,1,7,356.51,526.585,94.9671,0.2309
tbn,472,1,8,356.51,526.805,84.5626,0.2109
tbn,472,1,9,356.555,527.015,71.5638,0.2214
tbn,472,1,10,356.645,527.215,59.9272,0.2195
tbn,472,1,11,356.77,527.395,50.5317,0.2202
tbn,472,1,12,356.925,527.55,39.4701,0.2202
tbn,472,1,13,357.105,527.675,30.0684,0.2195
tbn,472,1,14,357.305,527.765,18.4356,0.2214
tbn,472,1,15,357.52,527.81,5.1935,0.2209
tbn,472,1,16,357.735,527.81,174.5604,0.2109
tbn,472,1,17,357.94,527.765,160.7111,0.2119
tbn,472,1,18,358.135,527.68,152.2403,0.2147
tbn,472,1,19,358.315,527.56,140.5248,0.2202
tbn,472,1,20,358.475,527.405,131.4228,0.2267
tbn,472,1,21,358.605,527.225,120.0718,0.2196
tbn,472,1,22,358.695,527.015,106.9295,0.2404
tbn,472,1,23,358.74,526.78,94.7609,0.2408
tbn,472,1,24,358.74,526.55,84.8083,0.2209
tbn,472,1,25,358.695,526.34,70.7085,0.2119
tbn,472,1,26,358.605,526.145,59.9272,0.2195
tbn,472,1,27,358.48,525.97,48.8179,0.2126
tbn,472,1,28,358.325,525.82,39.4701,0.2202
tbn,472,1,29,358.145,525.7,27.7579,0.2147
tbn,472,1,30,357.945,525.615,18.4356,0.2214
tbn,472,1,31,357.735,525.57,5.4417,0.2109
tbn,473,0,0,361.835,524.98,4.5732,0.2508
tbn,473,0,1,362.07,525.02,15.2563,0.228
tbn,473,0,2,362.285,525.09,20.8557,0.2247
tbn,473,0,3,362.48,525.19,33.6901,0.2163
tbn,473,0,4,362.655,525.325,41.4217,0.2267
tbn,473,0,5,362.815,525.48,46.8481,0.2193
tbn,473,0,6,362.955,525.655,55.619,0.2302
tbn,473,0,7,363.075,525.85,61.1863,0.2283
tbn,473,0,8,363.225,526.17,66.6473,0.4793
tbn,473,0,9,363.38,526.625,75.6744,0.4851
tbn,473,0,10,363.46,526.975,80.1396,0.2335
tbn,473,0,11,363.495,527.205,82.5688,0.2319
tbn,473,0,12,363.515,527.435,87.5081,0.2302
tbn,473,0,13,363.525,527.655,87.271,0.2102
tbn,473,0,14,363.53,527.865,90.0,0.21
tbn,473,0,15,363.52,528.08,95.1994,0.2209
tbn,473,0,16,363.495,528.31,97.1248,0.2419
tbn,473,0,17,363.46,528.545,99.8604,0.2335
tbn,473,0,18,363.38,528.895,104.3256,0.4851
tbn,473,0,19,363.23,529.355,111.8007,0.4847
tbn,473,0,20,363.08,529.68,120.9631,0.2332
tbn,473,0,21,362.955,529.875,124.381,0.2302
tbn,473,0,22,362.815,530.055,131.4228,0.2267
tbn,473,0,23,362.66,530.215,136.848,0.2193
tbn,473,0,24,362.485,530.35,147.7249,0.2247
tbn,473,0,25,362.29,530.45,158.1963,0.2154
tbn,473,0,26,362.075,530.52,165.3795,0.2377
tbn,473,0,27,361.835,530.56,175.4268,0.2508
tbn,473,0,28,361.59,530.56,4.763,0.2408
tbn,473,0,29,361.355,530.52,14.6205,0.2377
tbn,473,0,30,361.14,530.45,21.8007,0.2154
tbn,473,0,31,360.945,530.35,32.2792,0.2247
tbn,473,0,32,360.765,530.215,41.4217,0.2267
tbn,473,0,33,360.61,530.055,50.5243,0.2202
tbn,473,0,34,360.47,529.875,53.6191,0.236
tbn,473,0,35,360.345,529.68,61.1853,0.2283
tbn,473,0,36,360.2,529.355,68.1993,0.4847
tbn,473,0,37,360.05,528.895,75.6779,0.4851
tbn,473,0,38,359.97,528.545,80.1323,0.2335
tbn,473,0,39,359.935,528.31,82.8752,0.2419
tbn,473,0,40,359.91,528.08,84.8084,0.2209
tbn,473,0,41,359.9,527.865,90.0,0.21
tbn,473,0,42,359.9,527.655,90.0,0.21
tbn,473,0,43,359.91,527.435,94.967,0.2309
tbn,473,0,44,359.935,527.205,97.4312,0.2319
tbn,473,0,45,359.97,526.975,99.8677,0.2335
tbn,473,0,46,360.05,526.625,104.3221,0.4851
tbn,473,0,47,360.2,526.17,112.2484,0.4754
tbn,473,0,48,360.35,525.85,120.9686,0.2333
tbn,473,0,49,360.475,525.655,124.3747,0.2302
tbn,473,0,50,360.615,525.48,133.1578,0.2193
tbn,473,0,51,360.77,525.325,136.848,0.2193
tbn,473,0,52,360.945,525.19,147.7216,0.2247
tbn,473,0,53,361.14,525.09,158.1993,0.2154
tbn,473,0,54,361.355,525.02,165.3786,0.2377
tbn,473,0,55,361.59,524.98,175.237,0.2408
tbn,473,1,0,361.795,529.97,173.2893,0.1712
tbn,473,1,1,361.96,529.94,165.9612,0.1649
tbn,473,1,2,362.11,529.88,150.2595,0.1613
tbn,473,1,3,362.245,529.79,142.4308,0.164
tbn,473,1,4,362.415,529.605,127.8742,0.342
tbn,473,1,5,362.605,529.31,117.9814,0.3624
tbn,473,1,6,362.75,528.97,108.4342,0.3795
tbn,473,1,7,362.845,528.605,100.7141,0.3766
tbn,473,1,8,362.905,528.245,98.1282,0.3536
tbn,473,1,9,362.935,527.915,91.8494,0.3102
tbn,473,1,10,362.935,527.61,88.089,0.3002
tbn,473,1,11,362.905,527.285,81.8718,0.3536
tbn,473,1,12,362.845,526.925,79.2859,0.3766
tbn,473,1,13,362.75,526.56,71.5654,0.3795
tbn,473,1,14,362.605,526.22,62.0192,0.3624
tbn,473,1,15,362.415,525.93,51.073,0.3342
tbn,473,1,16,362.245,525.75,37.5671,0.164
tbn,473,1,17,362.11,525.66,29.7429,0.1613
tbn,473,1,18,361.96,525.6,14.0388,0.1649
tbn,473,1,19,361.795,525.57,6.7107,0.1712
tbn,473,1,20,361.625,525.57,173.2893,0.1712
tbn,473,1,21,361.46,525.6,165.9612,0.1649
tbn,473,1,22,361.31,525.66,150.2571,0.1613
tbn,473,1,23,361.18,525.75,140.1937,0.1562
tbn,473,1,24,361.01,525.93,130.2371,0.3406
tbn,473,1,25,360.82,526.22,116.5651,0.3578
tbn,473,1,26,360.68,526.56,108.4346,0.3795
tbn,473,1,27,360.58,526.925,102.2029,0.3786
tbn,473,1,28,360.52,527.285,96.5163,0.3523
tbn,473,1,29,360.495,527.61,91.911,0.3002
tbn,473,1,30,360.495,527.915,88.1506,0.3102
tbn,473,1,31,360.52,528.245,83.4837,0.3523
tbn,473,1,32,360.58,528.605,77.7971,0.3786
tbn,473,1,33,360.68,528.97,71.5658,0.3795
tbn,473,1,34,360.82,529.31,63.4344,0.3578
tbn,473,1,35,361.01,529.605,50.8258,0.3483
tbn,473,1,36,361.18,529.79,39.8084,0.1562
tbn,473,1,37,361.31,529.88,29.7405,0.1613
tbn,473,1,38,361.46,529.94,14.0388,0.1649
tbn,473,1,39,361.625,529.97,6.7107,0.1712
tbn,474,0,0,318.75,284.365,90.0,1.87
tbn,474,0,1,318.45,285.3,0.0,0.6
tbn,474,0,2,318.15,283.0,90.0,4.6
tbn,474,0,3,318.45,280.7,0.0,0.6
tbn,474,0,4,318.75,281.81,90.0,2.22
tbn,474,0,5,319.81,282.92,0.0,2.12
tbn,474,0,6,320.87,281.81,90.0,2.22
tbn,474,0,7,321.17,280.7,0.0,0.6
tbn,474,0,8,321.47,283.0,90.0,4.6
tbn,474,0,9,321.17,285.3,0.0,0.6
tbn,474,0,10,320.87,284.365,90.0,1.87
tbn,474,0,11,319.81,283.43,0.0,2.12
tbn,475,0,0,325.315,281.295,114.0071,1.3027
tbn,475,0,1,325.89,280.7,0.0,0.62
tbn,475,0,2,325.095,283.12,114.5419,5.3207
tbn,475,0,3,322.885,283.12,65.4581,5.3207
tbn,475,0,4,322.09,280.7,0.0,0.62
tbn,475,0,5,322.665,281.295,65.9929,1.3027
tbn,475,0,6,323.99,281.89,0.0,2.12
tbn,475,1,0,323.99,282.4,0.0,1.64
tbn,475,1,1,323.58,283.335,66.3222,2.0419
tbn,475,1,2,324.4,283.335,113.6778,2.0419
tbn,476,0,0,326.895,280.7,0.0,0.59
tbn,476,0,1,327.19,282.435,90.0,3.47
tbn,476,0,2,328.895,282.34,132.9748,5.0024
tbn,476,0,3,330.6,282.905,90.0,4.79
tbn,476,0,4,330.3,285.3,0.0,0.6
tbn,476,0,5,330.0,283.62,90.0,3.36
tbn,476,0,6,328.3,283.73,133.5226,4.9373
tbn,476,0,7,326.6,283.11,90.0,4.82
tbn,477,0,0,333.82,282.745,90.0,0.51
tbn,477,0,1,334.4,282.49,0.0,1.16
tbn,477,0,2,334.96,282.355,81.5709,0.2729
tbn,477,0,3,334.89,282.09,68.962,0.2786
tbn,477,0,4,334.765,281.845,56.8875,0.2746
tbn,477,0,5,334.595,281.63,46.4702,0.2759
tbn,477,0,6,334.385,281.445,36.4737,0.286
tbn,477,0,7,334.15,281.295,28.4361,0.273
tbn,477,0,8,333.9,281.19,17.1075,0.272
tbn,477,0,9,333.635,281.14,4.2338,0.2708
tbn,477,0,10,333.41,281.135,176.8169,0.1803
tbn,477,0,11,333.235,281.155,169.9932,0.1726
tbn,477,0,12,333.065,281.195,163.6127,0.1772
tbn,477,0,13,332.9,281.25,159.4452,0.1709
tbn,477,0,14,332.67,281.375,147.6512,0.3551
tbn,477,0,15,332.39,281.585,138.5032,0.3471
tbn,477,0,16,332.155,281.84,126.8689,0.35
tbn,477,0,17,331.97,282.14,116.5672,0.3578
tbn,477,0,18,331.835,282.47,107.929,0.3574
tbn,477,0,19,331.765,282.815,94.8992,0.3513
tbn,477,0,20,331.755,283.09,87.135,0.2003
tbn,477,0,21,331.77,283.29,84.2929,0.201
tbn,477,0,22,331.805,283.48,74.4699,0.1868
tbn,477,0,23,331.86,283.665,72.4753,0.1993
tbn,477,0,24,331.97,283.925,64.1322,0.3667
tbn,477,0,25,332.16,284.235,52.816,0.364
tbn,477,0,26,332.405,284.5,41.6335,0.3612
tbn,477,0,27,332.69,284.71,30.9638,0.3498
tbn,477,0,28,332.925,284.835,22.3807,0.1839
tbn,477,0,29,333.095,284.895,16.3968,0.1772
tbn,477,0,30,333.27,284.935,9.4607,0.1825
tbn,477,0,31,333.455,284.955,3.0065,0.1903
tbn,477,0,32,333.655,284.95,174.5624,0.2109
tbn,477,0,33,333.86,284.92,168.6884,0.204
tbn,477,0,34,334.06,284.865,160.7064,0.2119
tbn,477,0,35,334.255,284.785,154.655,0.2102
tbn,477,0,36,334.44,284.685,148.5728,0.2109
tbn,477,0,37,334.61,284.56,138.8118,0.2126
tbn,477,0,38,334.765,284.415,135.0,0.2121
tbn,477,0,39,334.905,284.255,127.4092,0.214
tbn,477,0,40,335.16,284.37,46.468,0.5517
tbn,477,0,41,335.265,284.675,128.9943,0.2702
tbn,477,0,42,335.08,284.87,138.0113,0.2691
tbn,477,0,43,334.875,285.035,144.4623,0.2581
tbn,477,0,44,334.655,285.175,150.5244,0.2642
tbn,477,0,45,334.42,285.29,157.3781,0.26
tbn,477,0,46,334.175,285.375,164.3562,0.2596
tbn,477,0,47,333.92,285.43,171.2523,0.2631
tbn,477,0,48,333.66,285.46,175.6039,0.2608
tbn,477,0,49,333.41,285.465,2.3884,0.2402
tbn,477,0,50,333.17,285.44,9.4576,0.2433
tbn,477,0,51,332.94,285.39,15.2618,0.228
tbn,477,0,52,332.72,285.315,22.2481,0.2377
tbn,477,0,53,332.505,285.22,25.4556,0.2326
tbn,477,0,54,332.305,285.11,32.285,0.2247
tbn,477,0,55,332.115,284.975,38.2887,0.2421
tbn,477,0,56,331.935,284.82,43.2627,0.2335
tbn,477,0,57,331.775,284.655,48.5746,0.2267
tbn,477,0,58,331.63,284.47,55.0068,0.2441
tbn,477,0,59,331.5,284.27,59.035,0.2332
tbn,477,0,60,331.39,284.06,65.5548,0.2417
tbn,477,0,61,331.3,283.835,70.8248,0.2435
tbn,477,0,62,331.23,283.6,75.9638,0.2474
tbn,477,0,63,331.185,283.355,83.1575,0.2518
tbn,477,0,64,331.16,283.1,85.5972,0.2608
tbn,477,0,65,331.155,282.855,92.4919,0.2302
tbn,477,0,66,331.18,282.625,99.8687,0.2334
tbn,477,0,67,331.23,282.4,105.2544,0.228
tbn,477,0,68,331.3,282.18,109.9799,0.2341
tbn,477,0,69,331.385,281.97,114.2256,0.2193
tbn,477,0,70,331.49,281.77,120.9715,0.2332
tbn,477,0,71,331.62,281.58,127.8683,0.228
tbn,477,0,72,331.765,281.405,131.4254,0.2267
tbn,477,0,73,331.92,281.245,136.8494,0.2193
tbn,477,0,74,332.09,281.1,142.121,0.228
tbn,477,0,75,332.275,280.97,147.7257,0.2247
tbn,477,0,76,332.47,280.86,153.4349,0.2236
tbn,477,0,77,332.675,280.77,159.148,0.2247
tbn,477,0,78,332.895,280.7,165.3804,0.2377
tbn,477,0,79,333.12,280.65,169.6931,0.2236
tbn,477,0,80,333.35,280.625,177.6116,0.2402
tbn,477,0,81,333.585,280.625,2.4919,0.2302
tbn,477,0,82,333.81,280.645,7.7648,0.222
tbn,477,0,83,334.025,280.685,13.3899,0.2159
tbn,477,0,84,334.23,280.75,21.8044,0.2154
tbn,477,0,85,334.425,280.835,25.345,0.2102
tbn,477,0,86,334.605,280.93,30.4696,0.1972
tbn,477,0,87,334.77,281.045,39.0877,0.2061
tbn,477,0,88,334.925,281.18,43.0292,0.2052
tbn,477,0,89,335.065,281.33,50.9057,0.2062
tbn,477,0,90,335.185,281.49,55.4882,0.1942
tbn,477,0,91,335.29,281.665,62.2475,0.2147
tbn,477,0,92,335.385,281.855,64.655,0.2102
tbn,477,0,93,335.46,282.05,73.2919,0.2088
tbn,477,0,94,335.515,282.26,77.1988,0.2256
tbn,477,0,95,335.555,282.48,82.2352,0.222
tbn,477,0,96,335.575,282.705,87.5081,0.2302
tbn,477,0,97,335.58,282.91,90.0,0.18
tbn,477,0,98,334.7,283.0,0.0,1.76
tbn,478,0,0,339.22,281.295,113.6036,1.2987
tbn,478,0,1,339.79,280.7,0.0,0.62
tbn,478,0,2,338.995,283.12,114.5422,5.3207
tbn,478,0,3,336.785,283.12,65.4581,5.3207
tbn,478,0,4,335.99,280.7,0.0,0.62
tbn,478,0,5,336.565,281.295,65.9929,1.3027
tbn,478,0,6,337.895,281.89,0.0,2.13
tbn,478,1,0,337.895,282.4,0.0,1.65
tbn,478,1,1,337.48,283.335,66.3222,2.0419
tbn,478,1,2,338.305,283.335,113.9345,2.0459
tbn,479,0,0,342.08,282.745,11.766,0.2451
tbn,479,0,1,342.305,282.82,25.4624,0.2326
tbn,479,0,2,342.505,282.935,34.381,0.2302
tbn,479,0,3,342.68,283.08,45.0055,0.2263
tbn,479,0,4,342.82,283.25,56.3032,0.2163
tbn,479,0,5,342.93,283.445,64.5412,0.2326
tbn,479,0,6,343.005,283.665,77.7314,0.2354
tbn,479,0,7,343.04,283.895,85.0332,0.2309
tbn,479,0,8,343.03,284.17,97.127,0.3225
tbn,479,0,9,342.955,284.475,110.7692,0.3102
tbn,479,0,10,342.81,284.75,124.6931,0.3162
tbn,479,0,11,342.595,284.985,139.9709,0.3265
tbn,479,0,12,342.325,285.15,157.522,0.3139
tbn,479,0,13,342.02,285.24,169.381,0.3256
tbn,479,0,14,341.7,285.28,176.4203,0.3206
tbn,479,0,15,341.38,285.295,178.2137,0.3201
tbn,479,0,16,340.86,285.3,0.0,0.72
tbn,479,0,17,340.5,283.0,90.0,4.6
tbn,479,0,18,340.795,280.7,0.0,0.59
tbn,479,0,19,341.09,281.68,90.0,1.96
tbn,479,0,20,341.215,282.66,0.0,0.25
tbn,479,0,21,342.03,281.68,125.1489,2.3971
tbn,479,0,22,343.06,280.7,0.0,0.68
tbn,479,0,23,342.68,281.71,125.4842,2.4807
tbn,479,1,0,341.17,284.79,0.0,0.16
tbn,479,1,1,341.36,284.785,177.3949,0.2202
tbn,479,1,2,341.585,284.77,175.0326,0.2308
tbn,479,1,3,341.81,284.74,169.6931,0.2236
tbn,479,1,4,342.02,284.685,160.7092,0.2119
tbn,479,1,5,342.205,284.6,149.5304,0.1972
tbn,479,1,6,342.355,284.48,132.8832,0.191
tbn,479,1,7,342.465,284.315,115.345,0.2102
tbn,479,1,8,342.525,284.105,97.4308,0.232
tbn,479,1,9,342.525,283.87,82.875,0.2419
tbn,479,1,10,342.47,283.655,67.17,0.2062
tbn,479,1,11,342.365,283.49,47.1168,0.191
tbn,479,1,12,342.22,283.365,34.5118,0.1942
tbn,479,1,13,342.045,283.275,20.2266,0.2025
tbn,479,1,14,341.84,283.22,10.2993,0.2236
tbn,479,1,15,341.62,283.19,5.1994,0.2209
tbn,479,1,16,341.395,283.175,2.4846,0.2302
tbn,479,1,17,341.185,283.17,0.0,0.19
tbn,479,1,18,341.09,283.98,90.0,1.62
tbn,480,0,0,325.505,288.505,114.0071,1.3027
tbn,480,0,1,326.08,287.91,0.0,0.62
tbn,480,0,2,325.285,290.325,114.5866,5.3116
tbn,480,0,3,323.07,290.325,65.3153,5.3158
tbn,480,0,4,322.27,287.91,0.0,0.62
tbn,480,0,5,322.845,288.505,65.9929,1.3027
tbn,480,0,6,324.175,289.1,0.0,2.13
tbn,480,1,0,324.175,289.61,0.0,1.65
tbn,480,1,1,323.765,290.545,66.0655,2.0459
tbn,480,1,2,324.59,290.545,113.6778,2.0419
tbn,481,0,0,328.36,289.95,14.0362,0.2474
tbn,481,0,1,328.59,290.025,22.2481,0.2377
tbn,481,0,2,328.79,290.135,35.8352,0.2221
tbn,481,0,3,328.96,290.28,45.0055,0.2263
tbn,481,0,4,329.105,290.455,55.619,0.2302
tbn,481,0,5,329.215,290.655,66.8014,0.2285
tbn,481,0,6,329.29,290.87,74.7456,0.228
tbn,481,0,7,329.33,291.1,85.2315,0.2408
tbn,481,0,8,329.32,291.375,97.354,0.3126
tbn,481,0,9,329.24,291.68,111.7994,0.3231
tbn,481,0,10,329.09,291.96,124.6931,0.3162
tbn,481,0,11,328.88,292.19,140.1994,0.3124
tbn,481,0,12,328.61,292.35,158.1986,0.3231
tbn,481,0,13,328.305,292.445,167.2743,0.3178
tbn,481,0,14,327.985,292.49,176.5339,0.3306
tbn,481,0,15,327.66,292.5,0.0,0.32
tbn,481,0,16,327.14,292.5,0.0,0.72
tbn,481,0,17,326.78,290.205,90.0,4.59
tbn,481,0,18,327.08,287.91,0.0,0.6
tbn,481,0,19,327.38,288.89,90.0,1.96
tbn,481,0,20,327.5,289.87,0.0,0.24
tbn,481,0,21,328.31,288.89,125.1485,2.3971
tbn,481,0,22,329.34,287.91,0.0,0.68
tbn,481,0,23,328.96,288.915,125.6184,2.4726
tbn,481,1,0,327.46,291.99,0.0,0.16
tbn,481,1,1,327.65,291.99,0.0,0.22
tbn,481,1,2,327.87,291.98,174.8006,0.2209
tbn,481,1,3,328.09,291.945,167.1988,0.2256
tbn,481,1,4,328.3,291.89,163.3024,0.2088
tbn,481,1,5,328.485,291.805,147.0884,0.2025
tbn,481,1,6,328.64,291.68,135.0062,0.198
tbn,481,1,7,328.75,291.52,113.9598,0.197
tbn,481,1,8,328.81,291.31,99.4635,0.2433
tbn,481,1,9,328.815,291.07,82.875,0.2419
tbn,481,1,10,328.755,290.86,63.4349,0.2012
tbn,481,1,11,328.65,290.695,51.3402,0.1921
tbn,481,1,12,328.505,290.57,30.4651,0.1972
tbn,481,1,13,328.325,290.485,20.2266,0.2025
tbn,481,1,14,328.125,290.425,13.3899,0.2159
tbn,481,1,15,327.905,290.39,4.9743,0.2309
tbn,481,1,16,327.68,290.38,0.0,0.22
tbn,481,1,17,327.475,290.38,0.0,0.19
tbn,481,1,18,327.38,291.185,90.0,1.61
tbn,482,0,0,330.41,287.91,0.0,0.6
tbn,482,0,1,330.71,289.64,90.0,3.46
tbn,482,0,2,332.41,289.545,132.9691,4.9882
tbn,482,0,3,334.11,290.11,90.0,4.78
tbn,482,0,4,333.815,292.5,0.0,0.59
tbn,482,0,5,333.52,290.825,90.0,3.35
tbn,482,0,6,331.815,290.935,133.6868,4.9369
tbn,482,0,7,330.11,290.315,90.0,4.81
tbn,483,0,0,337.33,289.95,90.0,0.52
tbn,483,0,1,337.915,289.69,0.0,1.17
tbn,483,0,2,338.48,289.555,81.5719,0.273
tbn,483,0,3,338.405,289.295,66.2475,0.2731
tbn,483,0,4,338.275,289.055,56.8875,0.2746
tbn,483,0,5,338.105,288.835,47.865,0.2832
tbn,483,0,6,337.9,288.65,36.0278,0.272
tbn,483,0,7,337.665,288.505,27.4698,0.2818
tbn,483,0,8,337.41,288.4,17.1075,0.272
tbn,483,0,9,337.15,288.345,6.5814,0.2617
tbn,483,0,10,336.93,288.335,176.8169,0.1803
tbn,483,0,11,336.75,288.355,170.5393,0.1825
tbn,483,0,12,336.575,288.395,163.6127,0.1772
tbn,483,0,13,336.41,288.455,156.3689,0.1746
tbn,483,0,14,336.18,288.58,149.0362,0.3498
tbn,483,0,15,335.9,288.79,137.2892,0.3539
tbn,483,0,16,335.665,289.05,126.8689,0.35
tbn,483,0,17,335.48,289.345,117.3003,0.3489
tbn,483,0,18,335.35,289.67,106.3907,0.3544
tbn,483,0,19,335.28,290.015,96.5211,0.3523
tbn,483,0,20,335.265,290.295,87.2709,0.2102
tbn,483,0,21,335.285,290.495,81.0278,0.1924
tbn,483,0,22,335.32,290.685,78.109,0.1942
tbn,483,0,23,335.37,290.87,71.5651,0.1897
tbn,483,0,24,335.485,291.13,63.437,0.3801
tbn,483,0,25,335.68,291.445,52.816,0.364
tbn,483,0,26,335.92,291.71,42.7072,0.3538
tbn,483,0,27,336.205,291.92,30.1406,0.3585
tbn,483,0,28,336.44,292.04,20.5548,0.1709
tbn,483,0,29,336.61,292.095,15.5301,0.1868
tbn,483,0,30,336.79,292.135,9.4623,0.1825
tbn,483,0,31,336.975,292.155,3.0157,0.1903
tbn,483,0,32,337.17,292.155,177.135,0.2003
tbn,483,0,33,337.375,292.13,169.213,0.2138
tbn,483,0,34,337.575,292.075,159.7734,0.2025
tbn,483,0,35,337.765,291.995,154.655,0.2102
tbn,483,0,36,337.95,291.89,146.3099,0.2163
tbn,483,0,37,338.125,291.765,142.5958,0.214
tbn,483,0,38,338.28,291.62,131.1821,0.2126
tbn,483,0,39,338.42,291.455,129.4782,0.2202
tbn,483,0,40,338.675,291.575,47.9363,0.5523
tbn,483,0,41,338.775,291.88,130.3694,0.2625
tbn,483,0,42,338.595,292.07,136.5402,0.2617
tbn,483,0,43,338.395,292.24,142.7036,0.264
tbn,483,0,44,338.175,292.38,152.4402,0.2594
tbn,483,0,45,337.935,292.49,158.2034,0.2692
tbn,483,0,46,337.685,292.58,162.2518,0.2625
tbn,483,0,47,337.43,292.64,171.2523,0.2631
tbn,483,0,48,337.17,292.665,177.8021,0.2602
tbn,483,0,49,336.92,292.665,2.3811,0.2402
tbn,483,0,50,336.685,292.64,9.8674,0.2335
tbn,483,0,51,336.455,292.59,14.6215,0.2377
tbn,483,0,52,336.23,292.52,19.9869,0.2341
tbn,483,0,53,336.02,292.43,26.5581,0.2236
tbn,483,0,54,335.82,292.315,33.0272,0.2385
tbn,483,0,55,335.63,292.18,37.8743,0.2281
tbn,483,0,56,335.455,292.03,43.2678,0.2334
tbn,483,0,57,335.29,291.86,48.3647,0.2408
tbn,483,0,58,335.145,291.675,55.619,0.2302
tbn,483,0,59,335.02,291.475,60.2551,0.2419
tbn,483,0,60,334.91,291.26,65.5548,0.2417
tbn,483,0,61,334.815,291.04,67.7519,0.2377
tbn,483,0,62,334.745,290.805,78.6928,0.2549
tbn,483,0,63,334.7,290.555,80.9078,0.2532
tbn,483,0,64,334.675,290.305,87.7072,0.2502
tbn,483,0,65,334.675,290.06,92.3884,0.2402
tbn,483,0,66,334.695,289.825,97.4308,0.232
tbn,483,0,67,334.74,289.6,105.2544,0.228
tbn,483,0,68,334.81,289.385,110.852,0.2247
tbn,483,0,69,334.9,289.175,115.4624,0.2326
tbn,483,0,70,335.01,288.975,122.2784,0.2247
tbn,483,0,71,335.135,288.79,125.8352,0.2221
tbn,483,0,72,335.275,288.615,131.4254,0.2267
tbn,483,0,73,335.435,288.45,136.7373,0.2335
tbn,483,0,74,335.605,288.305,142.5908,0.214
tbn,483,0,75,335.79,288.175,146.9767,0.2386
tbn,483,0,76,335.99,288.06,153.4349,0.2236
tbn,483,0,77,336.195,287.97,159.148,0.2247
tbn,483,0,78,336.41,287.9,164.7456,0.228
tbn,483,0,79,336.635,287.855,172.5692,0.232
tbn,483,0,80,336.865,287.83,175.025,0.2309
tbn,483,0,81,337.095,287.825,2.4919,0.2302
tbn,483,0,82,337.325,287.85,9.8687,0.2334
tbn,483,0,83,337.545,287.895,13.388,0.2159
tbn,483,0,84,337.75,287.955,19.2936,0.2119
tbn,483,0,85,337.94,288.035,26.5612,0.2013
tbn,483,0,86,338.12,288.135,31.4343,0.211
tbn,483,0,87,338.29,288.255,39.0877,0.2061
tbn,483,0,88,338.44,288.39,45.0062,0.198
tbn,483,0,89,338.575,288.535,49.0834,0.1985
tbn,483,0,90,338.7,288.695,54.7856,0.2081
tbn,483,0,91,338.81,288.87,60.9429,0.2059
tbn,483,0,92,338.9,289.06,68.2031,0.2154
tbn,483,0,93,338.975,289.26,70.7064,0.2119
tbn,483,0,94,339.03,289.465,79.213,0.2138
tbn,483,0,95,339.065,289.685,82.5692,0.232
tbn,483,0,96,339.085,289.915,87.5081,0.2302
tbn,483,0,97,339.09,290.12,90.0,0.18
tbn,483,0,98,338.21,290.21,0.0,1.76
tbn,484,0,0,299.985,243.62,13.4952,0.2571
tbn,484,0,1,300.215,243.695,23.1986,0.2285
tbn,484,0,2,300.415,243.805,34.381,0.2302
tbn,484,0,3,300.59,243.95,45.0,0.2263
tbn,484,0,4,300.73,244.125,57.7257,0.2247
tbn,484,0,5,300.835,244.325,66.8014,0.2285
tbn,484,0,6,300.91,244.54,74.7456,0.228
tbn,484,0,7,300.95,244.77,85.2315,0.2408
tbn,484,0,8,300.94,245.045,97.354,0.3126
tbn,484,0,9,300.865,245.35,110.1327,0.3195
tbn,484,0,10,300.72,245.63,124.6976,0.3162
tbn,484,0,11,300.505,245.86,141.3428,0.3201
tbn,484,0,12,300.23,246.02,158.1986,0.3231
tbn,484,0,13,299.925,246.11,169.0463,0.3158
tbn,484,0,14,299.61,246.155,174.6445,0.3214
tbn,484,0,15,299.29,246.17,0.0,0.32
tbn,484,0,16,298.77,246.17,0.0,0.72
tbn,484,0,17,298.41,243.875,90.0,4.59
tbn,484,0,18,298.705,241.58,0.0,0.59
tbn,484,0,19,299.0,242.555,90.0,1.95
tbn,484,0,20,299.125,243.53,0.0,0.25
tbn,484,0,21,299.94,242.555,125.2861,2.3889
tbn,484,0,22,300.97,241.58,0.0,0.68
tbn,484,0,23,300.585,242.585,125.8065,2.4784
tbn,484,1,0,299.08,245.66,0.0,0.16
tbn,484,1,1,299.27,245.66,0.0,0.22
tbn,484,1,2,299.495,245.645,172.5692,0.232
tbn,484,1,3,299.715,245.61,169.213,0.2138
tbn,484,1,4,299.92,245.555,160.7092,0.2119
tbn,484,1,5,300.11,245.47,150.9429,0.2059
tbn,484,1,6,300.265,245.35,132.8832,0.191
tbn,484,1,7,300.375,245.19,116.5651,0.2012
tbn,484,1,8,300.435,244.98,97.1241,0.2419
tbn,484,1,9,300.435,244.74,82.875,0.2419
tbn,484,1,10,300.38,244.525,67.17,0.2062
tbn,484,1,11,300.275,244.36,47.1168,0.191
tbn,484,1,12,300.13,244.24,32.0064,0.1887
tbn,484,1,13,299.95,244.155,19.2908,0.2119
tbn,484,1,14,299.745,244.095,13.3899,0.2159
tbn,484,1,15,299.53,244.06,5.1994,0.2209
tbn,484,1,16,299.305,244.045,2.4843,0.2302
tbn,484,1,17,299.095,244.04,0.0,0.19
tbn,484,1,18,299.0,244.85,90.0,1.62
tbn,485,0,0,304.765,242.175,114.0071,1.3027
tbn,485,0,1,305.34,241.58,0.0,0.62
tbn,485,0,2,304.545,243.995,114.5866,5.3116
tbn,485,0,3,302.33,243.995,65.3153,5.3158
tbn,485,0,4,301.53,241.58,0.0,0.62
tbn,485,0,5,302.105,242.175,65.9929,1.3027
tbn,485,0,6,303.435,242.77,0.0,2.13
tbn,485,1,0,303.435,243.28,0.0,1.65
tbn,485,1,1,303.025,244.215,66.0655,2.0459
tbn,485,1,2,303.85,244.215,113.6778,2.0419
tbn,486,0,0,308.92,243.085,66.6065,3.4757
tbn,486,0,1,309.62,244.68,0.0,0.02
tbn,486,0,2,309.9,243.13,99.8815,3.1467
tbn,486,0,3,310.465,241.58,0.0,0.59
tbn,486,0,4,310.29,244.005,100.9688,4.9403
tbn,486,0,5,309.025,244.61,66.4038,3.9721
tbn,486,0,6,307.435,244.61,113.5962,3.9721
tbn,486,0,7,306.17,244.005,79.0312,4.9403
tbn,486,0,8,305.995,241.58,0.0,0.59
tbn,486,0,9,306.56,243.125,80.0871,3.1368
tbn,486,0,10,306.835,244.67,0.0,0.01
tbn,486,0,11,307.535,243.08,113.6107,3.4705
tbn,487,0,0,312.03,243.53,0.0,0.34
tbn,487,0,1,312.36,243.54,3.5743,0.3206
tbn,487,0,2,312.675,243.58,10.9537,0.3158
tbn,487,0,3,312.965,243.655,18.4408,0.2846
tbn,487,0,4,313.22,243.77,30.2515,0.2779
tbn,487,0,5,313.44,243.93,41.9887,0.2691
tbn,487,0,6,313.615,244.135,56.891,0.2746
tbn,487,0,7,313.715,244.315,68.9562,0.1393
tbn,487,0,8,313.76,244.455,75.065,0.1552
tbn,487,0,9,313.795,244.61,79.381,0.1628
tbn,487,0,10,313.81,244.775,90.0,0.17
tbn,487,0,11,313.8,245.005,93.9489,0.2907
tbn,487,0,12,313.76,245.28,102.9936,0.2668
tbn,487,0,13,313.67,245.525,117.5539,0.2594
tbn,487,0,14,313.515,245.735,135.0,0.2687
tbn,487,0,15,313.365,245.87,143.9632,0.136
tbn,487,0,16,313.24,245.945,153.4349,0.1565
tbn,487,0,17,313.095,246.005,161.5685,0.1581
tbn,487,0,18,312.935,246.055,163.6155,0.1772
tbn,487,0,19,312.755,246.1,168.109,0.1942
tbn,487,0,20,312.55,246.135,172.2352,0.222
tbn,487,0,21,312.32,246.16,175.2315,0.2408
tbn,487,0,22,312.07,246.17,0.0,0.26
tbn,487,0,23,311.6,246.17,0.0,0.68
tbn,487,0,24,311.26,243.875,90.0,4.59
tbn,487,0,25,311.56,241.58,0.0,0.6
tbn,487,0,26,311.86,242.555,90.0,1.95
tbn,487,1,0,311.935,245.66,0.0,0.15
tbn,487,1,1,312.125,245.66,0.0,0.23
tbn,487,1,2,312.35,245.65,174.8006,0.2209
tbn,487,1,3,312.57,245.62,169.7007,0.2236
tbn,487,1,4,312.78,245.565,160.7064,0.2119
tbn,487,1,5,312.965,245.48,149.5349,0.1972
tbn,487,1,6,313.115,245.36,132.8832,0.191
tbn,487,1,7,313.205,245.25,121.9936,0.0943
tbn,487,1,8,313.25,245.16,111.8044,0.1077
tbn,487,1,9,313.28,245.055,100.3006,0.1118
tbn,487,1,10,313.295,244.935,94.4028,0.1304
tbn,487,1,11,313.3,244.805,90.0,0.13
tbn,487,1,12,313.285,244.685,74.7435,0.114
tbn,487,1,13,313.255,244.58,73.3024,0.1044
tbn,487,1,14,313.215,244.485,60.9355,0.103
tbn,487,1,15,313.125,244.365,49.0901,0.1985
tbn,487,1,16,312.98,244.24,32.0064,0.1887
tbn,487,1,17,312.805,244.155,20.2266,0.2025
tbn,487,1,18,312.605,244.095,13.3899,0.2159
tbn,487,1,19,312.385,244.06,4.9743,0.2309
tbn,487,1,20,312.155,244.045,2.4843,0.2302
tbn,487,1,21,311.95,244.04,0.0,0.18
tbn,487,1,22,311.86,244.85,90.0,1.62
tbn,488,0,0,300.86,249.375,113.6036,1.2987
tbn,488,0,1,301.435,248.78,0.0,0.63
tbn,488,0,2,300.64,251.2,114.6399,5.3248
tbn,488,0,3,298.425,251.2,65.4581,5.3207
tbn,488,0,4,297.63,248.78,0.0,0.62
tbn,488,0,5,298.205,249.375,65.9929,1.3027
tbn,488,0,6,299.535,249.97,0.0,2.13
tbn,488,1,0,299.535,250.48,0.0,1.65
tbn,488,1,1,299.12,251.415,66.3222,2.0419
tbn,488,1,2,299.945,251.415,113.9345,2.0459
tbn,489,0,0,303.72,250.825,11.766,0.2451
tbn,489,0,1,303.945,250.9,25.4624,0.2326
tbn,489,0,2,304.145,251.015,34.381,0.2302
tbn,489,0,3,304.32,251.16,45.0055,0.2263
tbn,489,0,4,304.46,251.33,56.3032,0.2163
tbn,489,0,5,304.57,251.525,64.5412,0.2326
tbn,489,0,6,304.645,251.74,77.1913,0.2256
tbn,489,0,7,304.68,251.97,85.2394,0.2409
tbn,489,0,8,304.67,252.25,97.127,0.3225
tbn,489,0,9,304.595,252.555,110.7692,0.3102
tbn,489,0,10,304.45,252.83,124.6931,0.3162
tbn,489,0,11,304.235,253.065,139.9709,0.3265
tbn,489,0,12,303.965,253.23,157.522,0.3139
tbn,489,0,13,303.66,253.32,169.381,0.3256
tbn,489,0,14,303.34,253.36,176.4203,0.3206
tbn,489,0,15,303.02,253.375,178.2137,0.3201
tbn,489,0,16,302.5,253.38,0.0,0.72
tbn,489,0,17,302.14,251.08,90.0,4.6
tbn,489,0,18,302.44,248.78,0.0,0.6
tbn,489,0,19,302.74,249.76,90.0,1.96
tbn,489,0,20,302.86,250.74,0.0,0.24
tbn,489,0,21,303.67,249.76,125.1489,2.3971
tbn,489,0,22,304.7,248.78,0.0,0.68
tbn,489,0,23,304.32,249.79,125.4842,2.4807
tbn,489,1,0,302.815,252.87,0.0,0.15
tbn,489,1,1,303.005,252.865,177.5078,0.2302
tbn,489,1,2,303.23,252.85,174.8084,0.2209
tbn,489,1,3,303.45,252.82,169.6931,0.2236
tbn,489,1,4,303.66,252.765,160.7092,0.2119
tbn,489,1,5,303.845,252.68,149.5304,0.1972
tbn,489,1,6,303.995,252.56,132.8832,0.191
tbn,489,1,7,304.105,252.395,115.345,0.2102
tbn,489,1,8,304.165,252.185,97.4308,0.232
tbn,489,1,9,304.165,251.95,82.875,0.2419
tbn,489,1,10,304.11,251.735,67.17,0.2062
tbn,489,1,11,304.005,251.57,47.1168,0.191
tbn,489,1,12,303.86,251.445,34.5118,0.1942
tbn,489,1,13,303.685,251.355,20.2266,0.2025
tbn,489,1,14,303.48,251.3,10.2993,0.2236
tbn,489,1,15,303.26,251.27,5.1994,0.2209
tbn,489,1,16,303.035,251.255,2.4846,0.2302
tbn,489,1,17,302.83,251.25,0.0,0.18
tbn,489,1,18,302.74,252.06,90.0,1.62
tbn,490,0,0,305.765,248.78,0.0,0.59
tbn,490,0,1,306.06,250.515,90.0,3.47
tbn,490,0,2,307.765,250.42,132.9748,5.0024
tbn,490,0,3,309.47,250.985,90.0,4.79
tbn,490,0,4,309.17,253.38,0.0,0.6
tbn,490,0,5,308.87,251.7,90.0,3.36
tbn,490,0,6,307.17,251.81,133.5226,4.9373
tbn,490,0,7,305.47,251.19,90.0,4.82
tbn,491,0,0,312.69,250.825,90.0,0.51
tbn,491,0,1,313.27,250.57,0.0,1.16
tbn,491,0,2,313.83,250.435,81.5709,0.2729
tbn,491,0,3,313.76,250.17,68.962,0.2786
tbn,491,0,4,313.635,249.925,56.8875,0.2746
tbn,491,0,5,313.465,249.71,46.4702,0.2759
tbn,491,0,6,313.255,249.525,36.4737,0.286
tbn,491,0,7,313.02,249.375,28.4361,0.273
tbn,491,0,8,312.77,249.27,17.1075,0.272
tbn,491,0,9,312.51,249.22,4.3961,0.2608
tbn,491,0,10,312.285,249.215,176.9843,0.1903
tbn,491,0,11,312.105,249.235,169.9932,0.1726
tbn,491,0,12,311.935,249.275,163.6127,0.1772
tbn,491,0,13,311.77,249.33,159.4452,0.1709
tbn,491,0,14,311.54,249.455,147.6512,0.3551
tbn,491,0,15,311.26,249.665,138.5032,0.3471
tbn,491,0,16,311.025,249.92,126.8689,0.35
tbn,491,0,17,310.84,250.22,116.5672,0.3578
tbn,491,0,18,310.705,250.545,108.4365,0.3479
tbn,491,0,19,310.635,250.89,94.7636,0.3612
tbn,491,0,20,310.625,251.17,87.135,0.2003
tbn,491,0,21,310.645,251.365,81.0278,0.1924
tbn,491,0,22,310.68,251.555,78.109,0.1942
tbn,491,0,23,310.73,251.74,71.5651,0.1897
tbn,491,0,24,310.84,252.0,64.7981,0.3758
tbn,491,0,25,311.03,252.315,52.816,0.364
tbn,491,0,26,311.275,252.58,41.6335,0.3612
tbn,491,0,27,311.56,252.79,30.9638,0.3498
tbn,491,0,28,311.795,252.915,22.3807,0.1839
tbn,491,0,29,311.97,252.975,15.5301,0.1868
tbn,491,0,30,312.15,253.015,9.4623,0.1825
tbn,491,0,31,312.33,253.035,3.1728,0.1803
tbn,491,0,32,312.525,253.03,174.5624,0.2109
tbn,491,0,33,312.73,253.0,168.6884,0.204
tbn,491,0,34,312.93,252.945,160.7064,0.2119
tbn,491,0,35,313.125,252.865,154.655,0.2102
tbn,491,0,36,313.31,252.765,148.5728,0.2109
tbn,491,0,37,313.48,252.64,138.8118,0.2126
tbn,491,0,38,313.635,252.495,135.0,0.2121
tbn,491,0,39,313.775,252.335,127.4092,0.214
tbn,491,0,40,314.03,252.45,46.468,0.5517
tbn,491,0,41,314.135,252.755,128.9943,0.2702
tbn,491,0,42,313.95,252.95,138.0113,0.2691
tbn,491,0,43,313.745,253.115,144.4623,0.2581
tbn,491,0,44,313.525,253.255,150.5244,0.2642
tbn,491,0,45,313.29,253.37,157.3781,0.26
tbn,491,0,46,313.045,253.455,164.3562,0.2596
tbn,491,0,47,312.79,253.51,171.2523,0.2631
tbn,491,0,48,312.53,253.54,175.6039,0.2608
tbn,491,0,49,312.28,253.545,2.3884,0.2402
tbn,491,0,50,312.04,253.52,9.4576,0.2433
tbn,491,0,51,311.81,253.47,15.2618,0.228
tbn,491,0,52,311.59,253.395,22.2481,0.2377
tbn,491,0,53,311.375,253.3,25.4556,0.2326
tbn,491,0,54,311.175,253.19,32.285,0.2247
tbn,491,0,55,310.985,253.055,38.2887,0.2421
tbn,491,0,56,310.805,252.9,43.2627,0.2335
tbn,491,0,57,310.645,252.735,48.5746,0.2267
tbn,491,0,58,310.5,252.55,55.0068,0.2441
tbn,491,0,59,310.37,252.35,59.035,0.2332
tbn,491,0,60,310.26,252.14,65.5548,0.2417
tbn,491,0,61,310.17,251.915,70.8248,0.2435
tbn,491,0,62,310.1,251.68,75.9638,0.2474
tbn,491,0,63,310.055,251.435,83.1575,0.2518
tbn,491,0,64,310.03,251.18,85.5972,0.2608
tbn,491,0,65,310.03,250.935,94.9743,0.2309
tbn,491,0,66,310.055,250.705,97.4317,0.2319
tbn,491,0,67,310.1,250.475,104.6196,0.2377
tbn,491,0,68,310.17,250.255,110.852,0.2247
tbn,491,0,69,310.26,250.05,116.5651,0.2236
tbn,491,0,70,310.365,249.85,118.8165,0.2282
tbn,491,0,71,310.49,249.66,127.8683,0.228
tbn,491,0,72,310.635,249.485,131.4254,0.2267
tbn,491,0,73,310.79,249.325,136.8494,0.2193
tbn,491,0,74,310.96,249.18,142.121,0.228
tbn,491,0,75,311.145,249.05,147.7257,0.2247
tbn,491,0,76,311.34,248.94,153.4349,0.2236
tbn,491,0,77,311.55,248.845,157.7519,0.2377
tbn,491,0,78,311.77,248.775,167.1988,0.2256
tbn,491,0,79,311.99,248.73,169.6931,0.2236
tbn,491,0,80,312.22,248.705,177.6116,0.2402
tbn,491,0,81,312.455,248.705,2.4919,0.2302
tbn,491,0,82,312.68,248.725,7.7648,0.222
tbn,491,0,83,312.895,248.765,13.3899,0.2159
tbn,491,0,84,313.1,248.825,19.2908,0.2119
tbn,491,0,85,313.295,248.91,27.7597,0.2147
tbn,491,0,86,313.475,249.01,30.4696,0.1972
tbn,491,0,87,313.64,249.125,39.0877,0.2061
tbn,491,0,88,313.795,249.26,43.0292,0.2052
tbn,491,0,89,313.935,249.405,49.0834,0.1985
tbn,491,0,90,314.06,249.565,54.7856,0.2081
tbn,491,0,91,314.17,249.745,62.2403,0.2147
tbn,491,0,92,314.26,249.935,67.17,0.2062
tbn,491,0,93,314.33,250.13,73.2919,0.2088
tbn,491,0,94,314.385,250.34,77.1988,0.2256
tbn,491,0,95,314.425,250.56,82.2352,0.222
tbn,491,0,96,314.445,250.785,87.5081,0.2302
tbn,491,0,97,314.45,250.99,90.0,0.18
tbn,491,0,98,313.57,251.08,0.0,1.76
tbn,492,0,0,235.315,189.7,0.0,1.07
tbn,492,0,1,235.995,189.705,1.9769,0.2902
tbn,492,0,2,236.28,189.74,12.0943,0.2864
tbn,492,0,3,236.555,189.815,18.434,0.2846
tbn,492,0,4,236.805,189.925,29.4773,0.2642
tbn,492,0,5,237.025,190.08,40.5992,0.2766
tbn,492,0,6,237.205,190.285,56.891,0.2746
tbn,492,0,7,237.31,190.465,65.2214,0.1432
tbn,492,0,8,237.36,190.6,74.053,0.1456
tbn,492,0,9,237.395,190.745,78.6901,0.153
tbn,492,0,10,237.415,190.905,86.6356,0.1703
tbn,492,0,11,237.41,191.095,95.4417,0.2109
tbn,492,0,12,237.375,191.295,104.7399,0.1965
tbn,492,0,13,237.31,191.48,113.9638,0.197
tbn,492,0,14,237.215,191.655,122.9033,0.2025
tbn,492,0,15,237.09,191.815,133.0261,0.2052
tbn,492,0,16,236.94,191.95,143.1319,0.2
tbn,492,0,17,236.775,192.05,154.7939,0.1879
tbn,492,0,18,236.59,192.12,163.3012,0.2088
tbn,492,0,19,236.49,192.155,90.0,0.01
tbn,492,0,20,236.6,192.235,34.2875,0.2663
tbn,492,0,21,236.79,192.415,52.6983,0.264
tbn,492,0,22,236.915,192.645,70.2019,0.2657
tbn,492,0,23,236.975,192.9,83.4145,0.2617
tbn,492,0,24,236.985,193.12,93.1825,0.1803
tbn,492,0,25,236.97,193.295,96.7119,0.1712
tbn,492,0,26,236.94,193.455,104.9296,0.1552
tbn,492,0,27,236.89,193.595,114.7734,0.1432
tbn,492,0,28,236.78,193.77,126.0278,0.272
tbn,492,0,29,236.6,193.965,139.6328,0.2625
tbn,492,0,30,236.375,194.11,154.3599,0.2773
tbn,492,0,31,236.115,194.205,165.4643,0.2789
tbn,492,0,32,235.83,194.26,172.4096,0.3027
tbn,492,0,33,235.52,194.285,178.2083,0.3201
tbn,492,0,34,235.07,194.29,0.0,0.58
tbn,492,0,35,234.78,191.995,90.0,4.59
tbn,492,1,0,235.455,193.78,0.0,0.15
tbn,492,1,1,235.625,193.78,0.0,0.19
tbn,492,1,2,235.81,193.765,170.5377,0.1825
tbn,492,1,3,235.98,193.73,165.9715,0.1649
tbn,492,1,4,236.13,193.675,153.4325,0.1565
tbn,492,1,5,236.26,193.595,143.1301,0.15
tbn,492,1,6,236.365,193.48,122.7359,0.1665
tbn,492,1,7,236.435,193.325,106.3873,0.1772
tbn,492,1,8,236.47,193.13,95.1955,0.2209
tbn,492,1,9,236.47,192.91,84.8045,0.2209
tbn,492,1,10,236.435,192.71,74.4789,0.1868
tbn,492,1,11,236.365,192.555,55.3024,0.1581
tbn,492,1,12,236.26,192.44,39.8084,0.1562
tbn,492,1,13,236.13,192.355,26.5675,0.1565
tbn,492,1,14,235.975,192.3,13.2434,0.1746
tbn,492,1,15,235.8,192.27,6.3365,0.1811
tbn,492,1,16,235.615,192.255,3.0159,0.1903
tbn,492,1,17,235.45,192.25,0.0,0.14
tbn,492,1,18,235.38,193.015,90.0,1.53
tbn,492,2,0,235.55,191.82,0.0,0.34
tbn,492,2,1,235.815,191.82,0.0,0.19
tbn,492,2,2,236.005,191.805,171.0278,0.1924
tbn,492,2,3,236.19,191.77,167.4681,0.1844
tbn,492,2,4,236.365,191.71,154.8023,0.1879
tbn,492,2,5,236.525,191.62,146.3099,0.1803
tbn,492,2,6,236.66,191.5,130.6034,0.1844
tbn,492,2,7,236.76,191.34,113.9602,0.197
tbn,492,2,8,236.81,191.14,95.1916,0.2209
tbn,492,2,9,236.81,190.915,85.0326,0.2308
tbn,492,2,10,236.765,190.71,68.7467,0.1931
tbn,492,2,11,236.68,190.55,54.4676,0.1721
tbn,492,2,12,236.565,190.425,40.2315,0.1703
tbn,492,2,13,236.42,190.33,26.5694,0.1789
tbn,492,2,14,236.255,190.265,16.3859,0.1772
tbn,492,2,15,236.075,190.225,8.9722,0.1924
tbn,492,2,16,235.885,190.21,0.0,0.19
tbn,492,2,17,235.585,190.21,0.0,0.41
tbn,492,2,18,235.38,191.015,90.0,1.61
tbn,493,0,0,241.09,190.295,113.6042,1.2987
tbn,493,0,1,241.665,189.7,0.0,0.63
tbn,493,0,2,240.87,192.115,114.6847,5.3158
tbn,493,0,3,238.655,192.115,65.4134,5.3116
tbn,493,0,4,237.86,189.7,0.0,0.62
tbn,493,0,5,238.435,190.295,65.9929,1.3027
tbn,493,0,6,239.765,190.89,0.0,2.13
tbn,493,1,0,239.765,191.4,0.0,1.65
tbn,493,1,1,239.35,192.335,66.3226,2.0419
tbn,493,1,2,240.175,192.335,113.9342,2.0459
tbn,494,0,0,244.89,193.865,123.6928,0.1803
tbn,494,0,1,244.78,194.01,130.5972,0.1844
tbn,494,0,2,244.65,194.135,141.8464,0.178
tbn,494,0,3,244.51,194.24,144.4606,0.172
tbn,494,0,4,244.36,194.325,156.3689,0.1746
tbn,494,0,5,244.195,194.39,160.5605,0.1803
tbn,494,0,6,244.02,194.435,170.5377,0.1825
tbn,494,0,7,243.835,194.455,176.9843,0.1903
tbn,494,0,8,243.615,194.45,4.5784,0.2508
tbn,494,0,9,243.365,194.41,13.4952,0.2571
tbn,494,0,10,243.12,194.335,20.5548,0.2563
tbn,494,0,11,242.9,194.225,33.0253,0.2385
tbn,494,0,12,242.71,194.075,43.3593,0.2476
tbn,494,0,13,242.555,193.885,58.2452,0.247
tbn,494,0,14,242.445,193.665,68.6285,0.247
tbn,494,0,15,242.385,193.415,83.6573,0.2717
tbn,494,0,16,242.38,193.165,94.9712,0.2308
tbn,494,0,17,242.42,192.95,106.6976,0.2088
tbn,494,0,18,242.5,192.76,119.0571,0.2059
tbn,494,0,19,242.615,192.595,130.9166,0.1985
tbn,494,0,20,242.76,192.455,140.9031,0.2061
tbn,494,0,21,242.925,192.33,144.7856,0.2081
tbn,494,0,22,243.105,192.22,152.2384,0.2147
tbn,494,0,23,243.295,192.125,154.655,0.2102
tbn,494,0,24,243.55,192.01,156.3689,0.3493
tbn,494,0,25,243.855,191.87,154.2327,0.322
tbn,494,0,26,244.125,191.71,144.2426,0.3081
tbn,494,0,27,244.3,191.565,132.2792,0.1487
tbn,494,0,28,244.39,191.445,121.6071,0.1526
tbn,494,0,29,244.455,191.3,107.3497,0.1676
tbn,494,0,30,244.49,191.13,96.3418,0.1811
tbn,494,0,31,244.49,190.95,83.6582,0.1811
tbn,494,0,32,244.455,190.775,73.6155,0.1772
tbn,494,0,33,244.395,190.61,66.3689,0.1746
tbn,494,0,34,244.31,190.465,52.435,0.164
tbn,494,0,35,244.2,190.34,44.9964,0.1697
tbn,494,0,36,244.065,190.24,28.0695,0.17
tbn,494,0,37,243.91,190.17,20.5548,0.1709
tbn,494,0,38,243.74,190.13,6.3466,0.1811
tbn,494,0,39,243.56,190.13,173.6539,0.1811
tbn,494,0,40,243.385,190.165,163.6141,0.1772
tbn,494,0,41,243.225,190.23,151.9215,0.17
tbn,494,0,42,243.085,190.32,142.4392,0.164
tbn,494,0,43,242.965,190.44,128.1545,0.1781
tbn,494,0,44,242.865,190.585,120.9638,0.1749
tbn,494,0,45,242.795,190.745,106.3893,0.1772
tbn,494,0,46,242.765,190.925,93.0111,0.1903
tbn,494,0,47,242.46,190.955,12.2254,0.6139
tbn,494,0,48,242.19,190.755,102.5274,0.2766
tbn,494,0,49,242.27,190.495,111.8026,0.2693
tbn,494,0,50,242.39,190.26,122.4709,0.2608
tbn,494,0,51,242.55,190.06,135.0,0.2545
tbn,494,0,52,242.74,189.895,143.1308,0.25
tbn,494,0,53,242.96,189.76,153.4364,0.2683
tbn,494,0,54,243.205,189.665,164.3562,0.2596
tbn,494,0,55,243.465,189.62,175.766,0.2707
tbn,494,0,56,243.75,189.625,5.7103,0.3015
tbn,494,0,57,244.04,189.675,14.0377,0.2886
tbn,494,0,58,244.31,189.775,26.561,0.2907
tbn,494,0,59,244.55,189.92,36.0278,0.272
tbn,494,0,60,244.75,190.105,49.4028,0.2766
tbn,494,0,61,244.91,190.335,60.7513,0.2865
tbn,494,0,62,245.02,190.6,74.0542,0.2912
tbn,494,0,63,245.075,190.89,84.2894,0.3015
tbn,494,0,64,245.08,191.18,94.0834,0.2807
tbn,494,0,65,245.035,191.44,106.2624,0.25
tbn,494,0,66,244.95,191.665,115.459,0.2326
tbn,494,0,67,244.83,191.86,127.876,0.228
tbn,494,0,68,244.675,192.03,136.7373,0.2335
tbn,494,0,69,244.49,192.18,145.0106,0.2441
tbn,494,0,70,244.28,192.305,153.4318,0.246
tbn,494,0,71,244.05,192.415,155.3784,0.264
tbn,494,0,72,243.765,192.535,158.4979,0.3547
tbn,494,0,73,243.49,192.65,155.5548,0.2417
tbn,494,0,74,243.28,192.77,145.0106,0.2441
tbn,494,0,75,243.135,192.885,134.9951,0.1273
tbn,494,0,76,243.055,192.98,124.9955,0.122
tbn,494,0,77,243.0,193.09,108.4393,0.1265
tbn,494,0,78,242.97,193.215,98.7411,0.1315
tbn,494,0,79,242.97,193.355,82.4107,0.1514
tbn,494,0,80,243.005,193.495,68.9575,0.1393
tbn,494,0,81,243.07,193.615,53.9759,0.136
tbn,494,0,82,243.16,193.72,45.0,0.1414
tbn,494,0,83,243.335,193.84,29.2461,0.2865
tbn,494,0,84,243.595,193.93,8.4291,0.2729
tbn,494,0,85,243.85,193.935,172.8754,0.2419
tbn,494,0,86,244.065,193.88,157.1622,0.2062
tbn,494,0,87,244.245,193.77,140.5304,0.2202
tbn,494,0,88,244.4,193.605,126.3839,0.236
tbn,494,0,89,244.705,193.65,30.784,0.5471
tbn,495,0,0,246.91,189.7,0.0,2.5
tbn,495,0,1,248.16,189.955,90.0,0.51
tbn,495,0,2,247.21,190.21,0.0,1.9
tbn,495,0,3,246.26,191.1,90.0,1.78
tbn,495,0,4,247.185,191.99,0.0,1.85
tbn,495,0,5,248.11,192.245,90.0,0.51
tbn,495,0,6,247.185,192.5,0.0,1.85
tbn,495,0,7,246.26,193.14,90.0,1.28
tbn,495,0,8,247.21,193.78,0.0,1.9
tbn,495,0,9,248.16,194.035,90.0,0.51
tbn,495,0,10,246.91,194.29,0.0,2.5
tbn,495,0,11,245.66,191.995,90.0,4.59
tbn,496,0,0,252.59,194.455,2.3882,0.2402
tbn,496,0,1,252.35,194.43,9.4576,0.2433
tbn,496,0,2,252.115,194.385,12.2686,0.2354
tbn,496,0,3,251.89,194.315,22.2495,0.2377
tbn,496,0,4,251.675,194.22,25.464,0.2326
tbn,496,0,5,251.47,194.11,30.9631,0.2332
tbn,496,0,6,251.275,193.98,36.3809,0.236
tbn,496,0,7,251.09,193.835,39.8089,0.2343
tbn,496,0,8,250.925,193.675,48.5746,0.2267
tbn,496,0,9,250.78,193.495,53.6161,0.236
tbn,496,0,10,250.645,193.3,56.9767,0.2386
tbn,496,0,11,250.53,193.095,64.5378,0.2326
tbn,496,0,12,250.44,192.875,70.8214,0.2435
tbn,496,0,13,250.365,192.645,73.0695,0.2404
tbn,496,0,14,250.315,192.41,82.8759,0.2419
tbn,496,0,15,250.29,192.165,85.4286,0.2508
tbn,496,0,16,250.29,191.91,94.3966,0.2607
tbn,496,0,17,250.315,191.655,96.8425,0.2518
tbn,496,0,18,250.36,191.41,104.0345,0.2474
tbn,496,0,19,250.435,191.175,111.3748,0.247
tbn,496,0,20,250.53,190.955,115.4622,0.2326
tbn,496,0,21,250.64,190.75,120.9644,0.2333
tbn,496,0,22,250.77,190.56,127.876,0.228
tbn,496,0,23,250.92,190.385,133.26,0.2335
tbn,496,0,24,251.085,190.22,136.7373,0.2335
tbn,496,0,25,251.265,190.075,145.6169,0.2302
tbn,496,0,26,251.46,189.95,149.0388,0.2332
tbn,496,0,27,251.665,189.84,154.5344,0.2326
tbn,496,0,28,251.88,189.75,160.0201,0.2341
tbn,496,0,29,252.11,189.685,168.2348,0.2452
tbn,496,0,30,252.35,189.64,170.5353,0.2433
tbn,496,0,31,252.59,189.615,177.6118,0.2402
tbn,496,0,32,252.835,189.615,2.2928,0.2502
tbn,496,0,33,253.08,189.64,9.4641,0.2433
tbn,496,0,34,253.315,189.685,12.2621,0.2354
tbn,496,0,35,253.54,189.75,19.9799,0.2341
tbn,496,0,36,253.755,189.84,25.4656,0.2326
tbn,496,0,37,253.96,189.95,30.9612,0.2332
tbn,496,0,38,254.155,190.075,34.3831,0.2302
tbn,496,0,39,254.335,190.22,43.2627,0.2335
tbn,496,0,40,254.5,190.385,46.74,0.2335
tbn,496,0,41,254.65,190.56,52.124,0.228
tbn,496,0,42,254.78,190.75,59.0356,0.2333
tbn,496,0,43,254.89,190.955,64.5378,0.2326
tbn,496,0,44,254.985,191.175,68.6252,0.247
tbn,496,0,45,255.06,191.41,75.9655,0.2474
tbn,496,0,46,255.105,191.655,83.1575,0.2518
tbn,496,0,47,255.13,191.91,85.6034,0.2607
tbn,496,0,48,255.13,192.165,94.5714,0.2508
tbn,496,0,49,255.105,192.41,97.1241,0.2419
tbn,496,0,50,255.06,192.645,104.6215,0.2377
tbn,496,0,51,254.985,192.875,111.3722,0.247
tbn,496,0,52,254.89,193.095,115.4622,0.2326
tbn,496,0,53,254.78,193.3,120.9644,0.2333
tbn,496,0,54,254.645,193.495,128.2887,0.2421
tbn,496,0,55,254.495,193.675,131.4254,0.2267
tbn,496,0,56,254.33,193.835,140.1911,0.2343
tbn,496,0,57,254.15,193.98,142.127,0.228
tbn,496,0,58,253.96,194.11,149.0388,0.2332
tbn,496,0,59,253.75,194.22,155.5548,0.2417
tbn,496,0,60,253.53,194.315,157.7505,0.2377
tbn,496,0,61,253.305,194.385,167.7314,0.2354
tbn,496,0,62,253.07,194.43,170.5424,0.2433
tbn,496,0,63,252.83,194.455,177.6118,0.2402
tbn,496,1,0,252.62,190.125,176.8169,0.1803
tbn,496,1,1,252.44,190.145,170.5385,0.1825
tbn,496,1,2,252.26,190.18,167.4774,0.1844
tbn,496,1,3,252.09,190.235,156.3689,0.1746
tbn,496,1,4,251.855,190.355,151.2581,0.3536
tbn,496,1,5,251.56,190.555,140.6016,0.3623
tbn,496,1,6,251.31,190.815,127.184,0.364
tbn,496,1,7,251.115,191.12,117.9787,0.3624
tbn,496,1,8,250.995,191.37,111.2533,0.1931
tbn,496,1,9,250.94,191.55,102.5273,0.1844
tbn,496,1,10,250.905,191.74,98.5342,0.2023
tbn,496,1,11,250.885,191.94,92.8611,0.2002
tbn,496,1,12,250.885,192.135,86.9889,0.1903
tbn,496,1,13,250.9,192.325,83.9898,0.1911
tbn,496,1,14,250.935,192.51,74.4769,0.1868
tbn,496,1,15,250.985,192.69,74.4744,0.1868
tbn,496,1,16,251.095,192.94,62.0213,0.3624
tbn,496,1,17,251.285,193.24,53.1311,0.35
tbn,496,1,18,251.525,193.5,41.6319,0.3612
tbn,496,1,19,251.815,193.71,30.1406,0.3585
tbn,496,1,20,252.055,193.83,19.4395,0.1803
tbn,496,1,21,252.23,193.885,15.5289,0.1868
tbn,496,1,22,252.415,193.925,8.9722,0.1924
tbn,496,1,23,252.61,193.945,2.8565,0.2002
tbn,496,1,24,252.81,193.945,177.1435,0.2002
tbn,496,1,25,253.005,193.925,171.0278,0.1924
tbn,496,1,26,253.19,193.885,164.4711,0.1868
tbn,496,1,27,253.365,193.83,160.5605,0.1803
tbn,496,1,28,253.605,193.71,149.8594,0.3585
tbn,496,1,29,253.895,193.5,138.3681,0.3612
tbn,496,1,30,254.14,193.24,128.1556,0.3561
tbn,496,1,31,254.33,192.94,116.5651,0.3578
tbn,496,1,32,254.435,192.69,105.5256,0.1868
tbn,496,1,33,254.485,192.51,105.5231,0.1868
tbn,496,1,34,254.52,192.325,96.0102,0.1911
tbn,496,1,35,254.535,192.135,93.0111,0.1903
tbn,496,1,36,254.535,191.94,87.1389,0.2002
tbn,496,1,37,254.515,191.74,81.4658,0.2023
tbn,496,1,38,254.48,191.55,77.4727,0.1844
tbn,496,1,39,254.425,191.37,68.7467,0.1931
tbn,496,1,40,254.305,191.12,62.0213,0.3624
tbn,496,1,41,254.11,190.815,52.816,0.364
tbn,496,1,42,253.865,190.555,40.4248,0.3547
tbn,496,1,43,253.575,190.355,28.7419,0.3536
tbn,496,1,44,253.335,190.235,22.3807,0.1839
tbn,496,1,45,253.16,190.18,12.5226,0.1844
tbn,496,1,46,252.98,190.145,9.4615,0.1825
tbn,496,1,47,252.8,190.125,3.1831,0.1803
tbn,497,0,0,256.47,191.65,0.0,0.34
tbn,497,0,1,256.8,191.66,3.5743,0.3206
tbn,497,0,2,257.115,191.7,10.9537,0.3158
tbn,497,0,3,257.405,191.775,18.4408,0.2846
tbn,497,0,4,257.66,191.89,30.2515,0.2779
tbn,497,0,5,257.88,192.05,41.9887,0.2691
tbn,497,0,6,258.055,192.255,56.891,0.2746
tbn,497,0,7,258.155,192.435,68.9562,0.1393
tbn,497,0,8,258.2,192.575,75.065,0.1552
tbn,497,0,9,258.235,192.73,79.381,0.1628
tbn,497,0,10,258.25,192.895,90.0,0.17
tbn,497,0,11,258.24,193.125,93.9489,0.2907
tbn,497,0,12,258.2,193.4,102.9936,0.2668
tbn,497,0,13,258.11,193.645,117.5539,0.2594
tbn,497,0,14,257.955,193.855,135.0,0.2687
tbn,497,0,15,257.805,193.99,143.9632,0.136
tbn,497,0,16,257.68,194.06,156.8044,0.1523
tbn,497,0,17,257.535,194.12,158.1986,0.1615
tbn,497,0,18,257.375,194.175,163.6155,0.1772
tbn,497,0,19,257.195,194.22,168.109,0.1942
tbn,497,0,20,256.99,194.255,172.2352,0.222
tbn,497,0,21,256.765,194.28,175.025,0.2309
tbn,497,0,22,256.52,194.29,0.0,0.26
tbn,497,0,23,256.045,194.29,0.0,0.69
tbn,497,0,24,255.7,191.995,90.0,4.59
tbn,497,0,25,256.0,189.7,0.0,0.6
tbn,497,0,26,256.3,190.675,90.0,1.95
tbn,497,1,0,256.375,193.78,0.0,0.15
tbn,497,1,1,256.565,193.78,0.0,0.23
tbn,497,1,2,256.79,193.77,174.8006,0.2209
tbn,497,1,3,257.01,193.74,169.7007,0.2236
tbn,497,1,4,257.22,193.685,160.7064,0.2119
tbn,497,1,5,257.405,193.6,149.5349,0.1972
tbn,497,1,6,257.555,193.48,132.8832,0.191
tbn,497,1,7,257.65,193.37,126.8629,0.1
tbn,497,1,8,257.695,193.28,106.6976,0.1044
tbn,497,1,9,257.725,193.175,105.2565,0.114
tbn,497,1,10,257.74,193.055,90.0,0.13
tbn,497,1,11,257.74,192.925,90.0,0.13
tbn,497,1,12,257.725,192.805,74.7435,0.114
tbn,497,1,13,257.695,192.7,73.3024,0.1044
tbn,497,1,14,257.655,192.605,60.9355,0.103
tbn,497,1,15,257.565,192.485,49.0901,0.1985
tbn,497,1,16,257.42,192.36,32.0064,0.1887
tbn,497,1,17,257.245,192.275,20.2266,0.2025
tbn,497,1,18,257.045,192.215,13.3899,0.2159
tbn,497,1,19,256.825,192.18,4.9743,0.2309
tbn,497,1,20,256.6,192.165,2.5972,0.2202
tbn,497,1,21,256.395,192.16,0.0,0.19
tbn,497,1,22,256.3,192.97,90.0,1.62
tbn,498,0,0,261.255,193.865,126.2513,0.186
tbn,498,0,1,261.14,194.01,130.6044,0.1844
tbn,498,0,2,261.015,194.135,139.7618,0.1703
tbn,498,0,3,260.875,194.24,146.3126,0.1803
tbn,498,0,4,260.72,194.325,156.3689,0.1746
tbn,498,0,5,260.56,194.39,159.4416,0.1709
tbn,498,0,6,260.39,194.435,170.5393,0.1825
tbn,498,0,7,260.205,194.455,176.9843,0.1903
tbn,498,0,8,259.98,194.45,4.4033,0.2607
tbn,498,0,9,259.725,194.41,13.4952,0.2571
tbn,498,0,10,259.485,194.335,21.3689,0.247
tbn,498,0,11,259.265,194.225,31.7615,0.247
tbn,498,0,12,259.075,194.075,44.9949,0.2404
tbn,498,0,13,258.92,193.885,56.3157,0.2524
tbn,498,0,14,258.81,193.665,70.8157,0.2435
tbn,498,0,15,258.755,193.415,83.6605,0.2717
tbn,498,0,16,258.75,193.165,94.975,0.2309
tbn,498,0,17,258.79,192.95,106.6976,0.2088
tbn,498,0,18,258.87,192.76,119.0497,0.2059
tbn,498,0,19,258.985,192.595,130.9166,0.1985
tbn,498,0,20,259.125,192.455,139.0892,0.1985
tbn,498,0,21,259.285,192.33,144.7808,0.2081
tbn,498,0,22,259.465,192.22,152.2403,0.2147
tbn,498,0,23,259.66,192.125,155.7744,0.2193
tbn,498,0,24,259.915,192.01,155.693,0.3402
tbn,498,0,25,260.215,191.87,154.2315,0.322
tbn,498,0,26,260.49,191.71,145.3024,0.3162
tbn,498,0,27,260.67,191.565,132.2792,0.1487
tbn,498,0,28,260.76,191.445,121.6022,0.1526
tbn,498,0,29,260.825,191.3,107.3596,0.1676
tbn,498,0,30,260.855,191.13,93.1734,0.1803
tbn,498,0,31,260.855,190.95,86.8266,0.1803
tbn,498,0,32,260.825,190.775,73.606,0.1772
tbn,498,0,33,260.765,190.61,66.3781,0.1746
tbn,498,0,34,260.68,190.465,52.4308,0.164
tbn,498,0,35,260.565,190.34,42.7072,0.1769
tbn,498,0,36,260.43,190.24,29.7382,0.1613
tbn,498,0,37,260.28,190.17,20.5584,0.1709
tbn,498,0,38,260.11,190.13,6.3455,0.1811
tbn,498,0,39,259.93,190.13,173.6534,0.1811
tbn,498,0,40,259.755,190.165,163.6155,0.1772
tbn,498,0,41,259.595,190.23,151.9215,0.17
tbn,498,0,42,259.45,190.32,144.4659,0.172
tbn,498,0,43,259.325,190.44,128.1583,0.1781
tbn,498,0,44,259.23,190.585,118.0695,0.17
tbn,498,0,45,259.165,190.745,106.394,0.1772
tbn,498,0,46,259.13,190.925,96.0057,0.1911
tbn,498,0,47,258.825,190.955,12.4265,0.6041
tbn,498,0,48,258.56,190.755,102.5274,0.2766
tbn,498,0,49,258.64,190.495,111.8026,0.2693
tbn,498,0,50,258.76,190.26,122.4681,0.2608
tbn,498,0,51,258.915,190.06,133.3668,0.2476
tbn,498,0,52,259.105,189.895,144.4623,0.2581
tbn,498,0,53,259.325,189.76,152.4493,0.2594
tbn,498,0,54,259.57,189.665,164.9305,0.2693
tbn,498,0,55,259.835,189.62,175.7658,0.2707
tbn,498,0,56,260.12,189.625,5.7106,0.3015
tbn,498,0,57,260.41,189.675,14.0377,0.2886
tbn,498,0,58,260.675,189.775,27.4698,0.2818
tbn,498,0,59,260.91,189.92,36.0278,0.272
tbn,498,0,60,261.11,190.105,49.398,0.2766
tbn,498,0,61,261.27,190.335,60.7539,0.2865
tbn,498,0,62,261.385,190.6,72.1817,0.2941
tbn,498,0,63,261.445,190.89,84.2894,0.3015
tbn,498,0,64,261.45,191.18,94.0834,0.2807
tbn,498,0,65,261.405,191.44,106.2624,0.25
tbn,498,0,66,261.315,191.665,117.6404,0.2371
tbn,498,0,67,261.19,191.86,127.879,0.228
tbn,498,0,68,261.035,192.03,136.7322,0.2334
tbn,498,0,69,260.855,192.18,143.6191,0.236
tbn,498,0,70,260.65,192.305,153.4318,0.246
tbn,498,0,71,260.42,192.415,155.3812,0.264
tbn,498,0,72,260.135,192.535,158.497,0.3547
tbn,498,0,73,259.86,192.65,155.5548,0.2417
tbn,498,0,74,259.645,192.77,146.3119,0.2524
tbn,498,0,75,259.5,192.885,131.6311,0.1204
tbn,498,0,76,259.425,192.98,125.0014,0.122
tbn,498,0,77,259.37,193.09,108.4262,0.1265
tbn,498,0,78,259.34,193.215,98.7542,0.1315
tbn,498,0,79,259.34,193.355,82.3992,0.1514
tbn,498,0,80,259.375,193.495,68.9634,0.1393
tbn,498,0,81,259.44,193.615,53.9707,0.136
tbn,498,0,82,259.53,193.72,45.0087,0.1414
tbn,498,0,83,259.7,193.84,30.2515,0.2779
tbn,498,0,84,259.96,193.93,8.1319,0.2828
tbn,498,0,85,260.215,193.935,172.5683,0.2319
tbn,498,0,86,260.43,193.88,158.1956,0.2154
tbn,498,0,87,260.61,193.77,138.8179,0.2126
tbn,498,0,88,260.76,193.605,126.3809,0.236
tbn,498,0,89,261.07,193.65,30.2558,0.5557
tbn,499,0,0,239.03,198.055,66.6065,3.4757
tbn,499,0,1,239.725,199.65,0.0,0.01
tbn,499,0,2,240.0,198.095,99.8501,3.1565
tbn,499,0,3,240.57,196.54,0.0,0.6
tbn,499,0,4,240.395,198.97,101.0603,4.952
tbn,499,0,5,239.13,199.58,66.536,3.9681
tbn,499,0,6,237.545,199.58,113.5962,3.9721
tbn,499,0,7,236.275,198.97,78.9397,4.952
tbn,499,0,8,236.1,196.54,0.0,0.6
tbn,499,0,9,236.67,198.085,80.0872,3.1369
tbn,499,0,10,236.945,199.63,0.0,0.01
tbn,499,0,11,237.645,198.045,113.6767,3.4614
tbn,500,0,0,241.665,201.14,0.0,0.59
tbn,500,0,1,241.37,198.84,90.0,4.6
tbn,500,0,2,241.665,196.54,0.0,0.59
tbn,500,0,3,241.96,198.84,90.0,4.6
tbn,501,0,0,243.085,201.14,0.0,0.59
tbn,501,0,1,242.79,198.84,90.0,4.6
tbn,501,0,2,243.79,196.54,0.0,2.0
tbn,501,0,3,244.79,196.795,90.0,0.51
tbn,501,0,4,244.085,197.05,0.0,1.41
tbn,501,0,5,243.38,199.095,90.0,4.09
tbn,502,0,0,245.445,201.14,0.0,0.59
tbn,502,0,1,245.15,198.84,90.0,4.6
tbn,502,0,2,245.445,196.54,0.0,0.59
tbn,502,0,3,245.74,198.84,90.0,4.6
tbn,503,0,0,248.395,200.63,0.0,1.09
tbn,503,0,1,248.94,200.885,90.0,0.51
tbn,503,0,2,247.545,201.14,0.0,2.79
tbn,503,0,3,246.15,200.885,90.0,0.51
tbn,503,0,4,246.7,200.63,0.0,1.1
tbn,503,0,5,247.25,198.585,90.0,4.09
tbn,503,0,6,247.55,196.54,0.0,0.6
tbn,503,0,7,247.85,198.585,90.0,4.09
tbn,504,0,0,252.395,197.135,114.0071,1.3027
tbn,504,0,1,252.97,196.54,0.0,0.62
tbn,504,0,2,252.175,198.96,114.5419,5.3207
tbn,504,0,3,249.96,198.96,65.3601,5.3248
tbn,504,0,4,249.16,196.54,0.0,0.62
tbn,504,0,5,249.735,197.135,65.9929,1.3027
tbn,504,0,6,251.065,197.73,0.0,2.13
tbn,504,1,0,251.065,198.24,0.0,1.65
tbn,504,1,1,250.655,199.175,66.0658,2.0459
tbn,504,1,2,251.48,199.175,113.6774,2.0419
tbn,505,0,0,255.25,198.585,11.7652,0.2452
tbn,505,0,1,255.48,198.655,22.2549,0.2377
tbn,505,0,2,255.685,198.77,36.3831,0.236
tbn,505,0,3,255.855,198.92,46.8465,0.2193
tbn,505,0,4,255.995,199.09,54.1634,0.222
tbn,505,0,5,256.105,199.285,66.8014,0.2285
tbn,505,0,6,256.18,199.5,74.7456,0.228
tbn,505,0,7,256.22,199.73,85.2321,0.2409
tbn,505,0,8,256.21,200.01,97.127,0.3225
tbn,505,0,9,256.135,200.315,110.7692,0.3102
tbn,505,0,10,255.985,200.59,126.1597,0.322
tbn,505,0,11,255.77,200.82,140.1959,0.3124
tbn,505,0,12,255.5,200.98,158.1946,0.3231
tbn,505,0,13,255.195,201.075,167.2796,0.3178
tbn,505,0,14,254.88,201.12,176.4203,0.3206
tbn,505,0,15,254.56,201.135,178.2138,0.3201
tbn,505,0,16,254.035,201.14,0.0,0.73
tbn,505,0,17,253.67,198.84,90.0,4.6
tbn,505,0,18,253.97,196.54,0.0,0.6
tbn,505,0,19,254.27,197.52,90.0,1.96
tbn,505,0,20,254.395,198.5,0.0,0.25
tbn,505,0,21,255.21,197.52,125.1489,2.3971
tbn,505,0,22,256.24,196.54,0.0,0.68
tbn,505,0,23,255.855,197.55,125.672,2.4865
tbn,505,1,0,254.35,200.63,0.0,0.16
tbn,505,1,1,254.54,200.625,177.3949,0.2202
tbn,505,1,2,254.765,200.61,175.0329,0.2309
tbn,505,1,3,254.985,200.58,169.2138,0.2138
tbn,505,1,4,255.19,200.525,160.7078,0.2119
tbn,505,1,5,255.375,200.44,149.5327,0.1972
tbn,505,1,6,255.53,200.32,135.0031,0.198
tbn,505,1,7,255.64,200.155,112.8339,0.2062
tbn,505,1,8,255.7,199.945,99.8637,0.2335
tbn,505,1,9,255.705,199.71,82.875,0.2419
tbn,505,1,10,255.645,199.495,64.655,0.2102
tbn,505,1,11,255.54,199.33,49.3966,0.1844
tbn,505,1,12,255.395,199.205,32.9069,0.2025
tbn,505,1,13,255.215,199.115,20.2281,0.2025
tbn,505,1,14,255.015,199.06,10.7782,0.2138
tbn,505,1,15,254.8,199.03,5.1994,0.2209
tbn,505,1,16,254.575,199.015,2.4844,0.2302
tbn,505,1,17,254.365,199.01,0.0,0.19
tbn,505,1,18,254.27,199.82,90.0,1.62
tbn,506,0,0,258.02,197.56,90.0,2.04
tbn,506,0,1,258.32,196.54,0.0,0.6
tbn,506,0,2,258.62,197.56,90.0,2.04
tbn,506,0,3,259.375,199.86,59.4664,2.9721
tbn,506,0,4,259.8,201.14,0.0,0.66
tbn,506,0,5,258.895,200.175,59.2106,2.2466
tbn,506,0,6,257.75,200.175,120.569,2.2415
tbn,506,0,7,256.85,201.14,0.0,0.66
tbn,506,0,8,257.27,199.86,120.3677,2.9671
tbn,507,0,0,148.405,181.32,0.0,0.63
tbn,507,0,1,149.095,178.905,112.5947,5.2315
tbn,507,0,2,151.095,178.905,67.608,5.2239
tbn,507,0,3,151.775,181.32,0.0,0.63
tbn,507,0,4,150.78,179.63,68.0818,3.6434
tbn,507,0,5,149.41,179.63,112.2095,3.6509
tbn,508,0,0,152.825,181.32,0.0,0.59
tbn,508,0,1,152.53,179.025,90.0,4.59
tbn,508,0,2,152.825,176.73,0.0,0.59
tbn,508,0,3,153.12,179.025,90.0,4.59
tbn,509,0,0,154.71,178.68,0.0,0.34
tbn,509,0,1,155.045,178.69,3.4663,0.3306
tbn,509,0,2,155.365,178.73,10.9537,0.3158
tbn,509,0,3,155.655,178.805,18.4398,0.2846
tbn,509,0,4,155.91,178.92,30.253,0.2778
tbn,509,0,5,156.13,179.08,41.9865,0.2691
tbn,509,0,6,156.3,179.285,58.6726,0.2693
tbn,509,0,7,156.4,179.465,65.2266,0.1432
tbn,509,0,8,156.45,179.605,75.0704,0.1552
tbn,509,0,9,156.48,179.76,82.8736,0.1612
tbn,509,0,10,156.495,179.925,86.6299,0.1703
tbn,509,0,11,156.49,180.155,93.9459,0.2907
tbn,509,0,12,156.445,180.43,105.0695,0.2693
tbn,509,0,13,156.35,180.675,117.5539,0.2594
tbn,509,0,14,156.2,180.885,133.4503,0.2617
tbn,509,0,15,156.05,181.02,146.3066,0.1442
tbn,509,0,16,155.925,181.09,155.224,0.1432
tbn,509,0,17,155.785,181.15,158.2006,0.1616
tbn,509,0,18,155.625,181.205,163.6141,0.1772
tbn,509,0,19,155.44,181.25,168.6875,0.204
tbn,509,0,20,155.235,181.285,171.8705,0.2121
tbn,509,0,21,155.01,181.31,175.2315,0.2408
tbn,509,0,22,154.76,181.32,0.0,0.26
tbn,509,0,23,154.29,181.32,0.0,0.68
tbn,509,0,24,153.95,179.025,90.0,4.59
tbn,509,0,25,154.245,176.73,0.0,0.59
tbn,509,0,26,154.54,177.705,90.0,1.95
tbn,509,1,0,154.62,180.81,0.0,0.16
tbn,509,1,1,154.81,180.81,0.0,0.22
tbn,509,1,2,155.035,180.8,175.0253,0.2309
tbn,509,1,3,155.26,180.77,169.7007,0.2236
tbn,509,1,4,155.465,180.715,159.7734,0.2025
tbn,509,1,5,155.65,180.63,150.9429,0.2059
tbn,509,1,6,155.805,180.51,132.8832,0.191
tbn,509,1,7,155.895,180.4,122.0015,0.0944
tbn,509,1,8,155.94,180.31,111.7969,0.1077
tbn,509,1,9,155.97,180.205,100.3083,0.1118
tbn,509,1,10,155.985,180.085,94.3961,0.1304
tbn,509,1,11,155.985,179.955,85.6039,0.1304
tbn,509,1,12,155.97,179.835,79.6917,0.1118
tbn,509,1,13,155.945,179.73,73.3024,0.1044
tbn,509,1,14,155.905,179.635,60.9429,0.103
tbn,509,1,15,155.815,179.515,49.0867,0.1985
tbn,509,1,16,155.67,179.39,32.0064,0.1887
tbn,509,1,17,155.495,179.305,20.2266,0.2025
tbn,509,1,18,155.29,179.245,12.8012,0.2256
tbn,509,1,19,155.07,179.21,5.1994,0.2209
tbn,509,1,20,154.845,179.195,2.4844,0.2302
tbn,509,1,21,154.635,179.19,0.0,0.19
tbn,509,1,22,154.54,180.0,90.0,1.62
tbn,510,0,0,159.52,178.68,0.0,0.34
tbn,510,0,1,159.855,178.69,3.4663,0.3306
tbn,510,0,2,160.17,178.73,11.3094,0.3059
tbn,510,0,3,160.46,178.805,17.8239,0.2941
tbn,510,0,4,160.715,178.92,31.3263,0.2692
tbn,510,0,5,160.93,179.08,41.9865,0.2691
tbn,510,0,6,161.105,179.285,56.8883,0.2746
tbn,510,0,7,161.205,179.465,68.962,0.1393
tbn,510,0,8,161.25,179.605,75.0704,0.1552
tbn,510,0,9,161.285,179.76,79.381,0.1628
tbn,510,0,10,161.305,179.925,86.6299,0.1703
tbn,510,0,11,161.3,180.155,93.9459,0.2907
tbn,510,0,12,161.255,180.43,105.0695,0.2693
tbn,510,0,13,161.16,180.675,117.5539,0.2594
tbn,510,0,14,161.01,180.885,133.4503,0.2617
tbn,510,0,15,160.86,181.02,146.3066,0.1442
tbn,510,0,16,160.735,181.09,155.224,0.1432
tbn,510,0,17,160.59,181.15,159.4452,0.1709
tbn,510,0,18,160.425,181.205,163.6141,0.1772
tbn,510,0,19,160.245,181.25,168.109,0.1942
tbn,510,0,20,160.04,181.285,172.2352,0.222
tbn,510,0,21,159.815,181.31,175.0253,0.2309
tbn,510,0,22,159.57,181.32,0.0,0.26
tbn,510,0,23,159.095,181.32,0.0,0.69
tbn,510,0,24,158.75,179.025,90.0,4.59
tbn,510,0,25,159.05,176.73,0.0,0.6
tbn,510,0,26,159.35,177.705,90.0,1.95
tbn,510,1,0,159.43,180.81,0.0,0.16
tbn,510,1,1,159.62,180.81,0.0,0.22
tbn,510,1,2,159.84,180.8,174.8006,0.2209
tbn,510,1,3,160.06,180.77,169.7007,0.2236
tbn,510,1,4,160.27,180.715,160.7078,0.2119
tbn,510,1,5,160.455,180.63,149.5327,0.1972
tbn,510,1,6,160.61,180.51,135.0031,0.198
tbn,510,1,7,160.705,180.4,122.0015,0.0944
tbn,510,1,8,160.745,180.31,106.6976,0.1044
tbn,510,1,9,160.775,180.205,105.2565,0.114
tbn,510,1,10,160.795,180.085,94.3961,0.1304
tbn,510,1,11,160.795,179.955,85.6039,0.1304
tbn,510,1,12,160.78,179.835,79.6917,0.1118
tbn,510,1,13,160.75,179.73,68.2031,0.1077
tbn,510,1,14,160.705,179.635,60.9429,0.103
tbn,510,1,15,160.62,179.515,51.3402,0.1921
tbn,510,1,16,160.475,179.39,30.4651,0.1972
tbn,510,1,17,160.295,179.305,20.2281,0.2025
tbn,510,1,18,160.095,179.245,13.3889,0.2159
tbn,510,1,19,159.875,179.21,4.9747,0.2309
tbn,510,1,20,159.65,179.195,2.5972,0.2202
tbn,510,1,21,159.445,179.19,0.0,0.19
tbn,510,1,22,159.35,180.0,90.0,1.62
tbn,511,0,0,164.815,177.325,114.0071,1.3027
tbn,511,0,1,165.39,176.73,0.0,0.62
tbn,511,0,2,164.595,179.145,114.5866,5.3116
tbn,511,0,3,162.385,179.145,65.4132,5.3116
tbn,511,0,4,161.59,176.73,0.0,0.62
tbn,511,0,5,162.165,177.325,65.9929,1.3027
tbn,511,0,6,163.49,177.92,0.0,2.12
tbn,511,1,0,163.485,178.43,0.0,1.65
tbn,511,1,1,163.075,179.365,66.0658,2.0459
tbn,511,1,2,163.9,179.365,113.6774,2.0419
tbn,512,0,0,166.575,176.73,0.0,0.95
tbn,512,0,1,167.185,176.73,0.0,0.27
tbn,512,0,2,167.45,176.745,6.5818,0.2617
tbn,512,0,3,167.705,176.78,9.0922,0.2532
tbn,512,0,4,167.95,176.835,16.2615,0.25
tbn,512,0,5,168.185,176.91,19.1764,0.2435
tbn,512,0,6,168.41,176.995,22.2481,0.2377
tbn,512,0,7,168.62,177.1,30.9631,0.2332
tbn,512,0,8,168.815,177.225,34.381,0.2302
tbn,512,0,9,168.99,177.37,45.0,0.2263
tbn,512,0,10,169.145,177.535,48.5797,0.2267
tbn,512,0,11,169.29,177.715,53.6117,0.236
tbn,512,0,12,169.415,177.915,62.3564,0.2371
tbn,512,0,13,169.51,178.135,70.8191,0.2435
tbn,512,0,14,169.585,178.37,73.7395,0.25
tbn,512,0,15,169.64,178.625,81.5741,0.2729
tbn,512,0,16,169.665,178.905,88.0232,0.2902
tbn,512,0,17,169.665,179.19,92.0474,0.2802
tbn,512,0,18,169.64,179.46,98.7454,0.263
tbn,512,0,19,169.585,179.71,106.2605,0.25
tbn,512,0,20,169.505,179.94,112.2481,0.2377
tbn,512,0,21,169.405,180.155,117.6471,0.2371
tbn,512,0,22,169.285,180.355,124.381,0.2302
tbn,512,0,23,169.145,180.53,133.1506,0.2193
tbn,512,0,24,168.985,180.685,138.5772,0.2267
tbn,512,0,25,168.805,180.83,143.6131,0.236
tbn,512,0,26,168.61,180.955,151.1921,0.2282
tbn,512,0,27,168.405,181.06,154.536,0.2326
tbn,512,0,28,168.185,181.145,163.0705,0.2404
tbn,512,0,29,167.95,181.21,165.9646,0.2474
tbn,512,0,30,167.71,181.265,168.234,0.2451
tbn,512,0,31,167.46,181.3,175.6039,0.2608
tbn,512,0,32,167.2,181.315,177.7952,0.2602
tbn,512,0,33,166.585,181.32,0.0,0.97
tbn,512,0,34,166.1,179.025,90.0,4.59
tbn,512,1,0,166.79,180.81,0.0,0.2
tbn,512,1,1,167.0,180.81,0.0,0.22
tbn,512,1,2,167.215,180.8,174.5628,0.211
tbn,512,1,3,167.425,180.775,171.8699,0.2121
tbn,512,1,4,167.63,180.74,168.6884,0.204
tbn,512,1,5,167.825,180.695,165.2601,0.1965
tbn,512,1,6,168.01,180.635,158.7467,0.1931
tbn,512,1,7,168.185,180.56,154.8023,0.1879
tbn,512,1,8,168.345,180.47,146.3099,0.1803
tbn,512,1,9,168.495,180.365,143.7411,0.186
tbn,512,1,10,168.63,180.245,132.7139,0.1769
tbn,512,1,11,168.745,180.11,128.1545,0.1781
tbn,512,1,12,168.85,179.955,120.4696,0.1972
tbn,512,1,13,168.935,179.78,111.2458,0.1932
tbn,512,1,14,169.0,179.59,106.7,0.2088
tbn,512,1,15,169.045,179.38,97.7687,0.222
tbn,512,1,16,169.07,179.145,94.5714,0.2508
tbn,512,1,17,169.07,178.9,85.2394,0.2409
tbn,512,1,18,169.045,178.67,82.2313,0.222
tbn,512,1,19,169.0,178.46,73.3,0.2088
tbn,512,1,20,168.935,178.27,68.7509,0.1931
tbn,512,1,21,168.85,178.095,59.5349,0.1972
tbn,512,1,22,168.745,177.94,51.8395,0.178
tbn,512,1,23,168.63,177.805,47.2928,0.1769
tbn,512,1,24,168.495,177.68,38.6598,0.1921
tbn,512,1,25,168.345,177.575,30.9698,0.175
tbn,512,1,26,168.185,177.49,25.1977,0.1879
tbn,512,1,27,168.01,177.415,21.2533,0.1931
tbn,512,1,28,167.825,177.355,14.7399,0.1965
tbn,512,1,29,167.63,177.31,11.3116,0.204
tbn,512,1,30,167.425,177.275,8.1301,0.2121
tbn,512,1,31,167.215,177.25,5.4372,0.211
tbn,512,1,32,167.0,177.24,0.0,0.22
tbn,512,1,33,166.79,177.24,0.0,0.2
tbn,512,1,34,166.69,179.025,90.0,3.57
tbn,513,0,0,149.965,185.085,66.4555,3.4797
tbn,513,0,1,150.665,186.68,0.0,0.01
tbn,513,0,2,150.94,185.125,99.8504,3.1566
tbn,513,0,3,151.51,183.57,0.0,0.6
tbn,513,0,4,151.335,186.0,101.0603,4.952
tbn,513,0,5,150.065,186.61,66.4038,3.9721
tbn,513,0,6,148.48,186.61,113.464,3.9681
tbn,513,0,7,147.215,186.0,78.9397,4.952
tbn,513,0,8,147.04,183.57,0.0,0.6
tbn,513,0,9,147.61,185.115,80.0875,3.1369
tbn,513,0,10,147.885,186.66,0.0,0.01
tbn,513,0,11,148.58,185.075,113.525,3.4574
tbn,514,0,0,152.605,188.17,0.0,0.59
tbn,514,0,1,152.31,185.87,90.0,4.6
tbn,514,0,2,152.605,183.57,0.0,0.59
tbn,514,0,3,152.9,185.87,90.0,4.6
tbn,515,0,0,154.025,188.17,0.0,0.59
tbn,515,0,1,153.73,185.87,90.0,4.6
tbn,515,0,2,154.73,183.57,0.0,2.0
tbn,515,0,3,155.73,183.825,90.0,0.51
tbn,515,0,4,155.025,184.08,0.0,1.41
tbn,515,0,5,154.32,186.125,90.0,4.09
tbn,516,0,0,156.385,188.17,0.0,0.59
tbn,516,0,1,156.09,185.87,90.0,4.6
tbn,516,0,2,156.385,183.57,0.0,0.59
tbn,516,0,3,156.68,185.87,90.0,4.6
tbn,517,0,0,159.335,187.66,0.0,1.09
tbn,517,0,1,159.88,187.915,90.0,0.51
tbn,517,0,2,158.485,188.17,0.0,2.79
tbn,517,0,3,157.09,187.915,90.0,0.51
tbn,517,0,4,157.64,187.66,0.0,1.1
tbn,517,0,5,158.19,185.615,90.0,4.09
tbn,517,0,6,158.49,183.57,0.0,0.6
tbn,517,0,7,158.79,185.615,90.0,4.09
tbn,518,0,0,163.335,184.165,114.0071,1.3027
tbn,518,0,1,163.91,183.57,0.0,0.62
tbn,518,0,2,163.115,185.99,114.5419,5.3207
tbn,518,0,3,160.9,185.99,65.3601,5.3248
tbn,518,0,4,160.1,183.57,0.0,0.62
tbn,518,0,5,160.675,184.165,65.9929,1.3027
tbn,518,0,6,162.005,184.76,0.0,2.13
tbn,518,1,0,162.005,185.27,0.0,1.65
tbn,518,1,1,161.595,186.205,66.0658,2.0459
tbn,518,1,2,162.42,186.205,113.6774,2.0419
tbn,519,0,0,166.19,185.615,11.7652,0.2452
tbn,519,0,1,166.42,185.685,22.2549,0.2377
tbn,519,0,2,166.625,185.8,36.3831,0.236
tbn,519,0,3,166.795,185.95,46.8465,0.2193
tbn,519,0,4,166.935,186.12,54.1634,0.222
tbn,519,0,5,167.045,186.315,66.7979,0.2285
tbn,519,0,6,167.12,186.53,74.7456,0.228
tbn,519,0,7,167.16,186.76,85.2358,0.2409
tbn,519,0,8,167.15,187.04,97.127,0.3225
tbn,519,0,9,167.075,187.345,110.7718,0.3102
tbn,519,0,10,166.925,187.62,126.1575,0.322
tbn,519,0,11,166.71,187.85,140.1959,0.3124
tbn,519,0,12,166.44,188.01,158.1946,0.3231
tbn,519,0,13,166.135,188.105,167.2796,0.3178
tbn,519,0,14,165.815,188.15,176.5284,0.3306
tbn,519,0,15,165.49,188.165,178.2138,0.3202
tbn,519,0,16,164.97,188.17,0.0,0.72
tbn,519,0,17,164.61,185.87,90.0,4.6
tbn,519,0,18,164.91,183.57,0.0,0.6
tbn,519,0,19,165.21,184.55,90.0,1.96
tbn,519,0,20,165.33,185.53,0.0,0.24
tbn,519,0,21,166.145,184.55,125.3437,2.4028
tbn,519,0,22,167.18,183.57,0.0,0.68
tbn,519,0,23,166.795,184.58,125.6717,2.4865
tbn,519,1,0,165.29,187.66,0.0,0.16
tbn,519,1,1,165.48,187.655,177.3949,0.2202
tbn,519,1,2,165.7,187.64,174.8084,0.2209
tbn,519,1,3,165.92,187.61,169.6931,0.2236
tbn,519,1,4,166.13,187.555,160.7078,0.2119
tbn,519,1,5,166.315,187.47,149.5327,0.1972
tbn,519,1,6,166.47,187.35,135.0031,0.198
tbn,519,1,7,166.58,187.185,112.8339,0.2062
tbn,519,1,8,166.64,186.975,99.8637,0.2335
tbn,519,1,9,166.645,186.74,82.875,0.2419
tbn,519,1,10,166.585,186.525,64.655,0.2102
tbn,519,1,11,166.48,186.36,49.3966,0.1844
tbn,519,1,12,166.335,186.235,32.9069,0.2025
tbn,519,1,13,166.155,186.145,20.2281,0.2025
tbn,519,1,14,165.955,186.09,10.7782,0.2138
tbn,519,1,15,165.735,186.06,4.9747,0.2309
tbn,519,1,16,165.51,186.045,2.5972,0.2202
tbn,519,1,17,165.305,186.04,0.0,0.19
tbn,519,1,18,165.21,186.85,90.0,1.62
tbn,520,0,0,168.96,184.59,90.0,2.04
tbn,520,0,1,169.26,183.57,0.0,0.6
tbn,520,0,2,169.56,184.59,90.0,2.04
tbn,520,0,3,170.315,186.89,59.4661,2.9721
tbn,520,0,4,170.735,188.17,0.0,0.67
tbn,520,0,5,169.83,187.205,59.4307,2.2415
tbn,520,0,6,168.69,187.205,120.5693,2.2415
tbn,520,0,7,167.79,188.17,0.0,0.66
tbn,520,0,8,168.21,186.89,120.3677,2.9671
tbn,521,0,0,347.195,560.15,137.5643,0.4742
tbn,521,0,1,346.865,560.49,130.7318,0.4751
tbn,521,0,2,346.585,560.875,121.373,0.4802
tbn,521,0,3,346.36,561.305,113.9605,0.4924
tbn,521,0,4,346.18,561.765,108.8004,0.4965
tbn,521,0,5,346.05,562.24,101.769,0.4903
tbn,521,0,6,345.965,562.73,97.9704,0.5049
tbn,521,0,7,345.92,563.23,92.2894,0.5004
tbn,521,0,8,345.915,563.62,87.9588,0.2802
tbn,521,0,9,345.925,563.89,87.7953,0.2602
tbn,521,0,10,345.94,564.15,85.6037,0.2608
tbn,521,0,11,345.965,564.405,83.1575,0.2518
tbn,521,0,12,346.03,564.77,78.231,0.4903
tbn,521,0,13,346.155,565.23,71.1759,0.4649
tbn,521,0,14,346.325,565.66,65.6587,0.461
tbn,521,0,15,346.55,566.07,56.9751,0.4771
tbn,521,0,16,346.755,566.365,51.7108,0.2421
tbn,521,0,17,346.91,566.555,49.8985,0.2484
tbn,521,0,18,347.08,566.745,46.5494,0.2617
tbn,521,0,19,347.27,566.93,41.9855,0.2691
tbn,521,0,20,347.37,567.14,90.0,0.24
tbn,521,0,21,347.245,567.18,32.6192,0.2968
tbn,521,0,22,347.005,567.015,36.4679,0.286
tbn,521,0,23,346.78,566.84,39.2893,0.2843
tbn,521,0,24,346.565,566.65,43.6041,0.29
tbn,521,0,25,346.36,566.45,45.0025,0.2828
tbn,521,0,26,346.175,566.24,52.3037,0.278
tbn,521,0,27,346.005,566.015,53.5285,0.286
tbn,521,0,28,345.85,565.785,58.6741,0.2692
tbn,521,0,29,345.655,565.415,63.8861,0.568
tbn,521,0,30,345.44,564.89,71.5657,0.5692
tbn,521,0,31,345.32,564.48,77.9057,0.2864
tbn,521,0,32,345.265,564.19,80.5343,0.3041
tbn,521,0,33,345.23,563.89,86.188,0.3007
tbn,521,0,34,345.215,563.59,88.089,0.3002
tbn,521,0,35,345.215,563.27,91.6863,0.3401
tbn,521,0,36,345.235,562.945,95.5273,0.3114
tbn,521,0,37,345.275,562.635,99.1602,0.314
tbn,521,0,38,345.34,562.34,105.9486,0.2912
tbn,521,0,39,345.425,562.065,108.4342,0.2846
tbn,521,0,40,345.52,561.8,111.0388,0.2786
tbn,521,0,41,345.635,561.55,118.438,0.2729
tbn,521,0,42,345.77,561.315,121.3314,0.2693
tbn,521,0,43,346.0,560.99,127.3047,0.528
tbn,521,0,44,346.345,560.59,134.2356,0.5304
tbn,521,0,45,346.73,560.225,138.8138,0.5315
tbn,521,0,46,347.15,559.895,144.8336,0.5382
tbn,521,0,47,347.37,559.865,90.0,0.25
tbn,522,0,0,347.895,564.64,0.0,0.27
tbn,522,0,1,348.045,564.765,83.1575,0.2518
tbn,522,0,2,348.08,565.005,80.1321,0.2335
tbn,522,0,3,348.12,565.225,79.2135,0.2138
tbn,522,0,4,348.165,565.43,75.967,0.2062
tbn,522,0,5,348.255,565.705,69.6229,0.3734
tbn,522,0,6,348.405,566.025,59.619,0.3362
tbn,522,0,7,348.605,566.275,42.3997,0.3114
tbn,522,0,8,348.875,566.46,27.2997,0.3489
tbn,522,0,9,349.125,566.57,17.5252,0.1993
tbn,522,0,10,349.325,566.62,10.7834,0.2138
tbn,522,0,11,349.545,566.65,4.9703,0.2308
tbn,522,0,12,349.79,566.665,2.2026,0.2602
tbn,522,0,13,349.92,564.325,90.0,4.69
tbn,522,0,14,349.915,561.87,87.3949,0.2202
tbn,522,0,15,349.895,561.67,80.5381,0.1825
tbn,522,0,16,349.855,561.515,68.9668,0.1393
tbn,522,0,17,349.785,561.405,45.0012,0.1273
tbn,522,0,18,349.675,561.33,24.7748,0.1432
tbn,522,0,19,349.515,561.28,11.8888,0.1942
tbn,522,0,20,349.3,561.255,2.3856,0.2402
tbn,522,0,21,349.025,561.245,1.8478,0.3102
tbn,522,0,22,348.87,561.065,90.0,0.35
tbn,522,0,23,350.33,560.89,0.0,2.92
tbn,522,0,24,351.79,561.065,90.0,0.35
tbn,522,0,25,351.635,561.245,178.152,0.3102
tbn,522,0,26,351.36,561.255,177.6144,0.2402
tbn,522,0,27,351.145,561.28,168.1112,0.1942
tbn,522,0,28,350.985,561.33,155.2252,0.1432
tbn,522,0,29,350.875,561.405,134.9988,0.1273
tbn,522,0,30,350.805,561.515,111.0449,0.1393
tbn,522,0,31,350.765,561.67,99.4619,0.1825
tbn,522,0,32,350.745,561.87,92.5972,0.2202
tbn,522,0,33,350.74,564.325,90.0,4.69
tbn,522,0,34,350.87,566.665,177.7972,0.2602
tbn,522,0,35,351.115,566.645,172.5688,0.232
tbn,522,0,36,351.335,566.61,169.2155,0.2138
tbn,522,0,37,351.53,566.56,161.564,0.1897
tbn,522,0,38,351.775,566.445,151.2624,0.3536
tbn,522,0,39,352.045,566.245,134.9976,0.3253
tbn,522,0,40,352.245,565.985,120.3812,0.3362
tbn,522,0,41,352.395,565.665,110.3771,0.3734
tbn,522,0,42,352.505,565.29,102.6799,0.41
tbn,522,0,43,352.59,564.865,100.0789,0.4571
tbn,522,0,44,352.77,564.64,0.0,0.28
tbn,522,0,45,352.865,565.83,92.1655,2.3817
tbn,522,0,46,350.325,567.02,0.0,4.99
tbn,522,0,47,347.795,565.83,88.3151,2.381
tbn,523,0,0,354.93,560.89,0.0,2.72
tbn,523,0,1,356.455,560.895,1.7355,0.3301
tbn,523,0,2,356.77,560.91,3.8139,0.3007
tbn,523,0,3,357.06,560.94,8.1303,0.2828
tbn,523,0,4,357.325,560.985,11.3098,0.255
tbn,523,0,5,357.56,561.04,15.2554,0.228
tbn,523,0,6,357.775,561.11,20.8548,0.2247
tbn,523,0,7,357.965,561.195,27.8954,0.1924
tbn,523,0,8,358.13,561.29,32.0054,0.1887
tbn,523,0,9,358.335,561.46,43.8306,0.3466
tbn,523,0,10,358.545,561.715,57.8069,0.3191
tbn,523,0,11,358.68,562.0,71.5641,0.3162
tbn,523,0,12,358.745,562.32,84.9578,0.3413
tbn,523,0,13,358.74,562.635,97.855,0.2927
tbn,523,0,14,358.655,562.915,115.7108,0.2997
tbn,523,0,15,358.495,563.17,128.3679,0.3061
tbn,523,0,16,358.27,563.395,141.0701,0.3342
tbn,523,0,17,357.99,563.59,149.0377,0.3499
tbn,523,0,18,357.67,563.75,157.6197,0.3677
tbn,523,0,19,357.31,563.875,163.8558,0.3956
tbn,523,0,20,356.925,563.965,169.8241,0.3962
tbn,523,0,21,356.73,564.01,90.0,0.02
tbn,523,0,22,356.895,564.045,8.6159,0.3338
tbn,523,0,23,357.23,564.115,14.8267,0.3517
tbn,523,0,24,357.56,564.215,18.9701,0.3384
tbn,523,0,25,357.865,564.35,28.8858,0.3312
tbn,523,0,26,358.14,564.53,37.5674,0.328
tbn,523,0,27,358.37,564.75,50.197,0.3124
tbn,523,0,28,358.535,565.015,65.8537,0.3178
tbn,523,0,29,358.62,565.33,83.2887,0.3423
tbn,523,0,30,358.625,565.655,95.5273,0.3114
tbn,523,0,31,358.555,565.955,110.7751,0.3102
tbn,523,0,32,358.415,566.225,124.213,0.3023
tbn,523,0,33,358.205,566.465,137.3858,0.3397
tbn,523,0,34,357.915,566.67,151.391,0.3759
tbn,523,0,35,357.55,566.83,160.7095,0.4238
tbn,523,0,36,357.23,566.925,168.2314,0.2451
tbn,523,0,37,356.985,566.97,170.9095,0.2532
tbn,523,0,38,356.725,567.0,175.7642,0.2708
tbn,523,0,39,356.445,567.015,178.0245,0.2902
tbn,523,0,40,354.935,567.02,0.0,2.73
tbn,523,0,41,353.57,566.845,90.0,0.35
tbn,523,0,42,353.715,566.665,178.0251,0.2902
tbn,523,0,43,353.975,566.655,177.5102,0.2302
tbn,523,0,44,354.175,566.635,169.9926,0.1726
tbn,523,0,45,354.315,566.595,155.5535,0.1208
tbn,523,0,46,354.41,566.54,143.1353,0.1
tbn,523,0,47,354.47,566.465,113.9674,0.0985
tbn,523,0,48,354.5,566.355,98.7414,0.1315
tbn,523,0,49,354.515,566.215,93.8178,0.1503
tbn,523,0,50,354.52,564.04,90.0,4.2
tbn,523,0,51,354.515,561.855,86.6302,0.1703
tbn,523,0,52,354.5,561.7,81.8743,0.1414
tbn,523,0,53,354.465,561.57,67.3732,0.13
tbn,523,0,54,354.4,561.46,51.3445,0.1281
tbn,523,0,55,354.3,561.375,30.2573,0.1389
tbn,523,0,56,354.16,561.315,17.3534,0.1676
tbn,523,0,57,353.965,561.27,9.8656,0.2335
tbn,523,0,58,353.71,561.245,2.0459,0.2802
tbn,523,0,59,353.57,561.065,90.0,0.35
tbn,523,1,0,355.345,566.085,87.271,0.2102
tbn,523,1,1,355.36,566.27,82.8789,0.1612
tbn,523,1,2,355.395,566.41,67.3728,0.13
tbn,523,1,3,355.46,566.515,48.3713,0.1204
tbn,523,1,4,355.555,566.585,24.4405,0.1208
tbn,523,1,5,355.69,566.63,14.0362,0.1649
tbn,523,1,6,355.875,566.655,2.7265,0.2102
tbn,523,1,7,356.115,566.665,2.1212,0.2702
tbn,523,1,8,356.42,566.665,178.3153,0.3401
tbn,523,1,9,356.74,566.645,174.2896,0.3015
tbn,523,1,10,357.015,566.6,166.5044,0.2571
tbn,523,1,11,357.24,566.515,151.1869,0.2282
tbn,523,1,12,357.42,566.38,135.0007,0.2263
tbn,523,1,13,357.555,566.195,117.6495,0.2371
tbn,523,1,14,357.63,566.02,105.9369,0.1456
tbn,523,1,15,357.665,565.875,101.3095,0.153
tbn,523,1,16,357.685,565.71,93.1829,0.1803
tbn,523,1,17,357.695,565.525,93.0157,0.1903
tbn,523,1,18,357.69,565.29,85.9104,0.2807
tbn,523,1,19,357.65,565.025,76.5048,0.2571
tbn,523,1,20,357.56,564.795,60.2562,0.2419
tbn,523,1,21,357.405,564.6,43.4515,0.2617
tbn,523,1,22,357.18,564.44,28.3026,0.2953
tbn,523,1,23,356.875,564.32,15.9449,0.364
tbn,523,1,24,356.595,564.255,8.1306,0.2121
tbn,523,1,25,356.37,564.225,7.1246,0.2419
tbn,523,1,26,356.12,564.205,2.2028,0.2602
tbn,523,1,27,355.845,564.195,1.9749,0.2902
tbn,523,1,28,355.52,564.19,0.0,0.36
tbn,523,1,29,355.34,565.085,90.0,1.79
tbn,523,2,0,355.795,563.84,0.0,0.91
tbn,523,2,1,356.405,563.83,176.3085,0.3106
tbn,523,2,2,356.705,563.795,170.218,0.2943
tbn,523,2,3,356.98,563.72,158.9631,0.2786
tbn,523,2,4,357.23,563.6,149.7423,0.2778
tbn,523,2,5,357.445,563.435,135.0006,0.2687
tbn,523,2,6,357.615,563.22,122.0042,0.283
tbn,523,2,7,357.735,562.955,107.2409,0.3036
tbn,523,2,8,357.8,562.63,96.3415,0.3622
tbn,523,2,9,357.805,562.265,85.3647,0.3712
tbn,523,2,10,357.76,561.93,78.6906,0.3059
tbn,523,2,11,357.67,561.665,62.4481,0.2594
tbn,523,2,12,357.53,561.465,46.7347,0.2335
tbn,523,2,13,357.345,561.32,29.7465,0.2419
tbn,523,2,14,357.11,561.22,17.1017,0.272
tbn,523,2,15,356.825,561.16,7.3526,0.3126
tbn,523,2,16,356.49,561.135,1.5908,0.3602
tbn,523,2,17,356.155,561.135,178.1527,0.3102
tbn,523,2,18,355.88,561.15,175.2361,0.2408
tbn,523,2,19,355.675,561.185,163.6119,0.1772
tbn,523,2,20,355.53,561.25,146.3083,0.1442
tbn,523,2,21,355.435,561.335,127.8778,0.114
tbn,523,2,22,355.38,561.44,108.4257,0.1265
tbn,523,2,23,355.35,561.575,97.6021,0.1513
tbn,523,2,24,355.34,561.74,90.0,0.18
tbn,523,2,25,355.34,562.835,90.0,2.01
tbn,524,0,0,362.16,561.065,90.0,0.35
tbn,524,0,1,362.035,561.25,175.426,0.2508
tbn,524,0,2,361.805,561.285,166.6072,0.2159
tbn,524,0,3,361.61,561.355,153.4379,0.2013
tbn,524,0,4,361.445,561.465,139.0842,0.1985
tbn,524,0,5,361.315,561.615,122.9015,0.2025
tbn,524,0,6,361.22,561.805,110.8586,0.2247
tbn,524,0,7,361.155,562.035,101.3072,0.2549
tbn,524,0,8,361.125,562.31,91.911,0.3002
tbn,524,0,9,361.12,564.145,90.0,3.37
tbn,524,0,10,361.125,565.835,44.9727,0.0141
tbn,524,0,11,363.01,563.305,126.5613,6.3121
tbn,524,0,12,365.005,560.77,0.0,0.23
tbn,524,0,13,365.12,563.255,90.0,4.97
tbn,524,0,14,365.13,565.865,85.4216,0.2508
tbn,524,0,15,365.17,566.09,73.3013,0.2088
tbn,524,0,16,365.245,566.275,62.1037,0.1924
tbn,524,0,17,365.35,566.42,45.0014,0.1697
tbn,524,0,18,365.56,566.55,25.0177,0.331
tbn,524,0,19,365.895,566.645,7.6957,0.3734
tbn,524,0,20,366.08,566.845,90.0,0.35
tbn,524,0,21,364.95,567.02,0.0,2.26
tbn,524,0,22,363.82,566.845,90.0,0.35
tbn,524,0,23,363.93,566.655,172.2347,0.222
tbn,524,0,24,364.135,566.61,162.4748,0.1993
tbn,524,0,25,364.31,566.545,156.3706,0.1746
tbn,524,0,26,364.455,566.46,142.4264,0.164
tbn,524,0,27,364.575,566.345,130.2402,0.1703
tbn,524,0,28,364.67,566.205,118.0686,0.17
tbn,524,0,29,364.73,566.04,102.5314,0.1844
tbn,524,0,30,364.76,565.85,95.7075,0.201
tbn,524,0,31,364.77,564.035,90.0,3.43
tbn,524,0,32,364.76,562.315,26.5782,0.0224
tbn,524,0,33,363.015,564.665,126.3802,5.8502
tbn,524,0,34,360.515,567.02,0.0,1.53
tbn,524,0,35,359.75,566.845,90.0,0.35
tbn,524,0,36,359.92,566.66,176.6334,0.3406
tbn,524,0,37,360.25,566.605,164.2917,0.3324
tbn,524,0,38,360.48,566.52,150.2577,0.1613
tbn,524,0,39,360.605,566.43,137.7224,0.1487
tbn,524,0,40,360.7,566.31,119.7408,0.1612
tbn,524,0,41,360.75,566.15,96.3463,0.1811
tbn,524,0,42,360.76,564.38,90.0,3.36
tbn,524,0,43,360.76,562.56,90.0,0.28
tbn,524,0,44,360.75,562.285,85.7595,0.2707
tbn,524,0,45,360.715,562.03,78.2345,0.2452
tbn,524,0,46,360.65,561.8,70.0201,0.2341
tbn,524,0,47,360.55,561.6,56.3043,0.2163
tbn,524,0,48,360.4,561.44,37.876,0.228
tbn,524,0,49,360.185,561.32,21.8011,0.2693
tbn,524,0,50,359.9,561.255,5.3562,0.3214
tbn,524,0,51,359.74,561.065,90.0,0.35
tbn,524,0,52,360.95,560.89,0.0,2.42
tbn,525,0,0,366.855,559.82,32.6192,0.2968
tbn,525,0,1,367.095,559.99,38.0458,0.2921
tbn,525,0,2,367.32,560.175,40.8147,0.2907
tbn,525,0,3,367.535,560.37,43.6041,0.29
tbn,525,0,4,367.735,560.575,47.8619,0.2832
tbn,525,0,5,367.92,560.79,50.7119,0.2842
tbn,525,0,6,368.09,561.015,55.1748,0.2802
tbn,525,0,7,368.245,561.25,57.9958,0.283
tbn,525,0,8,368.445,561.625,63.886,0.568
tbn,525,0,9,368.66,562.155,71.8789,0.5787
tbn,525,0,10,368.78,562.57,77.9057,0.2864
tbn,525,0,11,368.835,562.855,80.2141,0.2943
tbn,525,0,12,368.87,563.15,86.188,0.3007
tbn,525,0,13,368.885,563.455,88.1506,0.3102
tbn,525,0,14,368.885,563.775,91.7374,0.3302
tbn,525,0,15,368.865,564.1,95.3556,0.3214
tbn,525,0,16,368.825,564.41,99.4601,0.3041
tbn,525,0,17,368.76,564.7,105.9486,0.2912
tbn,525,0,18,368.675,564.975,108.4343,0.2846
tbn,525,0,19,368.58,565.24,111.0385,0.2786
tbn,525,0,20,368.465,565.49,118.4384,0.2729
tbn,525,0,21,368.33,565.725,121.3312,0.2693
tbn,525,0,22,368.1,566.045,127.9723,0.5201
tbn,525,0,23,367.755,566.435,134.9996,0.5233
tbn,525,0,24,367.37,566.79,139.6352,0.525
tbn,525,0,25,366.95,567.11,145.7132,0.5325
tbn,525,0,26,366.73,567.14,90.0,0.24
tbn,525,0,27,366.905,566.87,139.3991,0.461
tbn,525,0,28,367.235,566.545,131.5317,0.4675
tbn,525,0,29,367.515,566.17,122.0053,0.4717
tbn,525,0,30,367.74,565.75,114.442,0.4833
tbn,525,0,31,367.915,565.3,108.0632,0.4838
tbn,525,0,32,368.045,564.825,102.6509,0.5022
tbn,525,0,33,368.135,564.33,97.9704,0.5049
tbn,525,0,34,368.18,563.83,92.2894,0.5004
tbn,525,0,35,368.185,563.445,87.8833,0.2702
tbn,525,0,36,368.175,563.18,87.7953,0.2602
tbn,525,0,37,368.16,562.92,85.6037,0.2608
tbn,525,0,38,368.13,562.665,80.9078,0.2532
tbn,525,0,39,368.065,562.305,79.1601,0.4785
tbn,525,0,40,367.945,561.845,71.5657,0.4743
tbn,525,0,41,367.775,561.41,65.6587,0.461
tbn,525,0,42,367.55,560.995,57.6183,0.4855
tbn,525,0,43,367.345,560.69,53.1313,0.25
tbn,525,0,44,367.19,560.495,49.8982,0.2484
tbn,525,0,45,367.02,560.3,48.0141,0.2691
tbn,525,0,46,366.83,560.105,43.5292,0.2759
tbn,525,0,47,366.73,559.875,90.0,0.27
tbn,526,0,0,347.555,24.99,137.5636,0.4742
tbn,526,0,1,347.225,25.33,130.733,0.4751
tbn,526,0,2,346.945,25.715,121.3709,0.4802
tbn,526,0,3,346.72,26.145,113.9628,0.4924
tbn,526,0,4,346.54,26.605,108.7991,0.4965
tbn,526,0,5,346.41,27.085,101.5355,0.5001
tbn,526,0,6,346.325,27.575,98.1311,0.495
tbn,526,0,7,346.28,28.07,92.2894,0.5004
tbn,526,0,8,346.275,28.46,87.959,0.2802
tbn,526,0,9,346.285,28.735,87.8765,0.2701
tbn,526,0,10,346.3,28.995,85.4286,0.2508
tbn,526,0,11,346.325,29.245,83.1575,0.2518
tbn,526,0,12,346.39,29.61,78.232,0.4903
tbn,526,0,13,346.515,30.07,71.1761,0.4649
tbn,526,0,14,346.685,30.5,65.6578,0.461
tbn,526,0,15,346.91,30.91,56.9767,0.4771
tbn,526,0,16,347.115,31.205,51.7024,0.242
tbn,526,0,17,347.27,31.395,49.8988,0.2484
tbn,526,0,18,347.44,31.585,46.5497,0.2617
tbn,526,0,19,347.63,31.77,41.994,0.2691
tbn,526,0,20,347.73,31.98,90.0,0.24
tbn,526,0,21,347.605,32.02,32.6248,0.2968
tbn,526,0,22,347.365,31.855,36.4652,0.286
tbn,526,0,23,347.14,31.68,39.2881,0.2842
tbn,526,0,24,346.925,31.49,43.6057,0.29
tbn,526,0,25,346.725,31.29,46.4702,0.2759
tbn,526,0,26,346.54,31.08,50.708,0.2842
tbn,526,0,27,346.365,30.855,53.5335,0.286
tbn,526,0,28,346.21,30.625,58.672,0.2692
tbn,526,0,29,346.015,30.255,63.8865,0.568
tbn,526,0,30,345.8,29.73,71.5651,0.5692
tbn,526,0,31,345.68,29.32,77.9069,0.2864
tbn,526,0,32,345.625,29.035,80.2134,0.2943
tbn,526,0,33,345.59,28.74,86.1879,0.3007
tbn,526,0,34,345.575,28.435,88.1506,0.3102
tbn,526,0,35,345.575,28.11,91.6862,0.3402
tbn,526,0,36,345.595,27.785,95.5274,0.3114
tbn,526,0,37,345.635,27.48,99.4604,0.3041
tbn,526,0,38,345.7,27.185,105.4264,0.3008
tbn,526,0,39,345.785,26.905,108.433,0.2846
tbn,526,0,40,345.88,26.64,111.038,0.2786
tbn,526,0,41,345.995,26.39,118.4392,0.2729
tbn,526,0,42,346.13,26.155,121.3335,0.2692
tbn,526,0,43,346.36,25.83,127.3017,0.5281
tbn,526,0,44,346.705,25.43,134.2354,0.5304
tbn,526,0,45,347.09,25.065,138.8156,0.5315
tbn,526,0,46,347.51,24.735,144.8339,0.5382
tbn,526,0,47,347.73,24.705,90.0,0.25
tbn,527,0,0,348.255,29.48,0.0,0.27
tbn,527,0,1,348.405,29.605,83.1575,0.2518
tbn,527,0,2,348.44,29.845,80.1313,0.2334
tbn,527,0,3,348.48,30.07,79.6945,0.2236
tbn,527,0,4,348.525,30.275,75.2601,0.1965
tbn,527,0,5,348.615,30.545,69.6216,0.3733
tbn,527,0,6,348.765,30.865,59.6223,0.3362
tbn,527,0,7,348.965,31.12,43.7256,0.3182
tbn,527,0,8,349.235,31.305,25.8248,0.3444
tbn,527,0,9,349.485,31.41,17.5247,0.1993
tbn,527,0,10,349.685,31.46,10.7774,0.2138
tbn,527,0,11,349.905,31.49,4.975,0.2309
tbn,527,0,12,350.15,31.505,2.2047,0.2602
tbn,527,0,13,350.28,29.165,90.0,4.69
tbn,527,0,14,350.275,26.71,87.3953,0.2203
tbn,527,0,15,350.255,26.51,80.5377,0.1825
tbn,527,0,16,350.215,26.355,68.9679,0.1393
tbn,527,0,17,350.145,26.245,45.0097,0.1273
tbn,527,0,18,350.035,26.17,24.7734,0.1432
tbn,527,0,19,349.875,26.125,8.9632,0.1924
tbn,527,0,20,349.66,26.1,4.7685,0.2408
tbn,527,0,21,349.385,26.09,0.0,0.31
tbn,527,0,22,349.23,25.91,90.0,0.36
tbn,527,0,23,350.69,25.73,0.0,2.92
tbn,527,0,24,352.15,25.91,90.0,0.36
tbn,527,0,25,351.995,26.09,0.0,0.31
tbn,527,0,26,351.72,26.1,175.2315,0.2408
tbn,527,0,27,351.505,26.125,171.0368,0.1924
tbn,527,0,28,351.345,26.17,155.2266,0.1432
tbn,527,0,29,351.235,26.245,134.9903,0.1273
tbn,527,0,30,351.165,26.355,111.0438,0.1393
tbn,527,0,31,351.125,26.51,99.4623,0.1825
tbn,527,0,32,351.105,26.71,92.5968,0.2203
tbn,527,0,33,351.1,29.165,90.0,4.69
tbn,527,0,34,351.23,31.505,177.7951,0.2602
tbn,527,0,35,351.475,31.485,172.5618,0.232
tbn,527,0,36,351.695,31.45,169.2211,0.2138
tbn,527,0,37,351.895,31.4,162.4753,0.1993
tbn,527,0,38,352.14,31.285,150.4564,0.3449
tbn,527,0,39,352.405,31.085,135.0,0.3252
tbn,527,0,40,352.605,30.825,120.383,0.3361
tbn,527,0,41,352.755,30.51,110.9237,0.364
tbn,527,0,42,352.865,30.135,102.3811,0.4197
tbn,527,0,43,352.95,29.705,100.0787,0.4571
tbn,527,0,44,353.13,29.48,0.0,0.28
tbn,527,0,45,353.225,30.67,92.1655,2.3817
tbn,527,0,46,350.685,31.86,0.0,4.99
tbn,527,0,47,348.155,30.67,88.3151,2.381
tbn,528,0,0,355.29,25.73,0.0,2.72
tbn,528,0,1,356.815,25.735,1.7375,0.3301
tbn,528,0,2,357.13,25.75,3.8176,0.3007
tbn,528,0,3,357.42,25.78,8.1257,0.2828
tbn,528,0,4,357.685,25.825,11.3072,0.2549
tbn,528,0,5,357.92,25.885,17.6518,0.2309
tbn,528,0,6,358.135,25.955,18.4374,0.2214
tbn,528,0,7,358.325,26.035,27.8864,0.1923
tbn,528,0,8,358.49,26.13,32.0142,0.1887
tbn,528,0,9,358.695,26.3,43.8297,0.3465
tbn,528,0,10,358.905,26.555,57.8087,0.3191
tbn,528,0,11,359.04,26.845,72.1201,0.3257
tbn,528,0,12,359.105,27.165,84.8051,0.3313
tbn,528,0,13,359.1,27.475,97.8539,0.2928
tbn,528,0,14,359.015,27.755,115.7142,0.2996
tbn,528,0,15,358.855,28.01,128.3619,0.3061
tbn,528,0,16,358.63,28.235,141.0754,0.3342
tbn,528,0,17,358.35,28.43,149.0388,0.3499
tbn,528,0,18,358.03,28.59,157.6175,0.3677
tbn,528,0,19,357.67,28.715,163.8579,0.3956
tbn,528,0,20,357.285,28.81,168.405,0.3981
tbn,528,0,21,357.09,28.86,90.0,0.02
tbn,528,0,22,357.255,28.895,8.6139,0.3338
tbn,528,0,23,357.59,28.96,13.2434,0.3493
tbn,528,0,24,357.92,29.06,20.5548,0.3418
tbn,528,0,25,358.225,29.195,27.3435,0.3265
tbn,528,0,26,358.5,29.37,37.5692,0.328
tbn,528,0,27,358.73,29.59,50.1959,0.3124
tbn,528,0,28,358.895,29.855,65.8565,0.3178
tbn,528,0,29,358.98,30.175,83.4784,0.3523
tbn,528,0,30,358.985,30.5,95.7106,0.3015
tbn,528,0,31,358.915,30.795,110.7724,0.3102
tbn,528,0,32,358.775,31.065,124.213,0.3023
tbn,528,0,33,358.565,31.305,137.3884,0.3397
tbn,528,0,34,358.275,31.51,151.3918,0.3759
tbn,528,0,35,357.91,31.67,160.7078,0.4238
tbn,528,0,36,357.59,31.765,168.234,0.2451
tbn,528,0,37,357.345,31.81,170.9146,0.2532
tbn,528,0,38,357.085,31.84,175.7598,0.2708
tbn,528,0,39,356.805,31.855,178.023,0.2902
tbn,528,0,40,355.295,31.86,0.0,2.73
tbn,528,0,41,353.93,31.685,90.0,0.35
tbn,528,0,42,354.075,31.505,178.0232,0.2902
tbn,528,0,43,354.335,31.495,177.5078,0.2302
tbn,528,0,44,354.535,31.475,169.9832,0.1726
tbn,528,0,45,354.675,31.44,160.0246,0.117
tbn,528,0,46,354.77,31.385,138.8172,0.1063
tbn,528,0,47,354.83,31.305,113.9751,0.0985
tbn,528,0,48,354.86,31.2,99.4529,0.1217
tbn,528,0,49,354.875,31.06,93.5804,0.1603
tbn,528,0,50,354.88,28.88,90.0,4.2
tbn,528,0,51,354.875,26.7,86.4196,0.1603
tbn,528,0,52,354.86,26.545,82.4107,0.1514
tbn,528,0,53,354.825,26.41,67.3719,0.13
tbn,528,0,54,354.76,26.3,51.3381,0.128
tbn,528,0,55,354.66,26.215,30.2601,0.1389
tbn,528,0,56,354.52,26.155,17.3497,0.1676
tbn,528,0,57,354.325,26.115,7.4382,0.232
tbn,528,0,58,354.07,26.095,2.0474,0.2802
tbn,528,0,59,353.93,25.91,90.0,0.36
tbn,528,1,0,355.705,30.925,87.2705,0.2102
tbn,528,1,1,355.72,31.11,82.8804,0.1613
tbn,528,1,2,355.755,31.25,67.3719,0.13
tbn,528,1,3,355.82,31.355,48.3604,0.1204
tbn,528,1,4,355.915,31.425,24.4356,0.1208
tbn,528,1,5,356.05,31.47,14.0491,0.1649
tbn,528,1,6,356.235,31.495,2.7291,0.2102
tbn,528,1,7,356.475,31.505,2.1233,0.2702
tbn,528,1,8,356.78,31.505,178.3137,0.3401
tbn,528,1,9,357.1,31.485,174.2842,0.3015
tbn,528,1,10,357.375,31.44,166.5048,0.2571
tbn,528,1,11,357.6,31.355,151.1902,0.2282
tbn,528,1,12,357.78,31.225,136.8436,0.2193
tbn,528,1,13,357.915,31.04,116.5714,0.2459
tbn,528,1,14,357.99,30.86,105.9355,0.1456
tbn,528,1,15,358.025,30.715,101.3077,0.153
tbn,528,1,16,358.045,30.555,93.3701,0.1703
tbn,528,1,17,358.055,30.37,92.865,0.2003
tbn,528,1,18,358.05,30.13,85.9099,0.2807
tbn,528,1,19,358.01,29.865,76.5048,0.2571
tbn,528,1,20,357.92,29.635,60.2587,0.2419
tbn,528,1,21,357.765,29.44,43.4503,0.2617
tbn,528,1,22,357.54,29.28,28.3052,0.2953
tbn,528,1,23,357.235,29.16,15.9414,0.364
tbn,528,1,24,356.955,29.095,8.1383,0.2121
tbn,528,1,25,356.73,29.065,7.1169,0.2419
tbn,528,1,26,356.48,29.045,2.2049,0.2602
tbn,528,1,27,356.205,29.035,1.9768,0.2902
tbn,528,1,28,355.88,29.03,0.0,0.36
tbn,528,1,29,355.7,29.925,90.0,1.79
tbn,528,2,0,356.155,28.68,0.0,0.91
tbn,528,2,1,356.765,28.67,176.305,0.3106
tbn,528,2,2,357.065,28.635,170.2202,0.2943
tbn,528,2,3,357.34,28.56,158.9679,0.2786
tbn,528,2,4,357.59,28.44,149.7399,0.2778
tbn,528,2,5,357.805,28.275,135.0,0.2687
tbn,528,2,6,357.975,28.06,122.0054,0.283
tbn,528,2,7,358.095,27.795,107.2386,0.3037
tbn,528,2,8,358.16,27.47,96.3418,0.3622
tbn,528,2,9,358.17,27.105,86.9076,0.3705
tbn,528,2,10,358.125,26.77,76.8641,0.308
tbn,528,2,11,358.03,26.505,62.4524,0.2595
tbn,528,2,12,357.89,26.305,46.7322,0.2334
tbn,528,2,13,357.705,26.16,29.7449,0.2419
tbn,528,2,14,357.47,26.06,17.1056,0.272
tbn,528,2,15,357.185,26.0,7.3484,0.3126
tbn,528,2,16,356.85,25.975,1.5926,0.3602
tbn,528,2,17,356.515,25.975,178.1506,0.3102
tbn,528,2,18,356.24,25.995,172.8678,0.2419
tbn,528,2,19,356.035,26.035,163.6155,0.1772
tbn,528,2,20,355.89,26.095,149.7399,0.1389
tbn,528,2,21,355.795,26.175,127.8884,0.114
tbn,528,2,22,355.74,26.285,107.0933,0.136
tbn,528,2,23,355.715,26.42,94.0892,0.1404
tbn,528,2,24,355.705,26.58,93.1831,0.1803
tbn,528,2,25,355.7,27.675,90.0,2.01
tbn,529,0,0,362.52,25.91,90.0,0.36
tbn,529,0,1,362.395,26.095,177.7072,0.2502
tbn,529,0,2,362.165,26.13,164.0546,0.2184
tbn,529,0,3,361.97,26.2,156.0357,0.197
tbn,529,0,4,361.805,26.305,139.0834,0.1985
tbn,529,0,5,361.675,26.455,122.9044,0.2025
tbn,529,0,6,361.58,26.645,110.8565,0.2247
tbn,529,0,7,361.515,26.875,101.3072,0.2549
tbn,529,0,8,361.485,27.15,91.9111,0.3002
tbn,529,0,9,361.48,28.985,90.0,3.37
tbn,529,0,10,361.485,30.675,45.0,0.0142
tbn,529,0,11,363.37,28.15,126.6155,6.3041
tbn,529,0,12,365.365,25.62,0.0,0.23
tbn,529,0,13,365.48,28.1,90.0,4.96
tbn,529,0,14,365.49,30.705,85.4216,0.2508
tbn,529,0,15,365.53,30.935,74.0568,0.2184
tbn,529,0,16,365.605,31.12,60.6391,0.1836
tbn,529,0,17,365.71,31.26,45.0146,0.1697
tbn,529,0,18,365.92,31.395,26.5604,0.3354
tbn,529,0,19,366.255,31.49,6.1757,0.3722
tbn,529,0,20,366.44,31.685,90.0,0.35
tbn,529,0,21,365.31,31.86,0.0,2.26
tbn,529,0,22,364.18,31.685,90.0,0.35
tbn,529,0,23,364.29,31.495,172.2274,0.222
tbn,529,0,24,364.495,31.455,165.2601,0.1965
tbn,529,0,25,364.67,31.39,153.4306,0.1789
tbn,529,0,26,364.815,31.3,142.4327,0.164
tbn,529,0,27,364.935,31.185,130.2394,0.1703
tbn,529,0,28,365.03,31.045,118.0646,0.17
tbn,529,0,29,365.095,30.88,105.5301,0.1868
tbn,529,0,30,365.125,30.69,92.8563,0.2003
tbn,529,0,31,365.13,28.875,90.0,3.43
tbn,529,0,32,365.12,27.155,26.6,0.0224
tbn,529,0,33,363.375,29.505,126.3801,5.8502
tbn,529,0,34,360.875,31.86,0.0,1.53
tbn,529,0,35,360.11,31.685,90.0,0.35
tbn,529,0,36,360.28,31.5,176.6302,0.3406
tbn,529,0,37,360.61,31.445,164.2872,0.3324
tbn,529,0,38,360.84,31.365,153.4349,0.1565
tbn,529,0,39,360.965,31.275,135.0,0.1555
tbn,529,0,40,361.06,31.15,119.7382,0.1613
tbn,529,0,41,361.11,30.99,96.3466,0.1811
tbn,529,0,42,361.12,29.22,90.0,3.36
tbn,529,0,43,361.12,27.4,90.0,0.28
tbn,529,0,44,361.11,27.13,85.5972,0.2608
tbn,529,0,45,361.075,26.875,78.6928,0.2549
tbn,529,0,46,361.01,26.64,70.0226,0.2341
tbn,529,0,47,360.91,26.44,56.3032,0.2163
tbn,529,0,48,360.76,26.28,37.879,0.228
tbn,529,0,49,360.545,26.165,19.7919,0.2657
tbn,529,0,50,360.26,26.105,5.3609,0.3214
tbn,529,0,51,360.1,25.91,90.0,0.36
tbn,529,0,52,361.31,25.73,0.0,2.42
tbn,530,0,0,367.215,24.665,34.213,0.3023
tbn,530,0,1,367.455,24.835,36.475,0.286
tbn,530,0,2,367.68,25.015,40.8153,0.2907
tbn,530,0,3,367.895,25.21,43.597,0.29
tbn,530,0,4,368.095,25.415,47.865,0.2832
tbn,530,0,5,368.28,25.63,50.708,0.2842
tbn,530,0,6,368.455,25.855,53.5335,0.286
tbn,530,0,7,368.61,26.09,59.7454,0.2778
tbn,530,0,8,368.805,26.465,63.8865,0.568
tbn,530,0,9,369.02,26.995,71.8785,0.5787
tbn,530,0,10,369.14,27.41,77.9044,0.2863
tbn,530,0,11,369.195,27.695,80.2154,0.2943
tbn,530,0,12,369.23,27.99,86.1879,0.3007
tbn,530,0,13,369.245,28.295,88.1506,0.3102
tbn,530,0,14,369.245,28.615,91.7373,0.3302
tbn,530,0,15,369.225,28.94,95.3555,0.3214
tbn,530,0,16,369.185,29.25,99.4604,0.3041
tbn,530,0,17,369.12,29.545,105.4264,0.3008
tbn,530,0,18,369.035,29.825,108.433,0.2846
tbn,530,0,19,368.94,30.085,111.8026,0.2693
tbn,530,0,20,368.825,30.33,118.4392,0.2729
tbn,530,0,21,368.69,30.565,121.3335,0.2692
tbn,530,0,22,368.46,30.885,127.9699,0.5201
tbn,530,0,23,368.115,31.28,134.2354,0.5304
tbn,530,0,24,367.73,31.635,140.4807,0.5185
tbn,530,0,25,367.31,31.95,145.7089,0.5326
tbn,530,0,26,367.09,31.98,90.0,0.24
tbn,530,0,27,367.265,31.71,139.3946,0.461
tbn,530,0,28,367.595,31.385,131.5335,0.4675
tbn,530,0,29,367.875,31.01,122.0038,0.4717
tbn,530,0,30,368.1,30.59,114.4419,0.4833
tbn,530,0,31,368.275,30.14,108.0647,0.4838
tbn,530,0,32,368.405,29.665,102.6512,0.5022
tbn,530,0,33,368.495,29.17,97.9704,0.5049
tbn,530,0,34,368.54,28.67,92.2894,0.5004
tbn,530,0,35,368.545,28.285,87.8835,0.2702
tbn,530,0,36,368.535,28.02,87.7953,0.2602
tbn,530,0,37,368.52,27.76,85.6039,0.2608
tbn,530,0,38,368.49,27.505,80.9078,0.2532
tbn,530,0,39,368.425,27.145,79.1595,0.4785
tbn,530,0,40,368.305,26.685,71.5662,0.4744
tbn,530,0,41,368.135,26.25,65.6578,0.461
tbn,530,0,42,367.91,25.835,57.6205,0.4855
tbn,530,0,43,367.705,25.53,53.1329,0.25
tbn,530,0,44,367.55,25.335,49.8988,0.2484
tbn,530,0,45,367.38,25.14,48.007,0.269
tbn,530,0,46,367.19,24.945,43.5298,0.2759
tbn,530,0,47,367.09,24.715,90.0,0.27
tbn,531,0,0,19.775,567.0,51.5245,2.427
tbn,531,0,1,20.595,568.055,58.2408,0.247
tbn,531,0,2,20.71,568.28,67.38,0.26
tbn,531,0,3,20.79,568.53,77.0055,0.2668
tbn,531,0,4,20.835,568.79,83.4179,0.2617
tbn,531,0,5,20.835,569.065,95.9063,0.2915
tbn,531,0,6,20.775,569.345,108.4349,0.2846
tbn,531,0,7,20.665,569.6,118.4428,0.2729
tbn,531,0,8,20.515,569.82,130.3647,0.2625
tbn,531,0,9,20.325,570.0,142.6956,0.264
tbn,531,0,10,20.1,570.14,153.4353,0.2683
tbn,531,0,11,19.845,570.24,163.4956,0.2816
tbn,531,0,12,19.57,570.295,173.8844,0.2816
tbn,531,0,13,19.28,570.295,5.7107,0.3015
tbn,531,0,14,18.995,570.245,14.5344,0.2789
tbn,531,0,15,18.74,570.15,26.5649,0.2683
tbn,531,0,16,18.52,570.01,38.6597,0.2561
tbn,531,0,17,18.335,569.83,49.6356,0.2625
tbn,531,0,18,18.18,569.615,58.6714,0.2693
tbn,531,0,19,18.065,569.365,71.5651,0.2846
tbn,531,0,20,17.99,569.08,78.6901,0.3059
tbn,531,0,21,18.25,568.93,0.0,0.58
tbn,531,0,22,18.555,569.015,79.9923,0.1726
tbn,531,0,23,18.595,569.185,73.6101,0.1772
tbn,531,0,24,18.665,569.34,57.265,0.1664
tbn,531,0,25,18.765,569.475,49.7638,0.1703
tbn,531,0,26,18.885,569.595,40.2363,0.1703
tbn,531,0,27,19.02,569.69,29.745,0.1612
tbn,531,0,28,19.175,569.755,16.3893,0.1772
tbn,531,0,29,19.345,569.79,6.71,0.1712
tbn,531,0,30,19.515,569.79,173.29,0.1712
tbn,531,0,31,19.685,569.75,160.5601,0.1803
tbn,531,0,32,19.85,569.68,153.4349,0.1789
tbn,531,0,33,19.995,569.585,139.7637,0.1703
tbn,531,0,34,20.115,569.465,130.2362,0.1703
tbn,531,0,35,20.215,569.32,119.3578,0.1836
tbn,531,0,36,20.29,569.155,109.4399,0.1803
tbn,531,0,37,20.33,568.98,96.3403,0.1811
tbn,531,0,38,20.32,568.775,80.1344,0.2335
tbn,531,0,39,20.25,568.55,65.5561,0.2417
tbn,531,0,40,20.135,568.34,56.9758,0.2385
tbn,531,0,41,19.995,568.145,51.71,0.2421
tbn,531,0,42,18.91,566.795,51.1736,3.2219
tbn,531,0,43,19.375,565.54,0.0,2.95
tbn,531,0,44,20.85,565.795,90.0,0.51
tbn,531,0,45,19.935,566.05,0.0,1.83
tbn,532,0,0,22.655,569.24,53.7346,2.6541
tbn,532,0,1,21.785,568.03,58.7363,0.3276
tbn,532,0,2,21.625,567.74,63.4349,0.3354
tbn,532,0,3,21.52,567.515,68.1981,0.1616
tbn,532,0,4,21.47,567.36,75.9642,0.1649
tbn,532,0,5,21.435,567.195,79.9918,0.1726
tbn,532,0,6,21.415,567.025,86.6334,0.1703
tbn,532,0,7,21.425,566.79,95.7107,0.3015
tbn,532,0,8,21.485,566.5,107.8189,0.2941
tbn,532,0,9,21.6,566.235,119.2487,0.2865
tbn,532,0,10,21.765,566.0,130.8153,0.2907
tbn,532,0,11,21.97,565.8,140.7105,0.2843
tbn,532,0,12,22.21,565.64,151.6994,0.2953
tbn,532,0,13,22.475,565.525,161.5651,0.2846
tbn,532,0,14,22.76,565.465,174.2893,0.3015
tbn,532,0,15,23.06,565.465,5.7107,0.3015
tbn,532,0,16,23.35,565.525,17.819,0.2941
tbn,532,0,17,23.615,565.64,29.2487,0.2865
tbn,532,0,18,23.85,565.805,40.815,0.2907
tbn,532,0,19,24.05,566.01,50.7105,0.2843
tbn,532,0,20,24.205,566.25,63.4351,0.2907
tbn,532,0,21,24.315,566.525,72.7586,0.3036
tbn,532,0,22,24.375,566.825,84.4723,0.3114
tbn,532,0,23,24.375,567.12,96.1156,0.2816
tbn,532,0,24,24.325,567.39,105.0685,0.2693
tbn,532,0,25,24.235,567.645,113.7496,0.2731
tbn,532,0,26,24.105,567.88,124.2867,0.2663
tbn,532,0,27,23.935,568.08,136.5482,0.2617
tbn,532,0,28,23.73,568.24,147.5288,0.2608
tbn,532,0,29,23.495,568.355,160.2011,0.2657
tbn,532,0,30,23.23,568.415,173.8844,0.2816
tbn,532,0,31,22.975,568.415,7.4316,0.2319
tbn,532,0,32,22.75,568.36,19.9831,0.2341
tbn,532,0,33,22.635,568.33,116.5651,0.0224
tbn,532,0,34,23.245,569.2,54.4308,2.1145
tbn,532,0,35,23.65,570.185,149.2373,0.4888
tbn,532,1,0,22.805,565.97,173.9908,0.191
tbn,532,1,1,22.615,566.01,162.4746,0.1992
tbn,532,1,2,22.44,566.085,150.6422,0.1836
tbn,532,1,3,22.285,566.19,141.3399,0.1921
tbn,532,1,4,22.15,566.325,128.6601,0.1921
tbn,532,1,5,22.045,566.485,117.8973,0.1924
tbn,532,1,6,21.97,566.66,108.4348,0.1897
tbn,532,1,7,21.93,566.85,95.7108,0.201
tbn,532,1,8,21.93,567.045,83.9909,0.1911
tbn,532,1,9,21.97,567.23,71.5652,0.1897
tbn,532,1,10,22.05,567.4,57.9945,0.1887
tbn,532,1,11,22.16,567.555,51.3399,0.1921
tbn,532,1,12,22.295,567.69,38.6601,0.1921
tbn,532,1,13,22.45,567.795,29.3578,0.1836
tbn,532,1,14,22.62,567.87,18.4348,0.1897
tbn,532,1,15,22.805,567.91,6.0092,0.191
tbn,532,1,16,22.99,567.91,173.6597,0.1811
tbn,532,1,17,23.17,567.875,164.4761,0.1868
tbn,532,1,18,23.34,567.805,150.6422,0.1836
tbn,532,1,19,23.495,567.7,141.3399,0.1921
tbn,532,1,20,23.635,567.565,130.9147,0.1985
tbn,532,1,21,23.745,567.405,117.8973,0.1924
tbn,532,1,22,23.825,567.225,110.2247,0.2025
tbn,532,1,23,23.87,567.025,95.4405,0.2109
tbn,532,1,24,23.87,566.825,83.9909,0.1911
tbn,532,1,25,23.83,566.64,71.5652,0.1897
tbn,532,1,26,23.75,566.47,57.9945,0.1887
tbn,532,1,27,23.64,566.32,49.3984,0.1844
tbn,532,1,28,23.505,566.19,38.6601,0.1921
tbn,532,1,29,23.35,566.085,29.3578,0.1836
tbn,532,1,30,23.18,566.01,18.4348,0.1897
tbn,532,1,31,22.995,565.97,6.0091,0.1911
tbn,533,0,0,26.55,565.46,5.1946,0.2209
tbn,533,0,1,26.755,565.495,14.7433,0.1965
tbn,533,0,2,26.94,565.555,21.2504,0.1931
tbn,533,0,3,27.11,565.645,34.5087,0.1942
tbn,533,0,4,27.26,565.76,40.6016,0.1844
tbn,533,0,5,27.395,565.895,49.0853,0.1985
tbn,533,0,6,27.515,566.05,55.4918,0.1942
tbn,533,0,7,27.62,566.215,59.5344,0.1972
tbn,533,0,8,27.75,566.495,67.6938,0.4215
tbn,533,0,9,27.885,566.89,74.6237,0.4148
tbn,533,0,10,27.955,567.19,81.4691,0.2022
tbn,533,0,11,27.985,567.39,81.4696,0.2022
tbn,533,0,12,28.005,567.585,86.9871,0.1903
tbn,533,0,13,28.015,567.775,86.9872,0.1903
tbn,533,0,14,28.015,567.96,93.1799,0.1803
tbn,533,0,15,28.005,568.15,92.8625,0.2002
tbn,533,0,16,27.985,568.35,98.5304,0.2022
tbn,533,0,17,27.955,568.55,98.5309,0.2022
tbn,533,0,18,27.885,568.855,105.0184,0.4245
tbn,533,0,19,27.755,569.25,111.541,0.4085
tbn,533,0,20,27.63,569.53,119.0547,0.2059
tbn,533,0,21,27.52,569.705,125.2173,0.2081
tbn,533,0,22,27.395,569.86,132.8793,0.1911
tbn,533,0,23,27.26,569.995,137.1207,0.1911
tbn,533,0,24,27.11,570.11,147.995,0.1887
tbn,533,0,25,26.94,570.2,156.0371,0.197
tbn,533,0,26,26.755,570.265,165.2567,0.1965
tbn,533,0,27,26.55,570.3,174.8054,0.2209
tbn,533,0,28,26.335,570.3,5.4405,0.2109
tbn,533,0,29,26.13,570.265,14.036,0.2062
tbn,533,0,30,25.945,570.2,25.2016,0.1879
tbn,533,0,31,25.775,570.11,30.4652,0.1972
tbn,533,0,32,25.62,569.995,42.8793,0.1911
tbn,533,0,33,25.485,569.86,47.1207,0.1911
tbn,533,0,34,25.365,569.705,57.0951,0.2025
tbn,533,0,35,25.26,569.53,60.9453,0.2059
tbn,533,0,36,25.13,569.25,67.1663,0.4123
tbn,533,0,37,25.0,568.855,76.293,0.422
tbn,533,0,38,24.93,568.55,78.6899,0.204
tbn,533,0,39,24.9,568.35,84.2898,0.201
tbn,533,0,40,24.88,568.15,84.2892,0.201
tbn,533,0,41,24.87,567.96,90.0,0.18
tbn,533,0,42,24.87,567.775,90.0,0.19
tbn,533,0,43,24.88,567.585,96.0092,0.191
tbn,533,0,44,24.9,567.39,95.7102,0.201
tbn,533,0,45,24.93,567.19,101.3101,0.204
tbn,533,0,46,25.0,566.89,104.0363,0.4123
tbn,533,0,47,25.13,566.495,112.3062,0.4215
tbn,533,0,48,25.26,566.215,120.4656,0.1972
tbn,533,0,49,25.365,566.05,124.5082,0.1942
tbn,533,0,50,25.485,565.895,130.9147,0.1985
tbn,533,0,51,25.625,565.76,141.3399,0.1921
tbn,533,0,52,25.78,565.645,145.4913,0.1942
tbn,533,0,53,25.945,565.555,157.62,0.1838
tbn,533,0,54,26.13,565.495,165.964,0.2062
tbn,533,0,55,26.335,565.46,174.5595,0.2109
tbn,533,1,0,26.515,569.79,172.4052,0.1513
tbn,533,1,1,26.66,569.76,164.0551,0.1456
tbn,533,1,2,26.79,569.705,149.7428,0.1389
tbn,533,1,3,26.905,569.625,140.7113,0.1421
tbn,533,1,4,27.05,569.47,129.2893,0.2843
tbn,533,1,5,27.215,569.215,117.3497,0.3265
tbn,533,1,6,27.34,568.915,107.8788,0.3257
tbn,533,1,7,27.425,568.6,102.339,0.3276
tbn,533,1,8,27.475,568.29,95.7104,0.3015
tbn,533,1,9,27.5,568.005,94.2365,0.2707
tbn,533,1,10,27.5,567.74,85.6012,0.2608
tbn,533,1,11,27.475,567.455,84.4727,0.3114
tbn,533,1,12,27.425,567.145,77.2757,0.3178
tbn,533,1,13,27.34,566.835,72.1213,0.3257
tbn,533,1,14,27.215,566.54,61.8214,0.3176
tbn,533,1,15,27.05,566.285,51.9531,0.2921
tbn,533,1,16,26.905,566.125,39.2893,0.1421
tbn,533,1,17,26.79,566.05,26.5651,0.1342
tbn,533,1,18,26.66,566.0,15.9449,0.1456
tbn,533,1,19,26.515,565.97,7.5948,0.1513
tbn,533,1,20,26.365,565.97,172.4052,0.1513
tbn,533,1,21,26.225,566.0,162.8978,0.136
tbn,533,1,22,26.1,566.05,153.4349,0.1342
tbn,533,1,23,25.985,566.125,140.7107,0.1421
tbn,533,1,24,25.835,566.285,129.5596,0.2983
tbn,533,1,25,25.67,566.54,116.5651,0.313
tbn,533,1,26,25.55,566.835,107.8787,0.3257
tbn,533,1,27,25.465,567.145,102.7243,0.3178
tbn,533,1,28,25.41,567.455,97.3522,0.3126
tbn,533,1,29,25.385,567.74,92.2026,0.2602
tbn,533,1,30,25.385,568.005,87.8789,0.2702
tbn,533,1,31,25.41,568.29,82.4055,0.3027
tbn,533,1,32,25.465,568.6,77.661,0.3276
tbn,533,1,33,25.55,568.915,72.1212,0.3257
tbn,533,1,34,25.67,569.215,64.2308,0.322
tbn,533,1,35,25.835,569.47,49.185,0.2907
tbn,533,1,36,25.985,569.625,39.2887,0.1421
tbn,533,1,37,26.1,569.705,30.2572,0.1389
tbn,533,1,38,26.225,569.76,17.1022,0.136
tbn,533,1,39,26.365,569.79,7.5948,0.1513
tbn,534,0,0,30.405,567.0,51.5245,2.427
tbn,534,0,1,31.225,568.055,58.2408,0.247
tbn,534,0,2,31.34,568.28,67.38,0.26
tbn,534,0,3,31.42,568.53,77.0055,0.2668
tbn,534,0,4,31.465,568.79,83.4179,0.2617
tbn,534,0,5,31.465,569.065,95.9063,0.2915
tbn,534,0,6,31.405,569.345,108.4346,0.2846
tbn,534,0,7,31.295,569.6,118.4431,0.2729
tbn,534,0,8,31.145,569.82,130.3647,0.2625
tbn,534,0,9,30.955,570.0,142.6956,0.264
tbn,534,0,10,30.73,570.14,153.4353,0.2683
tbn,534,0,11,30.475,570.24,163.4956,0.2816
tbn,534,0,12,30.2,570.295,173.8844,0.2816
tbn,534,0,13,29.91,570.295,5.7107,0.3015
tbn,534,0,14,29.625,570.245,14.5344,0.2789
tbn,534,0,15,29.37,570.15,26.5649,0.2683
tbn,534,0,16,29.145,570.01,37.3038,0.264
tbn,534,0,17,28.955,569.83,49.6356,0.2625
tbn,534,0,18,28.805,569.615,60.5242,0.2642
tbn,534,0,19,28.695,569.365,71.5651,0.2846
tbn,534,0,20,28.62,569.08,78.6901,0.3059
tbn,534,0,21,28.88,568.93,0.0,0.58
tbn,534,0,22,29.185,569.015,79.9923,0.1726
tbn,534,0,23,29.225,569.185,73.6101,0.1772
tbn,534,0,24,29.295,569.34,57.265,0.1664
tbn,534,0,25,29.395,569.475,49.7638,0.1703
tbn,534,0,26,29.515,569.595,40.2363,0.1703
tbn,534,0,27,29.65,569.69,29.745,0.1612
tbn,534,0,28,29.8,569.755,17.3538,0.1676
tbn,534,0,29,29.97,569.79,6.3403,0.1811
tbn,534,0,30,30.145,569.79,173.29,0.1712
tbn,534,0,31,30.315,569.75,160.5601,0.1803
tbn,534,0,32,30.475,569.68,151.9275,0.17
tbn,534,0,33,30.62,569.585,141.8425,0.178
tbn,534,0,34,30.745,569.465,130.2367,0.1703
tbn,534,0,35,30.845,569.32,119.3578,0.1836
tbn,534,0,36,30.915,569.155,106.3893,0.1772
tbn,534,0,37,30.95,568.98,96.3403,0.1811
tbn,534,0,38,30.945,568.775,82.5689,0.2319
tbn,534,0,39,30.88,568.55,65.5561,0.2417
tbn,534,0,40,30.765,568.34,56.9758,0.2385
tbn,534,0,41,30.625,568.145,51.71,0.2421
tbn,534,0,42,29.54,566.795,51.1736,3.2219
tbn,534,0,43,30.005,565.54,0.0,2.95
tbn,534,0,44,31.48,565.795,90.0,0.51
tbn,534,0,45,30.565,566.05,0.0,1.83
tbn,535,0,0,33.95,567.0,51.7098,2.4207
tbn,535,0,1,34.765,568.055,58.2404,0.247
tbn,535,0,2,34.88,568.28,67.3804,0.26
tbn,535,0,3,34.965,568.53,74.9316,0.2693
tbn,535,0,4,35.01,568.79,85.6012,0.2608
tbn,535,0,5,35.005,569.065,95.9059,0.2915
tbn,535,0,6,34.95,569.345,106.5047,0.2816
tbn,535,0,7,34.845,569.6,118.4424,0.2729
tbn,535,0,8,34.69,569.82,131.9874,0.2691
tbn,535,0,9,34.495,570.0,142.6961,0.264
tbn,535,0,10,34.27,570.14,153.4349,0.2683
tbn,535,0,11,34.02,570.24,162.8974,0.272
tbn,535,0,12,33.745,570.295,174.0937,0.2915
tbn,535,0,13,33.45,570.295,5.7107,0.3015
tbn,535,0,14,33.165,570.245,14.5346,0.2789
tbn,535,0,15,32.91,570.15,26.5647,0.2683
tbn,535,0,16,32.69,570.01,38.6597,0.2561
tbn,535,0,17,32.505,569.83,49.6359,0.2625
tbn,535,0,18,32.35,569.615,58.6714,0.2693
tbn,535,0,19,32.235,569.365,71.5651,0.2846
tbn,535,0,20,32.165,569.08,80.5371,0.3041
tbn,535,0,21,32.425,568.93,0.0,0.57
tbn,535,0,22,32.725,569.015,79.9911,0.1726
tbn,535,0,23,32.77,569.185,70.5607,0.1803
tbn,535,0,24,32.84,569.34,60.2548,0.1612
tbn,535,0,25,32.935,569.475,49.7633,0.1703
tbn,535,0,26,33.055,569.595,40.2371,0.1703
tbn,535,0,27,33.195,569.69,28.0722,0.17
tbn,535,0,28,33.35,569.755,17.3538,0.1676
tbn,535,0,29,33.515,569.79,6.7099,0.1712
tbn,535,0,30,33.69,569.79,173.6597,0.1811
tbn,535,0,31,33.86,569.75,159.4441,0.1709
tbn,535,0,32,34.02,569.68,153.4349,0.1789
tbn,535,0,33,34.165,569.585,139.7629,0.1703
tbn,535,0,34,34.29,569.465,132.7102,0.1769
tbn,535,0,35,34.39,569.32,116.5645,0.1789
tbn,535,0,36,34.46,569.155,109.4404,0.1803
tbn,535,0,37,34.5,568.98,96.3403,0.1811
tbn,535,0,38,34.49,568.775,80.134,0.2335
tbn,535,0,39,34.42,568.55,65.5557,0.2417
tbn,535,0,40,34.305,568.34,56.9765,0.2385
tbn,535,0,41,34.17,568.145,53.6158,0.236
tbn,535,0,42,33.085,566.795,51.0352,3.2282
tbn,535,0,43,33.545,565.54,0.0,2.95
tbn,535,0,44,35.02,565.795,90.0,0.51
tbn,535,0,45,34.11,566.05,0.0,1.82
tbn,536,0,0,104.78,153.565,90.0,0.51
tbn,536,0,1,105.365,153.31,0.0,1.17
tbn,536,0,2,105.925,153.17,79.8762,0.2844
tbn,536,0,3,105.85,152.905,68.1974,0.2693
tbn,536,0,4,105.725,152.665,56.8875,0.2746
tbn,536,0,5,105.555,152.445,47.865,0.2832
tbn,536,0,6,105.35,152.26,36.0278,0.272
tbn,536,0,7,105.115,152.115,27.4698,0.2818
tbn,536,0,8,104.86,152.01,17.106,0.272
tbn,536,0,9,104.6,151.955,6.5818,0.2617
tbn,536,0,10,104.38,151.945,176.8171,0.1803
tbn,536,0,11,104.2,151.965,170.5381,0.1825
tbn,536,0,12,104.025,152.005,163.6141,0.1772
tbn,536,0,13,103.86,152.065,156.3689,0.1746
tbn,536,0,14,103.63,152.19,149.0375,0.3499
tbn,536,0,15,103.35,152.4,137.2875,0.3538
tbn,536,0,16,103.115,152.66,126.8699,0.35
tbn,536,0,17,102.93,152.955,117.3003,0.3489
tbn,536,0,18,102.8,153.28,106.3895,0.3544
tbn,536,0,19,102.73,153.625,96.5198,0.3523
tbn,536,0,20,102.715,153.905,87.273,0.2102
tbn,536,0,21,102.735,154.105,81.0278,0.1924
tbn,536,0,22,102.77,154.295,78.1112,0.1942
tbn,536,0,23,102.82,154.48,71.5651,0.1897
tbn,536,0,24,102.93,154.74,64.7981,0.3758
tbn,536,0,25,103.12,155.055,52.8169,0.364
tbn,536,0,26,103.365,155.32,41.6319,0.3612
tbn,536,0,27,103.655,155.53,30.1406,0.3585
tbn,536,0,28,103.89,155.655,23.6311,0.1746
tbn,536,0,29,104.06,155.71,12.5314,0.1844
tbn,536,0,30,104.24,155.745,9.4619,0.1825
tbn,536,0,31,104.42,155.765,3.1829,0.1803
tbn,536,0,32,104.615,155.765,177.271,0.2102
tbn,536,0,33,104.82,155.74,168.6875,0.204
tbn,536,0,34,105.02,155.685,160.7078,0.2119
tbn,536,0,35,105.215,155.605,154.655,0.2102
tbn,536,0,36,105.4,155.5,146.3111,0.2163
tbn,536,0,37,105.57,155.375,140.9057,0.2062
tbn,536,0,38,105.725,155.23,133.1506,0.2193
tbn,536,0,39,105.865,155.065,127.4092,0.214
tbn,536,0,40,106.12,155.185,47.1752,0.559
tbn,536,0,41,106.225,155.49,130.3668,0.2625
tbn,536,0,42,106.045,155.68,136.5448,0.2617
tbn,536,0,43,105.84,155.85,143.9774,0.272
tbn,536,0,44,105.615,155.995,150.5227,0.2642
tbn,536,0,45,105.38,156.105,159.4446,0.2563
tbn,536,0,46,105.135,156.19,162.2518,0.2625
tbn,536,0,47,104.88,156.25,171.2521,0.2631
tbn,536,0,48,104.62,156.28,175.6037,0.2608
tbn,536,0,49,104.37,156.28,4.7611,0.2408
tbn,536,0,50,104.13,156.25,9.4644,0.2433
tbn,536,0,51,103.9,156.2,15.2544,0.228
tbn,536,0,52,103.68,156.13,19.9869,0.2341
tbn,536,0,53,103.465,156.04,25.458,0.2326
tbn,536,0,54,103.265,155.925,34.381,0.2302
tbn,536,0,55,103.075,155.79,36.3869,0.236
tbn,536,0,56,102.9,155.64,45.0014,0.2263
tbn,536,0,57,102.74,155.47,48.3647,0.2408
tbn,536,0,58,102.59,155.285,53.6161,0.236
tbn,536,0,59,102.46,155.085,60.2551,0.2419
tbn,536,0,60,102.35,154.875,64.5344,0.2326
tbn,536,0,61,102.26,154.655,70.8231,0.2435
tbn,536,0,62,102.19,154.415,76.5031,0.2571
tbn,536,0,63,102.145,154.165,83.1575,0.2518
tbn,536,0,64,102.12,153.915,85.4268,0.2508
tbn,536,0,65,102.12,153.67,94.763,0.2408
tbn,536,0,66,102.145,153.435,97.4308,0.232
tbn,536,0,67,102.19,153.21,105.2563,0.228
tbn,536,0,68,102.26,152.995,110.8539,0.2247
tbn,536,0,69,102.35,152.785,115.4624,0.2326
tbn,536,0,70,102.455,152.585,120.0724,0.2195
tbn,536,0,71,102.58,152.4,127.8713,0.2281
tbn,536,0,72,102.725,152.225,131.4254,0.2267
tbn,536,0,73,102.88,152.06,135.0,0.2263
tbn,536,0,74,103.05,151.915,144.1614,0.222
tbn,536,0,75,103.235,151.785,145.619,0.2302
tbn,536,0,76,103.43,151.67,153.4332,0.2236
tbn,536,0,77,103.64,151.58,160.0201,0.2341
tbn,536,0,78,103.86,151.51,164.7456,0.228
tbn,536,0,79,104.085,151.465,172.5688,0.2319
tbn,536,0,80,104.315,151.44,175.0255,0.2309
tbn,536,0,81,104.545,151.435,2.492,0.2302
tbn,536,0,82,104.77,151.46,10.3069,0.2236
tbn,536,0,83,104.985,151.505,13.3894,0.2159
tbn,536,0,84,105.19,151.565,19.2915,0.2119
tbn,536,0,85,105.385,151.645,25.3459,0.2102
tbn,536,0,86,105.565,151.745,32.9081,0.2025
tbn,536,0,87,105.73,151.865,39.089,0.2061
tbn,536,0,88,105.885,152.0,43.0278,0.2052
tbn,536,0,89,106.025,152.145,49.0851,0.1985
tbn,536,0,90,106.15,152.305,54.7839,0.2081
tbn,536,0,91,106.26,152.48,60.9448,0.2059
tbn,536,0,92,106.35,152.67,68.1993,0.2154
tbn,536,0,93,106.42,152.87,73.3,0.2088
tbn,536,0,94,106.475,153.075,76.6062,0.2159
tbn,536,0,95,106.515,153.295,82.5692,0.232
tbn,536,0,96,106.535,153.525,87.51,0.2302
tbn,536,0,97,106.54,153.73,90.0,0.18
tbn,536,0,98,105.66,153.82,0.0,1.76
tbn,537,0,0,110.185,152.115,114.0071,1.3027
tbn,537,0,1,110.76,151.52,0.0,0.62
tbn,537,0,2,109.96,153.935,114.6847,5.3158
tbn,537,0,3,107.745,153.935,65.4133,5.3116
tbn,537,0,4,106.95,151.52,0.0,0.62
tbn,537,0,5,107.525,152.115,65.9926,1.3027
tbn,537,0,6,108.855,152.71,0.0,2.13
tbn,537,1,0,108.855,153.22,0.0,1.65
tbn,537,1,1,108.44,154.155,66.3224,2.0419
tbn,537,1,2,109.265,154.155,113.9342,2.0459
tbn,538,0,0,113.83,155.175,90.0,1.87
tbn,538,0,1,113.53,156.11,0.0,0.6
tbn,538,0,2,113.23,153.815,90.0,4.59
tbn,538,0,3,113.53,151.52,0.0,0.6
tbn,538,0,4,113.83,152.625,90.0,2.21
tbn,538,0,5,114.895,153.73,0.0,2.13
tbn,538,0,6,115.96,152.625,90.0,2.21
tbn,538,0,7,116.255,151.52,0.0,0.59
tbn,538,0,8,116.55,153.815,90.0,4.59
tbn,538,0,9,116.255,156.11,0.0,0.59
tbn,538,0,10,115.96,155.175,90.0,1.87
tbn,538,0,11,114.895,154.24,0.0,2.13
tbn,539,0,0,120.4,152.115,113.6039,1.2987
tbn,539,0,1,120.97,151.52,0.0,0.62
tbn,539,0,2,120.175,153.935,114.5867,5.3116
tbn,539,0,3,117.965,153.935,65.4133,5.3116
tbn,539,0,4,117.17,151.52,0.0,0.62
tbn,539,0,5,117.745,152.115,65.9926,1.3027
tbn,539,0,6,119.075,152.71,0.0,2.13
tbn,539,1,0,119.075,153.22,0.0,1.65
tbn,539,1,1,118.66,154.155,66.3224,2.0419
tbn,539,1,2,119.485,154.155,113.9342,2.0459
tbn,540,0,0,121.975,151.52,0.0,0.59
tbn,540,0,1,122.27,153.25,90.0,3.46
tbn,540,0,2,123.975,153.155,133.0531,4.9951
tbn,540,0,3,125.68,153.72,90.0,4.78
tbn,540,0,4,125.38,156.11,0.0,0.6
tbn,540,0,5,125.08,154.435,90.0,3.35
tbn,540,0,6,123.38,154.55,133.5227,4.9373
tbn,540,0,7,121.68,153.93,90.0,4.82
tbn,541,0,0,128.9,153.565,90.0,0.51
tbn,541,0,1,129.485,153.31,0.0,1.17
tbn,541,0,2,130.045,153.17,79.8747,0.2844
tbn,541,0,3,129.97,152.905,68.2004,0.2693
tbn,541,0,4,129.845,152.665,56.8848,0.2746
tbn,541,0,5,129.675,152.445,47.865,0.2832
tbn,541,0,6,129.47,152.26,36.0297,0.272
tbn,541,0,7,129.235,152.115,27.4698,0.2818
tbn,541,0,8,128.98,152.01,17.1056,0.272
tbn,541,0,9,128.72,151.955,6.5818,0.2617
tbn,541,0,10,128.5,151.945,176.8172,0.1803
tbn,541,0,11,128.32,151.965,170.5377,0.1825
tbn,541,0,12,128.145,152.005,163.6141,0.1772
tbn,541,0,13,127.98,152.065,156.3689,0.1746
tbn,541,0,14,127.75,152.19,149.0375,0.3499
tbn,541,0,15,127.47,152.4,137.2875,0.3538
tbn,541,0,16,127.235,152.66,126.8699,0.35
tbn,541,0,17,127.05,152.955,117.3003,0.3489
tbn,541,0,18,126.92,153.28,106.3895,0.3544
tbn,541,0,19,126.85,153.625,96.5198,0.3523
tbn,541,0,20,126.835,153.905,87.273,0.2102
tbn,541,0,21,126.855,154.105,81.0278,0.1924
tbn,541,0,22,126.89,154.295,78.1112,0.1942
tbn,541,0,23,126.94,154.48,71.5651,0.1897
tbn,541,0,24,127.05,154.74,64.7981,0.3758
tbn,541,0,25,127.24,155.055,52.8169,0.364
tbn,541,0,26,127.485,155.32,41.6319,0.3612
tbn,541,0,27,127.775,155.53,30.1406,0.3585
tbn,541,0,28,128.01,155.655,23.6311,0.1746
tbn,541,0,29,128.18,155.71,12.5319,0.1844
tbn,541,0,30,128.36,155.745,9.4615,0.1825
tbn,541,0,31,128.54,155.765,3.1831,0.1803
tbn,541,0,32,128.735,155.765,177.2711,0.2102
tbn,541,0,33,128.94,155.74,168.6875,0.204
tbn,541,0,34,129.14,155.685,160.7078,0.2119
tbn,541,0,35,129.335,155.605,154.655,0.2102
tbn,541,0,36,129.52,155.5,146.3122,0.2163
tbn,541,0,37,129.69,155.375,140.9031,0.2061
tbn,541,0,38,129.845,155.23,133.1535,0.2193
tbn,541,0,39,129.985,155.065,127.4059,0.214
tbn,541,0,40,130.24,155.185,47.1746,0.559
tbn,541,0,41,130.345,155.49,130.3668,0.2625
tbn,541,0,42,130.165,155.68,136.5448,0.2617
tbn,541,0,43,129.96,155.85,143.9774,0.272
tbn,541,0,44,129.735,155.995,150.5227,0.2642
tbn,541,0,45,129.5,156.105,159.4452,0.2563
tbn,541,0,46,129.255,156.19,162.2518,0.2625
tbn,541,0,47,129.0,156.25,171.2518,0.2631
tbn,541,0,48,128.74,156.28,175.6036,0.2608
tbn,541,0,49,128.49,156.28,4.7609,0.2408
tbn,541,0,50,128.25,156.25,9.4641,0.2433
tbn,541,0,51,128.02,156.2,15.255,0.228
tbn,541,0,52,127.8,156.13,19.9869,0.2341
tbn,541,0,53,127.585,156.04,25.458,0.2326
tbn,541,0,54,127.385,155.925,34.381,0.2302
tbn,541,0,55,127.195,155.79,36.3869,0.236
tbn,541,0,56,127.02,155.64,45.0014,0.2263
tbn,541,0,57,126.86,155.47,48.3647,0.2408
tbn,541,0,58,126.71,155.285,53.6161,0.236
tbn,541,0,59,126.58,155.085,60.2551,0.2419
tbn,541,0,60,126.47,154.875,64.5344,0.2326
tbn,541,0,61,126.38,154.655,70.8231,0.2435
tbn,541,0,62,126.31,154.415,76.5031,0.2571
tbn,541,0,63,126.265,154.165,83.1575,0.2518
tbn,541,0,64,126.24,153.915,85.4268,0.2508
tbn,541,0,65,126.24,153.67,94.763,0.2408
tbn,541,0,66,126.265,153.435,97.4308,0.232
tbn,541,0,67,126.31,153.21,105.2563,0.228
tbn,541,0,68,126.38,152.995,110.8539,0.2247
tbn,541,0,69,126.47,152.785,115.4624,0.2326
tbn,541,0,70,126.575,152.585,120.0724,0.2195
tbn,541,0,71,126.7,152.4,127.8713,0.2281
tbn,541,0,72,126.845,152.225,131.4254,0.2267
tbn,541,0,73,127.0,152.06,135.0,0.2263
tbn,541,0,74,127.17,151.915,144.1614,0.222
tbn,541,0,75,127.355,151.785,145.619,0.2302
tbn,541,0,76,127.55,151.67,153.4332,0.2236
tbn,541,0,77,127.76,151.58,160.0201,0.2341
tbn,541,0,78,127.98,151.51,164.7456,0.228
tbn,541,0,79,128.205,151.465,172.5688,0.2319
tbn,541,0,80,128.435,151.44,175.0253,0.2309
tbn,541,0,81,128.665,151.435,2.4919,0.2302
tbn,541,0,82,128.89,151.46,10.3069,0.2236
tbn,541,0,83,129.105,151.505,13.3899,0.2159
tbn,541,0,84,129.31,151.565,19.2922,0.2119
tbn,541,0,85,129.505,151.645,25.345,0.2102
tbn,541,0,86,129.685,151.745,32.9093,0.2025
tbn,541,0,87,129.85,151.865,39.0877,0.2061
tbn,541,0,88,130.005,152.0,43.0292,0.2052
tbn,541,0,89,130.145,152.145,49.0834,0.1985
tbn,541,0,90,130.27,152.305,54.7856,0.2081
tbn,541,0,91,130.38,152.48,60.9429,0.2059
tbn,541,0,92,130.47,152.67,68.1993,0.2154
tbn,541,0,93,130.54,152.87,73.3,0.2088
tbn,541,0,94,130.595,153.075,76.6062,0.2159
tbn,541,0,95,130.635,153.295,82.5692,0.232
tbn,541,0,96,130.655,153.525,87.5119,0.2302
tbn,541,0,97,130.66,153.73,90.0,0.18
tbn,541,0,98,129.78,153.82,0.0,1.76
tbn,542,0,0,134.305,152.115,114.0071,1.3027
tbn,542,0,1,134.88,151.52,0.0,0.62
tbn,542,0,2,134.08,153.935,114.6847,5.3158
tbn,542,0,3,131.865,153.935,65.4134,5.3116
tbn,542,0,4,131.07,151.52,0.0,0.62
tbn,542,0,5,131.645,152.115,65.9929,1.3027
tbn,542,0,6,132.975,152.71,0.0,2.13
tbn,542,1,0,132.975,153.22,0.0,1.65
tbn,542,1,1,132.56,154.155,66.3226,2.0419
tbn,542,1,2,133.385,154.155,113.9342,2.0459
tbn,543,0,0,137.16,153.56,14.0354,0.2474
tbn,543,0,1,137.39,153.635,22.2481,0.2377
tbn,543,0,2,137.59,153.745,35.8398,0.222
tbn,543,0,3,137.76,153.89,45.0,0.2263
tbn,543,0,4,137.905,154.065,55.6221,0.2302
tbn,543,0,5,138.015,154.265,66.7979,0.2285
tbn,543,0,6,138.09,154.48,74.7456,0.228
tbn,543,0,7,138.125,154.71,87.6153,0.2402
tbn,543,0,8,138.115,154.985,95.5274,0.3114
tbn,543,0,9,138.04,155.29,111.7994,0.3231
tbn,543,0,10,137.89,155.57,124.6953,0.3162
tbn,543,0,11,137.675,155.8,141.3428,0.3201
tbn,543,0,12,137.405,155.96,157.5209,0.3138
tbn,543,0,13,137.1,156.055,167.6599,0.3276
tbn,543,0,14,136.78,156.1,176.4255,0.3206
tbn,543,0,15,136.46,156.11,0.0,0.32
tbn,543,0,16,135.94,156.11,0.0,0.72
tbn,543,0,17,135.58,153.815,90.0,4.59
tbn,543,0,18,135.88,151.52,0.0,0.6
tbn,543,0,19,136.18,152.5,90.0,1.96
tbn,543,0,20,136.3,153.48,0.0,0.24
tbn,543,0,21,137.11,152.5,125.1482,2.3971
tbn,543,0,22,138.14,151.52,0.0,0.68
tbn,543,0,23,137.76,152.525,125.6184,2.4726
tbn,543,1,0,136.255,155.6,0.0,0.15
tbn,543,1,1,136.445,155.6,0.0,0.23
tbn,543,1,2,136.67,155.59,174.8006,0.2209
tbn,543,1,3,136.89,155.56,169.7007,0.2236
tbn,543,1,4,137.1,155.505,160.7078,0.2119
tbn,543,1,5,137.285,155.415,147.0907,0.2025
tbn,543,1,6,137.435,155.29,132.8832,0.191
tbn,543,1,7,137.545,155.13,116.5651,0.2012
tbn,543,1,8,137.605,154.92,97.1241,0.2419
tbn,543,1,9,137.605,154.68,82.875,0.2419
tbn,543,1,10,137.55,154.47,66.0362,0.197
tbn,543,1,11,137.445,154.305,49.0834,0.1985
tbn,543,1,12,137.3,154.18,32.0064,0.1887
tbn,543,1,13,137.125,154.095,20.2281,0.2025
tbn,543,1,14,136.925,154.035,13.3889,0.2159
tbn,543,1,15,136.705,154.0,4.9747,0.2309
tbn,543,1,16,136.48,153.99,0.0,0.22
tbn,543,1,17,136.275,153.99,0.0,0.19
tbn,543,1,18,136.18,154.795,90.0,1.61
tbn,544,0,0,141.43,155.69,122.0064,0.1887
tbn,544,0,1,141.32,155.835,132.7072,0.1769
tbn,544,0,2,141.19,155.96,139.3997,0.1844
tbn,544,0,3,141.05,156.065,147.2657,0.1664
tbn,544,0,4,140.9,156.15,153.4393,0.1789
tbn,544,0,5,140.735,156.215,163.6046,0.1772
tbn,544,0,6,140.56,156.255,170.5377,0.1825
tbn,544,0,7,140.375,156.28,173.9943,0.1911
tbn,544,0,8,140.155,156.28,4.5714,0.2508
tbn,544,0,9,139.905,156.24,13.4952,0.2571
tbn,544,0,10,139.66,156.16,22.6206,0.26
tbn,544,0,11,139.44,156.045,33.0253,0.2385
tbn,544,0,12,139.25,155.895,43.3593,0.2476
tbn,544,0,13,139.095,155.71,56.9798,0.2385
tbn,544,0,14,138.985,155.49,69.444,0.2563
tbn,544,0,15,138.925,155.235,83.6573,0.2717
tbn,544,0,16,138.92,154.985,94.9712,0.2308
tbn,544,0,17,138.96,154.77,106.6976,0.2088
tbn,544,0,18,139.04,154.58,119.0571,0.2059
tbn,544,0,19,139.155,154.415,130.9166,0.1985
tbn,544,0,20,139.3,154.275,140.9031,0.2061
tbn,544,0,21,139.465,154.155,147.0931,0.2025
tbn,544,0,22,139.645,154.045,149.933,0.2195
tbn,544,0,23,139.835,153.945,154.655,0.2102
tbn,544,0,24,140.09,153.835,157.8903,0.3454
tbn,544,0,25,140.395,153.695,152.6505,0.3265
tbn,544,0,26,140.665,153.53,144.2426,0.3081
tbn,544,0,27,140.84,153.385,132.2792,0.1487
tbn,544,0,28,140.93,153.265,121.6071,0.1526
tbn,544,0,29,140.995,153.12,107.3497,0.1676
tbn,544,0,30,141.03,152.955,96.7119,0.1712
tbn,544,0,31,141.03,152.775,83.9898,0.1911
tbn,544,0,32,140.995,152.595,73.6155,0.1772
tbn,544,0,33,140.935,152.435,64.9799,0.1655
tbn,544,0,34,140.85,152.29,54.4676,0.1721
tbn,544,0,35,140.74,152.16,44.9964,0.1697
tbn,544,0,36,140.605,152.06,28.0695,0.17
tbn,544,0,37,140.45,151.99,20.5548,0.1709
tbn,544,0,38,140.28,151.95,6.3466,0.1811
tbn,544,0,39,140.1,151.95,173.6539,0.1811
tbn,544,0,40,139.925,151.985,163.6141,0.1772
tbn,544,0,41,139.765,152.05,151.9215,0.17
tbn,544,0,42,139.625,152.145,139.7685,0.1703
tbn,544,0,43,139.505,152.265,130.2355,0.1703
tbn,544,0,44,139.405,152.405,120.9638,0.1749
tbn,544,0,45,139.335,152.565,106.3893,0.1772
tbn,544,0,46,139.305,152.745,93.0111,0.1903
tbn,544,0,47,139.0,152.78,11.3122,0.6119
tbn,544,0,48,138.73,152.58,102.0943,0.2864
tbn,544,0,49,138.81,152.32,112.6219,0.26
tbn,544,0,50,138.93,152.09,122.4709,0.2608
tbn,544,0,51,139.09,151.885,133.4503,0.2617
tbn,544,0,52,139.28,151.715,143.1308,0.25
tbn,544,0,53,139.5,151.585,155.3798,0.264
tbn,544,0,54,139.745,151.495,164.3562,0.2596
tbn,544,0,55,140.005,151.445,173.6602,0.2717
tbn,544,0,56,140.29,151.445,5.7103,0.3015
tbn,544,0,57,140.58,151.5,15.9429,0.2912
tbn,544,0,58,140.85,151.6,24.7747,0.2863
tbn,544,0,59,141.09,151.745,37.6963,0.278
tbn,544,0,60,141.29,151.935,49.3987,0.2766
tbn,544,0,61,141.45,152.16,59.7458,0.2779
tbn,544,0,62,141.56,152.42,74.0542,0.2912
tbn,544,0,63,141.615,152.715,84.4726,0.3114
tbn,544,0,64,141.62,153.005,94.2342,0.2707
tbn,544,0,65,141.575,153.265,105.6438,0.2596
tbn,544,0,66,141.49,153.495,115.4622,0.2326
tbn,544,0,67,141.37,153.69,127.8713,0.2281
tbn,544,0,68,141.215,153.855,138.5797,0.2267
tbn,544,0,69,141.03,154.0,145.0106,0.2441
tbn,544,0,70,140.82,154.13,151.3907,0.2506
tbn,544,0,71,140.59,154.24,157.3781,0.26
tbn,544,0,72,140.305,154.355,158.4979,0.3547
tbn,544,0,73,140.03,154.475,153.4318,0.246
tbn,544,0,74,139.82,154.6,145.0106,0.2441
tbn,544,0,75,139.675,154.71,138.364,0.1204
tbn,544,0,76,139.595,154.805,122.4717,0.1304
tbn,544,0,77,139.54,154.915,109.9895,0.117
tbn,544,0,78,139.51,155.035,98.7411,0.1315
tbn,544,0,79,139.51,155.175,82.4107,0.1514
tbn,544,0,80,139.545,155.315,68.9575,0.1393
tbn,544,0,81,139.61,155.44,56.315,0.1442
tbn,544,0,82,139.7,155.545,41.9843,0.1345
tbn,544,0,83,139.875,155.66,29.2461,0.2865
tbn,544,0,84,140.135,155.75,8.4291,0.2729
tbn,544,0,85,140.39,155.76,175.2391,0.2408
tbn,544,0,86,140.605,155.705,154.6475,0.2103
tbn,544,0,87,140.785,155.59,140.5304,0.2202
tbn,544,0,88,140.94,155.425,126.3839,0.236
tbn,544,0,89,141.245,155.47,30.784,0.5471
tbn,545,0,0,101.295,459.365,32.7944,4.0803
tbn,545,0,1,99.715,458.045,122.1251,0.5077
tbn,545,0,2,101.785,459.075,32.7577,4.6019
tbn,545,0,3,103.45,460.74,122.7354,0.9986
tbn,545,0,4,102.875,461.155,0.9401,0.6101
tbn,545,0,5,102.79,460.81,122.9057,0.8099
tbn,546,0,0,104.72,455.84,32.9052,3.6447
tbn,546,0,1,103.75,456.875,178.9687,5.0008
tbn,546,0,2,101.87,455.965,122.9923,2.2772
tbn,546,0,3,102.2,454.825,32.5357,0.688
tbn,546,0,4,102.05,454.425,123.071,0.5131
tbn,546,0,5,102.475,454.395,32.9882,0.6796
tbn,546,0,6,102.905,454.355,122.7998,0.5353
tbn,546,0,7,103.265,454.27,33.0705,0.5131
tbn,546,0,8,103.335,454.63,123.3885,0.527
tbn,546,1,0,102.56,455.83,123.2065,1.3147
tbn,546,1,1,103.355,456.355,178.7599,2.3105
tbn,546,1,2,104.515,456.325,135.0219,0.0141
tbn,546,1,3,103.72,455.8,33.0241,1.9083
tbn,547,0,0,105.185,453.545,1.1381,4.5309
tbn,547,0,1,102.91,453.23,87.8785,0.5404
tbn,547,0,2,105.645,453.02,1.2523,5.4913
tbn,547,0,3,107.49,454.475,122.8286,3.3203
tbn,547,0,4,106.375,455.73,33.0705,0.5131
tbn,547,0,5,106.805,454.59,122.822,2.3799
tbn,548,0,0,105.425,450.27,131.9843,0.1345
tbn,548,0,1,105.32,450.345,157.3856,0.13
tbn,548,0,2,105.195,450.37,0.0,0.13
tbn,548,0,3,105.065,450.345,21.0321,0.1393
tbn,548,0,4,104.95,450.275,41.9913,0.1345
tbn,548,0,5,104.875,450.17,67.3781,0.13
tbn,548,0,6,104.85,450.045,90.0,0.13
tbn,548,0,7,104.875,449.915,111.0402,0.1393
tbn,548,0,8,104.945,449.805,134.9951,0.1273
tbn,548,0,9,105.05,449.735,157.3856,0.13
tbn,548,0,10,105.175,449.705,175.5969,0.1304
tbn,548,0,11,105.305,449.725,21.038,0.1393
tbn,548,0,12,105.42,449.795,41.9865,0.1345
tbn,548,0,13,105.495,449.905,68.962,0.1393
tbn,548,0,14,105.52,450.035,90.0,0.13
tbn,548,0,15,105.495,450.16,112.6219,0.13
tbn,549,0,0,108.07,449.08,1.0095,4.5407
tbn,549,0,1,105.79,448.765,87.9178,0.5504
tbn,549,0,2,108.525,448.555,1.3565,5.4915
tbn,549,0,3,110.37,450.01,122.9224,3.3119
tbn,549,0,4,109.255,451.265,32.1254,0.5077
tbn,549,0,5,109.69,450.125,122.8936,2.3938
tbn,550,0,0,111.825,447.705,133.0912,0.4245
tbn,550,0,1,111.5,447.94,156.0371,0.394
tbn,550,0,2,111.125,448.02,0.0,0.39
tbn,550,0,3,110.735,447.935,23.5521,0.4254
tbn,550,0,4,110.385,447.705,43.0919,0.4245
tbn,550,0,5,110.15,447.385,65.4318,0.3848
tbn,550,0,6,110.065,447.015,88.5309,0.3901
tbn,550,0,7,110.145,446.625,113.553,0.4254
tbn,550,0,8,110.375,446.27,132.1839,0.4319
tbn,550,0,9,110.7,446.03,156.0371,0.394
tbn,550,0,10,111.075,445.95,0.0,0.39
tbn,550,0,11,111.465,446.03,22.3067,0.4215
tbn,550,0,12,111.815,446.255,43.0919,0.4245
tbn,550,0,13,112.05,446.58,66.0371,0.394
tbn,550,0,14,112.135,446.955,88.532,0.3901
tbn,550,0,15,112.055,447.35,113.0256,0.4346
tbn,550,1,0,110.59,446.79,111.8022,0.2154
tbn,550,1,1,110.55,446.995,90.0,0.21
tbn,550,1,2,110.595,447.195,64.655,0.2102
tbn,550,1,3,110.715,447.37,46.8452,0.2193
tbn,550,1,4,110.895,447.49,20.855,0.2247
tbn,550,1,5,111.11,447.53,0.0,0.22
tbn,550,1,6,111.32,447.485,155.7728,0.2193
tbn,550,1,7,111.495,447.365,135.0015,0.2121
tbn,550,1,8,111.61,447.185,110.8543,0.2247
tbn,550,1,9,111.645,446.975,87.273,0.2102
tbn,550,1,10,111.6,446.77,68.1993,0.2154
tbn,550,1,11,111.48,446.59,44.9986,0.2263
tbn,550,1,12,111.295,446.47,20.855,0.2247
tbn,550,1,13,111.085,446.435,177.2752,0.2102
tbn,550,1,14,110.88,446.485,155.7736,0.2193
tbn,550,1,15,110.705,446.61,133.1506,0.2193
tbn,551,0,0,204.675,299.295,122.9033,0.2025
tbn,551,0,1,204.765,299.12,111.2491,0.1931
tbn,551,0,2,204.815,298.945,100.0136,0.1726
tbn,551,0,3,204.83,298.77,90.0,0.18
tbn,551,0,4,204.805,298.595,73.608,0.1772
tbn,551,0,5,204.735,298.435,59.0362,0.1749
tbn,551,0,6,204.63,298.285,51.3423,0.1921
tbn,551,0,7,204.485,298.145,37.4002,0.214
tbn,551,0,8,204.32,298.04,26.5694,0.1789
tbn,551,0,9,204.155,297.975,16.3859,0.1772
tbn,551,0,10,203.985,297.94,6.7164,0.1712
tbn,551,0,11,203.815,297.94,173.2836,0.1712
tbn,551,0,12,203.65,297.97,165.9715,0.1649
tbn,551,0,13,203.495,298.035,149.0277,0.1749
tbn,551,0,14,203.35,298.135,141.8464,0.178
tbn,551,0,15,203.225,298.265,126.2551,0.186
tbn,551,0,16,203.13,298.41,119.7429,0.1613
tbn,551,0,17,203.065,298.555,108.4367,0.1581
tbn,551,0,18,203.025,298.71,100.619,0.1628
tbn,551,0,19,203.01,298.865,90.0,0.15
tbn,551,0,20,203.025,299.015,78.6901,0.153
tbn,551,0,21,203.065,299.16,70.347,0.1487
tbn,551,0,22,203.135,299.3,57.2629,0.1664
tbn,551,0,23,203.24,299.425,42.5157,0.1628
tbn,551,0,24,203.145,299.715,123.4075,0.563
tbn,551,0,25,202.89,299.86,41.9865,0.2691
tbn,551,0,26,202.715,299.665,54.4663,0.2581
tbn,551,0,27,202.585,299.445,64.438,0.2549
tbn,551,0,28,202.505,299.21,78.232,0.2452
tbn,551,0,29,202.475,298.96,87.7984,0.2602
tbn,551,0,30,202.49,298.705,99.0888,0.2532
tbn,551,0,31,202.55,298.455,107.7451,0.2625
tbn,551,0,32,202.655,298.215,119.4756,0.2642
tbn,551,0,33,202.81,297.98,126.8699,0.3
tbn,551,0,34,203.005,297.76,136.3963,0.29
tbn,551,0,35,203.225,297.59,148.6737,0.2692
tbn,551,0,36,203.465,297.475,160.1957,0.2657
tbn,551,0,37,203.72,297.415,173.4182,0.2617
tbn,551,0,38,203.98,297.41,4.4028,0.2608
tbn,551,0,39,204.25,297.46,15.9429,0.2912
tbn,551,0,40,204.525,297.57,27.411,0.3041
tbn,551,0,41,204.735,297.695,36.2485,0.186
tbn,551,0,42,204.875,297.805,40.2394,0.1703
tbn,551,0,43,204.995,297.925,49.7618,0.1703
tbn,551,0,44,205.1,298.06,54.4635,0.1721
tbn,551,0,45,205.185,298.205,64.9799,0.1655
tbn,551,0,46,205.245,298.36,72.6503,0.1676
tbn,551,0,47,205.285,298.525,79.9932,0.1726
tbn,551,0,48,205.3,298.695,90.0,0.17
tbn,551,0,49,205.445,298.74,164.5807,0.3008
tbn,551,0,50,205.74,298.695,178.089,0.3002
tbn,551,0,51,205.965,298.705,11.3099,0.153
tbn,551,0,52,206.11,298.74,15.9487,0.1456
tbn,551,0,53,206.255,298.795,25.0179,0.1655
tbn,551,0,54,206.4,298.87,29.7408,0.1612
tbn,551,0,55,206.58,298.995,37.6963,0.278
tbn,551,0,56,206.775,299.18,49.6332,0.2625
tbn,551,0,57,206.915,299.385,62.3529,0.2371
tbn,551,0,58,207.005,299.605,73.0751,0.2404
tbn,551,0,59,207.05,299.84,85.2352,0.2408
tbn,551,0,60,207.045,300.08,97.1241,0.2419
tbn,551,0,61,206.99,300.32,108.436,0.253
tbn,551,0,62,206.885,300.56,118.4448,0.2729
tbn,551,0,63,206.74,300.79,126.0278,0.272
tbn,551,0,64,206.57,300.985,136.6332,0.2476
tbn,551,0,65,206.38,301.135,146.9747,0.2385
tbn,551,0,66,206.175,301.245,156.8029,0.2285
tbn,551,0,67,205.96,301.31,169.6931,0.2236
tbn,551,0,68,205.73,301.33,0.0,0.24
tbn,551,0,69,205.485,301.305,11.314,0.255
tbn,551,0,70,205.23,301.23,21.038,0.2786
tbn,551,0,71,205.255,300.94,122.8566,0.5714
tbn,551,0,72,205.48,300.725,19.6495,0.1487
tbn,551,0,73,205.62,300.765,12.0931,0.1432
tbn,551,0,74,205.755,300.78,0.0,0.13
tbn,551,0,75,205.885,300.765,167.0064,0.1334
tbn,551,0,76,206.01,300.73,161.5607,0.1265
tbn,551,0,77,206.13,300.67,146.3167,0.1442
tbn,551,0,78,206.24,300.585,138.0113,0.1345
tbn,551,0,79,206.335,300.48,126.8699,0.15
tbn,551,0,80,206.42,300.345,118.074,0.17
tbn,551,0,81,206.485,300.195,108.4332,0.1581
tbn,551,0,82,206.515,300.045,93.8121,0.1503
tbn,551,0,83,206.515,299.895,86.1879,0.1503
tbn,551,0,84,206.485,299.745,71.5633,0.1581
tbn,551,0,85,206.425,299.605,61.7029,0.1476
tbn,551,0,86,206.34,299.48,50.1916,0.1562
tbn,551,0,87,206.225,299.365,40.2394,0.1703
tbn,551,0,88,206.07,299.27,23.9598,0.197
tbn,551,0,89,205.9,299.205,17.3596,0.1676
tbn,551,0,90,205.745,299.185,176.1821,0.1503
tbn,551,0,91,205.595,299.21,165.0664,0.1553
tbn,551,0,92,205.455,299.265,151.6948,0.1476
tbn,551,0,93,205.325,299.35,142.4392,0.164
tbn,551,0,94,205.205,299.465,130.2355,0.1703
tbn,551,0,95,205.095,299.6,128.1545,0.1781
tbn,551,0,96,204.83,299.525,34.6251,0.5104
tbn,552,0,0,206.175,295.575,174.5482,2.421
tbn,552,0,1,207.51,295.46,0.0,0.26
tbn,552,0,2,207.765,295.485,11.314,0.255
tbn,552,0,3,208.015,295.555,19.7981,0.2657
tbn,552,0,4,208.255,295.66,27.5523,0.2594
tbn,552,0,5,208.485,295.81,38.0446,0.2921
tbn,552,0,6,208.695,296.01,49.1847,0.2907
tbn,552,0,7,208.85,296.24,63.4379,0.2683
tbn,552,0,8,208.95,296.485,72.2549,0.2625
tbn,552,0,9,209.0,296.745,85.7658,0.2707
tbn,552,0,10,208.995,297.01,96.5814,0.2617
tbn,552,0,11,208.94,297.275,106.5054,0.2816
tbn,552,0,12,208.835,297.535,117.4726,0.2818
tbn,552,0,13,208.68,297.78,126.8722,0.3
tbn,552,0,14,208.485,297.995,137.8609,0.2832
tbn,552,0,15,208.265,298.16,148.6699,0.2693
tbn,552,0,16,208.03,298.27,161.5672,0.253
tbn,552,0,17,207.78,298.33,171.2523,0.2631
tbn,552,0,18,207.515,298.34,4.2342,0.2707
tbn,552,0,19,207.24,298.295,14.0377,0.2886
tbn,552,0,20,206.96,298.205,21.4506,0.3008
tbn,552,0,21,206.975,297.905,122.3199,0.5798
tbn,552,0,22,207.21,297.695,23.6311,0.1746
tbn,552,0,23,207.375,297.75,13.2336,0.1746
tbn,552,0,24,207.545,297.775,3.3698,0.1703
tbn,552,0,25,207.715,297.77,173.2937,0.1712
tbn,552,0,26,207.88,297.735,162.6404,0.1676
tbn,552,0,27,208.03,297.67,150.2592,0.1612
tbn,552,0,28,208.165,297.575,139.7573,0.1703
tbn,552,0,29,208.285,297.455,130.2421,0.1703
tbn,552,0,30,208.38,297.31,116.5651,0.1789
tbn,552,0,31,208.445,297.145,106.3893,0.1772
tbn,552,0,32,208.475,296.97,93.1782,0.1803
tbn,552,0,33,208.47,296.795,83.2943,0.1712
tbn,552,0,34,208.435,296.625,73.608,0.1772
tbn,552,0,35,208.37,296.465,61.926,0.17
tbn,552,0,36,208.275,296.32,51.8455,0.1781
tbn,552,0,37,208.145,296.19,38.6598,0.1921
tbn,552,0,38,207.965,296.085,23.1971,0.2285
tbn,552,0,39,207.74,296.02,9.4641,0.2433
tbn,552,0,40,207.5,296.0,0.0,0.24
tbn,552,0,41,207.26,296.01,175.2391,0.2408
tbn,552,0,42,205.54,296.19,173.9346,3.218
tbn,552,0,43,204.735,295.125,122.7703,2.9375
tbn,552,0,44,205.745,294.025,32.1235,0.5077
tbn,552,0,45,205.465,294.925,122.9054,1.8224
tbn,553,0,0,208.3,293.585,1.1356,4.5409
tbn,553,0,1,206.02,293.265,87.9171,0.5504
tbn,553,0,2,208.755,293.055,1.3565,5.4915
tbn,553,0,3,210.6,294.515,122.8283,3.3203
tbn,553,0,4,209.485,295.77,33.0701,0.5131
tbn,553,0,5,209.92,294.63,123.0239,2.3854
tbn,554,0,0,208.535,290.305,135.0,0.1273
tbn,554,0,1,208.43,290.38,153.4379,0.1342
tbn,554,0,2,208.305,290.41,0.0,0.13
tbn,554,0,3,208.175,290.385,21.0321,0.1393
tbn,554,0,4,208.065,290.315,45.0,0.1273
tbn,554,0,5,207.995,290.21,67.3781,0.13
tbn,554,0,6,207.965,290.085,85.6039,0.1304
tbn,554,0,7,207.985,289.955,111.0321,0.1393
tbn,554,0,8,208.06,289.84,135.0,0.1414
tbn,554,0,9,208.17,289.765,157.3843,0.13
tbn,554,0,10,208.295,289.74,0.0,0.13
tbn,554,0,11,208.42,289.765,22.6157,0.13
tbn,554,0,12,208.53,289.835,41.9843,0.1345
tbn,554,0,13,208.605,289.94,67.3781,0.13
tbn,554,0,14,208.63,290.065,90.0,0.13
tbn,554,0,15,208.605,290.195,111.038,0.1393
tbn,555,0,0,211.18,289.115,1.1356,4.5409
tbn,555,0,1,208.9,288.8,87.8785,0.5404
tbn,555,0,2,211.635,288.59,1.2521,5.4913
tbn,555,0,3,213.48,290.045,122.8283,3.3203
tbn,555,0,4,212.365,291.3,33.0701,0.5131
tbn,555,0,5,212.8,290.16,123.0239,2.3854
tbn,556,0,0,214.935,287.745,133.0904,0.4245
tbn,556,0,1,214.61,287.975,157.381,0.39
tbn,556,0,2,214.235,288.05,0.0,0.39
tbn,556,0,3,213.845,287.97,22.3067,0.4215
tbn,556,0,4,213.495,287.745,43.0875,0.4245
tbn,556,0,5,213.26,287.42,66.04,0.394
tbn,556,0,6,213.18,287.045,90.0,0.39
tbn,556,0,7,213.26,286.655,112.304,0.4216
tbn,556,0,8,213.485,286.305,133.0919,0.4245
tbn,556,0,9,213.81,286.065,154.7245,0.3981
tbn,556,0,10,214.185,285.98,0.0,0.39
tbn,556,0,11,214.575,286.065,23.5502,0.4254
tbn,556,0,12,214.925,286.295,43.0919,0.4245
tbn,556,0,13,215.16,286.615,65.4327,0.3848
tbn,556,0,14,215.245,286.99,88.5687,0.4001
tbn,556,0,15,215.165,287.39,113.0256,0.4346
tbn,556,1,0,213.7,286.82,111.8037,0.2154
tbn,556,1,1,213.665,287.025,87.2755,0.2103
tbn,556,1,2,213.71,287.23,68.1963,0.2154
tbn,556,1,3,213.83,287.41,45.0,0.2263
tbn,556,1,4,214.01,287.53,21.8059,0.2154
tbn,556,1,5,214.22,287.565,177.3949,0.2202
tbn,556,1,6,214.43,287.52,158.2016,0.2154
tbn,556,1,7,214.605,287.405,134.9971,0.2122
tbn,556,1,8,214.72,287.225,110.852,0.2247
tbn,556,1,9,214.76,287.01,90.0,0.22
tbn,556,1,10,214.715,286.8,65.7744,0.2193
tbn,556,1,11,214.59,286.625,43.1506,0.2193
tbn,556,1,12,214.41,286.51,21.7984,0.2154
tbn,556,1,13,214.2,286.47,0.0,0.22
tbn,556,1,14,213.995,286.515,154.6532,0.2102
tbn,556,1,15,213.82,286.64,135.0,0.2263
tbn,557,0,0,23.03,502.405,90.0,4.09
tbn,557,0,1,23.29,500.36,0.0,0.52
tbn,557,0,2,23.55,502.66,90.0,4.6
tbn,557,0,3,23.05,504.96,0.0,1.0
tbn,557,0,4,22.39,504.705,57.8939,0.6021
tbn,557,0,5,22.63,504.45,0.0,0.8
tbn,558,0,0,27.21,501.82,51.7099,2.4207
tbn,558,0,1,28.03,502.88,57.5291,0.2608
tbn,558,0,2,28.15,503.11,67.3799,0.26
tbn,558,0,3,28.23,503.355,76.5044,0.2571
tbn,558,0,4,28.27,503.61,85.6012,0.2608
tbn,558,0,5,28.265,503.89,95.7104,0.3015
tbn,558,0,6,28.21,504.175,106.5045,0.2816
tbn,558,0,7,28.105,504.425,119.4762,0.2642
tbn,558,0,8,27.955,504.645,128.9911,0.2702
tbn,558,0,9,27.765,504.83,142.6953,0.264
tbn,558,0,10,27.535,504.97,154.3585,0.2773
tbn,558,0,11,27.28,505.07,162.8985,0.272
tbn,558,0,12,27.005,505.12,176.054,0.2907
tbn,558,0,13,26.71,505.12,3.8149,0.3007
tbn,558,0,14,26.425,505.07,16.5032,0.2816
tbn,558,0,15,26.17,504.975,24.6237,0.264
tbn,558,0,16,25.95,504.84,38.6603,0.2561
tbn,558,0,17,25.765,504.66,49.635,0.2625
tbn,558,0,18,25.615,504.44,61.5578,0.273
tbn,558,0,19,25.5,504.19,68.962,0.2786
tbn,558,0,20,25.425,503.91,80.5379,0.3041
tbn,558,0,21,25.685,503.76,0.0,0.57
tbn,558,0,22,25.985,503.845,79.9917,0.1726
tbn,558,0,23,26.03,504.01,69.4446,0.1709
tbn,558,0,24,26.1,504.165,61.9278,0.17
tbn,558,0,25,26.195,504.305,49.7629,0.1703
tbn,558,0,26,26.315,504.42,37.5683,0.164
tbn,558,0,27,26.455,504.51,28.0731,0.17
tbn,558,0,28,26.61,504.575,17.355,0.1676
tbn,558,0,29,26.775,504.61,6.7087,0.1712
tbn,558,0,30,26.95,504.61,173.6609,0.1811
tbn,558,0,31,27.125,504.575,163.6095,0.1772
tbn,558,0,32,27.285,504.51,151.9269,0.17
tbn,558,0,33,27.43,504.415,141.8429,0.178
tbn,558,0,34,27.555,504.29,128.157,0.178
tbn,558,0,35,27.65,504.145,118.0722,0.17
tbn,558,0,36,27.72,503.985,109.4406,0.1803
tbn,558,0,37,27.76,503.81,96.3397,0.1811
tbn,558,0,38,27.75,503.605,80.1343,0.2334
tbn,558,0,39,27.685,503.38,67.7511,0.2377
tbn,558,0,40,27.57,503.165,56.3099,0.2524
tbn,558,0,41,27.43,502.965,53.6157,0.236
tbn,558,0,42,26.35,501.615,51.1736,3.2219
tbn,558,0,43,26.81,500.36,0.0,2.94
tbn,558,0,44,28.28,500.615,90.0,0.51
tbn,558,0,45,27.37,500.87,0.0,1.82
tbn,559,0,0,30.355,502.58,0.0,0.21
tbn,559,0,1,30.555,502.56,168.1111,0.1942
tbn,559,0,2,30.73,502.505,156.3707,0.1746
tbn,559,0,3,30.88,502.42,144.463,0.172
tbn,559,0,4,31.01,502.305,132.7097,0.1769
tbn,559,0,5,31.11,502.16,116.5645,0.1789
tbn,559,0,6,31.18,501.99,108.4348,0.1897
tbn,559,0,7,31.22,501.795,95.4405,0.2109
tbn,559,0,8,31.22,501.6,83.6597,0.1811
tbn,559,0,9,31.185,501.425,73.6105,0.1772
tbn,559,0,10,31.12,501.265,61.9278,0.17
tbn,559,0,11,31.03,501.12,54.4621,0.172
tbn,559,0,12,30.915,500.995,40.2367,0.1703
tbn,559,0,13,30.775,500.9,28.0731,0.17
tbn,559,0,14,30.615,500.835,16.3881,0.1772
tbn,559,0,15,30.435,500.8,6.0103,0.1911
tbn,559,0,16,30.26,500.795,176.4229,0.1603
tbn,559,0,17,30.105,500.82,165.0682,0.1552
tbn,559,0,18,29.955,500.87,158.1996,0.1616
tbn,559,0,19,29.815,500.945,145.3035,0.1581
tbn,559,0,20,29.695,501.04,137.7269,0.1487
tbn,559,0,21,29.595,501.155,124.6958,0.1581
tbn,559,0,22,29.52,501.29,113.1985,0.1523
tbn,559,0,23,29.47,501.44,104.0356,0.1649
tbn,559,0,24,29.17,501.52,0.0,0.56
tbn,559,0,25,28.91,501.385,98.427,0.273
tbn,559,0,26,28.98,501.13,112.6201,0.26
tbn,559,0,27,29.095,500.905,121.7594,0.247
tbn,559,0,28,29.25,500.71,135.0,0.2546
tbn,559,0,29,29.445,500.545,144.4619,0.2581
tbn,559,0,30,29.665,500.42,156.5019,0.2508
tbn,559,0,31,29.905,500.335,164.3578,0.2596
tbn,559,0,32,30.165,500.29,175.7627,0.2707
tbn,559,0,33,30.45,500.29,3.8149,0.3007
tbn,559,0,34,30.74,500.335,14.0362,0.2886
tbn,559,0,35,31.0,500.43,26.5654,0.2683
tbn,559,0,36,31.225,500.57,37.3034,0.264
tbn,559,0,37,31.415,500.75,49.635,0.2625
tbn,559,0,38,31.565,500.97,61.5578,0.273
tbn,559,0,39,31.67,501.225,73.4955,0.2816
tbn,559,0,40,31.725,501.515,84.4723,0.3114
tbn,559,0,41,31.735,501.76,93.1799,0.1803
tbn,559,0,42,31.715,501.935,100.0072,0.1726
tbn,559,0,43,31.68,502.105,103.2409,0.1746
tbn,559,0,44,31.625,502.265,115.0166,0.1655
tbn,559,0,45,31.55,502.41,119.745,0.1612
tbn,559,0,46,31.455,502.545,130.2371,0.1703
tbn,559,0,47,31.335,502.665,139.7633,0.1703
tbn,559,0,48,31.195,502.77,146.3103,0.1803
tbn,559,0,49,31.235,502.92,41.0098,0.3048
tbn,559,0,50,31.435,503.145,55.7843,0.3023
tbn,559,0,51,31.55,503.34,66.8015,0.1523
tbn,559,0,52,31.6,503.485,75.0684,0.1552
tbn,559,0,53,31.63,503.635,82.4056,0.1513
tbn,559,0,54,31.645,503.795,86.6336,0.1703
tbn,559,0,55,31.64,504.02,94.0857,0.2807
tbn,559,0,56,31.59,504.28,108.4351,0.253
tbn,559,0,57,31.495,504.505,117.6458,0.2371
tbn,559,0,58,31.36,504.7,131.6335,0.2408
tbn,559,0,59,31.185,504.865,141.7096,0.2421
tbn,559,0,60,30.98,504.99,155.5563,0.2417
tbn,559,0,61,30.745,505.075,164.3578,0.2596
tbn,559,0,62,30.49,505.12,175.6004,0.2608
tbn,559,0,63,30.225,505.12,4.2373,0.2707
tbn,559,0,64,29.965,505.085,11.3089,0.255
tbn,559,0,65,29.73,505.01,24.4453,0.2417
tbn,559,0,66,29.53,504.895,35.837,0.222
tbn,559,0,67,29.36,504.745,46.7354,0.2335
tbn,559,0,68,29.215,504.56,56.9765,0.2385
tbn,559,0,69,29.105,504.345,68.629,0.247
tbn,559,0,70,29.03,504.095,77.4715,0.2766
tbn,559,0,71,29.285,503.96,0.0,0.57
tbn,559,0,72,29.59,504.03,74.0542,0.1456
tbn,559,0,73,29.635,504.165,68.9635,0.1393
tbn,559,0,74,29.695,504.285,57.5291,0.1304
tbn,559,0,75,29.775,504.39,48.0123,0.1345
tbn,559,0,76,29.875,504.48,36.0278,0.136
tbn,559,0,77,29.99,504.545,22.6182,0.13
tbn,559,0,78,30.12,504.59,15.9456,0.1456
tbn,559,0,79,30.265,504.615,3.8149,0.1503
tbn,559,0,80,30.425,504.615,176.6328,0.1703
tbn,559,0,81,30.585,504.585,161.5666,0.1581
tbn,559,0,82,30.73,504.525,153.4349,0.1565
tbn,559,0,83,30.855,504.445,140.7095,0.1421
tbn,559,0,84,30.96,504.34,129.805,0.1562
tbn,559,0,85,31.045,504.215,118.3012,0.1476
tbn,559,0,86,31.105,504.075,108.4345,0.1581
tbn,559,0,87,31.135,503.915,93.3666,0.1703
tbn,559,0,88,31.13,503.735,83.9915,0.1911
tbn,559,0,89,31.095,503.56,72.6452,0.1676
tbn,559,0,90,31.03,503.415,58.3935,0.1526
tbn,559,0,91,30.93,503.3,39.8054,0.1562
tbn,559,0,92,30.805,503.215,28.3005,0.1476
tbn,559,0,93,30.665,503.155,18.4334,0.1581
tbn,559,0,94,30.505,503.115,10.0101,0.1726
tbn,559,0,95,30.325,503.095,3.0111,0.1903
tbn,559,0,96,30.24,502.835,92.2458,0.5104
tbn,560,0,0,32.915,500.945,12.994,0.1334
tbn,560,0,1,32.795,500.895,32.4709,0.1304
tbn,560,0,2,32.705,500.805,57.5291,0.1304
tbn,560,0,3,32.655,500.685,77.0056,0.1334
tbn,560,0,4,32.655,500.555,102.9936,0.1334
tbn,560,0,5,32.705,500.435,122.4709,0.1304
tbn,560,0,6,32.795,500.345,147.5291,0.1304
tbn,560,0,7,32.915,500.295,167.006,0.1334
tbn,560,0,8,33.045,500.295,12.994,0.1334
tbn,560,0,9,33.165,500.345,32.4709,0.1304
tbn,560,0,10,33.26,500.435,53.9735,0.136
tbn,560,0,11,33.31,500.555,81.254,0.1315
tbn,560,0,12,33.31,500.685,98.7465,0.1315
tbn,560,0,13,33.26,500.805,126.0265,0.136
tbn,560,0,14,33.165,500.895,147.5291,0.1304
tbn,560,0,15,33.045,500.945,167.006,0.1334
tbn,561,0,0,35.35,502.52,58.3428,4.5348
tbn,561,0,1,34.38,500.435,144.8339,0.5382
tbn,561,0,2,36.04,502.62,58.3925,5.4952
tbn,561,0,3,35.82,504.96,0.0,3.32
tbn,561,0,4,34.16,504.705,90.0,0.51
tbn,561,0,5,35.35,504.45,0.0,2.38
tbn,562,0,0,40.62,504.705,90.0,0.51
tbn,562,0,1,39.71,504.96,0.0,1.82
tbn,562,0,2,38.445,503.78,73.2562,2.4645
tbn,562,0,3,38.145,502.6,0.0,0.11
tbn,562,0,4,38.29,502.685,43.3631,0.2476
tbn,562,0,5,38.485,502.835,31.7586,0.247
tbn,562,0,6,38.705,502.94,19.1795,0.2435
tbn,562,0,7,38.945,502.99,4.5749,0.2508
tbn,562,0,8,39.175,502.99,174.5585,0.2109
tbn,562,0,9,39.385,502.95,164.0552,0.2184
tbn,562,0,10,39.585,502.865,149.9316,0.2195
tbn,562,0,11,39.76,502.745,140.9067,0.2062
tbn,562,0,12,39.91,502.6,131.1852,0.2126
tbn,562,0,13,40.03,502.425,117.7579,0.2147
tbn,562,0,14,40.115,502.23,109.2902,0.2119
tbn,562,0,15,40.16,502.025,95.4405,0.2109
tbn,562,0,16,40.16,501.805,85.0302,0.2309
tbn,562,0,17,40.115,501.585,71.5651,0.2214
tbn,562,0,18,40.03,501.385,62.2421,0.2147
tbn,562,0,19,39.915,501.205,52.5941,0.214
tbn,562,0,20,39.765,501.05,39.4726,0.2202
tbn,562,0,21,39.585,500.93,27.7579,0.2147
tbn,562,0,22,39.385,500.845,18.4349,0.2214
tbn,562,0,23,39.165,500.8,4.9708,0.2309
tbn,562,0,24,38.975,500.795,176.1852,0.1503
tbn,562,0,25,38.82,500.82,165.9634,0.1649
tbn,562,0,26,38.665,500.87,158.1991,0.1616
tbn,562,0,27,38.515,500.94,151.9272,0.17
tbn,562,0,28,38.375,501.03,142.4321,0.164
tbn,562,0,29,38.25,501.14,134.9991,0.1697
tbn,562,0,30,38.145,501.265,124.6958,0.1581
tbn,562,0,31,38.065,501.4,116.5651,0.1565
tbn,562,0,32,37.815,501.27,42.9295,0.5873
tbn,562,0,33,37.66,500.98,123.6898,0.2163
tbn,562,0,34,37.785,500.815,130.9143,0.1985
tbn,562,0,35,37.935,500.67,140.528,0.2202
tbn,562,0,36,38.105,500.545,147.0943,0.2025
tbn,562,0,37,38.29,500.445,155.7714,0.2193
tbn,562,0,38,38.49,500.365,160.7101,0.2119
tbn,562,0,39,38.695,500.31,169.2154,0.2138
tbn,562,0,40,38.905,500.285,177.2752,0.2102
tbn,562,0,41,39.1,500.285,3.1781,0.1803
tbn,562,0,42,39.27,500.3,7.1265,0.1612
tbn,562,0,43,39.435,500.33,13.2407,0.1746
tbn,562,0,44,39.595,500.375,18.4336,0.1581
tbn,562,0,45,39.815,500.47,25.7692,0.322
tbn,562,0,46,40.08,500.635,38.3676,0.3061
tbn,562,0,47,40.3,500.845,48.9918,0.3048
tbn,562,0,48,40.475,501.1,61.8211,0.3176
tbn,562,0,49,40.58,501.315,68.1983,0.1616
tbn,562,0,50,40.63,501.47,75.9644,0.1649
tbn,562,0,51,40.66,501.635,83.2899,0.1712
tbn,562,0,52,40.675,501.81,86.8195,0.1803
tbn,562,0,53,40.665,502.055,95.5279,0.3115
tbn,562,0,54,40.615,502.36,103.1342,0.3081
tbn,562,0,55,40.52,502.645,113.962,0.2955
tbn,562,0,56,40.375,502.9,125.3118,0.2941
tbn,562,0,57,40.19,503.125,133.6025,0.29
tbn,562,0,58,39.965,503.305,149.036,0.2915
tbn,562,0,59,39.77,503.41,156.8022,0.1523
tbn,562,0,60,39.63,503.46,164.0546,0.1456
tbn,562,0,61,39.48,503.495,169.3808,0.1628
tbn,562,0,62,39.32,503.51,0.0,0.16
tbn,562,0,63,39.075,503.505,1.7348,0.3301
tbn,562,0,64,39.055,503.975,73.0244,0.9933
tbn,562,0,65,39.91,504.45,0.0,1.42
tbn,563,0,0,46.695,501.82,51.5246,2.427
tbn,563,0,1,47.515,502.88,59.4207,0.2555
tbn,563,0,2,47.63,503.11,67.3795,0.26
tbn,563,0,3,47.71,503.355,76.5048,0.2571
tbn,563,0,4,47.755,503.61,83.4175,0.2617
tbn,563,0,5,47.755,503.89,95.7112,0.3015
tbn,563,0,6,47.695,504.175,108.4347,0.2846
tbn,563,0,7,47.585,504.425,119.4758,0.2642
tbn,563,0,8,47.435,504.645,128.9914,0.2702
tbn,563,0,9,47.245,504.83,142.6953,0.264
tbn,563,0,10,47.02,504.97,153.4346,0.2683
tbn,563,0,11,46.765,505.07,163.4968,0.2816
tbn,563,0,12,46.49,505.12,175.9135,0.2807
tbn,563,0,13,46.2,505.12,3.8149,0.3007
tbn,563,0,14,45.915,505.07,16.5032,0.2816
tbn,563,0,15,45.66,504.975,24.6235,0.264
tbn,563,0,16,45.435,504.84,37.3047,0.264
tbn,563,0,17,45.245,504.66,49.6353,0.2625
tbn,563,0,18,45.095,504.44,61.5574,0.273
tbn,563,0,19,44.985,504.19,70.9061,0.2751
tbn,563,0,20,44.91,503.91,78.6899,0.3059
tbn,563,0,21,45.17,503.76,0.0,0.58
tbn,563,0,22,45.475,503.845,79.9923,0.1726
tbn,563,0,23,45.515,504.01,72.6466,0.1676
tbn,563,0,24,45.585,504.165,59.0365,0.1749
tbn,563,0,25,45.685,504.305,49.7629,0.1703
tbn,563,0,26,45.805,504.42,37.5679,0.164
tbn,563,0,27,45.94,504.51,29.7456,0.1612
tbn,563,0,28,46.09,504.575,17.355,0.1676
tbn,563,0,29,46.26,504.61,6.3391,0.1811
tbn,563,0,30,46.435,504.61,173.2914,0.1712
tbn,563,0,31,46.605,504.575,163.6093,0.1772
tbn,563,0,32,46.765,504.51,151.9272,0.17
tbn,563,0,33,46.91,504.415,141.8425,0.178
tbn,563,0,34,47.035,504.29,128.1575,0.178
tbn,563,0,35,47.135,504.145,120.9635,0.1749
tbn,563,0,36,47.205,503.985,106.3895,0.1772
tbn,563,0,37,47.24,503.81,96.3403,0.1811
tbn,563,0,38,47.235,503.605,82.5678,0.2319
tbn,563,0,39,47.17,503.38,65.5565,0.2417
tbn,563,0,40,47.055,503.165,58.2402,0.247
tbn,563,0,41,46.915,502.965,51.7106,0.2421
tbn,563,0,42,45.83,501.615,51.1736,3.2219
tbn,563,0,43,46.295,500.36,0.0,2.95
tbn,563,0,44,47.77,500.615,90.0,0.51
tbn,563,0,45,46.855,500.87,0.0,1.83
tbn,564,0,0,51.25,504.705,90.0,0.51
tbn,564,0,1,50.34,504.96,0.0,1.82
tbn,564,0,2,49.075,503.78,73.2562,2.4645
tbn,564,0,3,48.775,502.6,0.0,0.11
tbn,564,0,4,48.915,502.685,45.0,0.2404
tbn,564,0,5,49.11,502.835,30.5786,0.2555
tbn,564,0,6,49.335,502.94,19.1795,0.2435
tbn,564,0,7,49.57,502.99,4.7647,0.2408
tbn,564,0,8,49.8,502.99,174.8045,0.2209
tbn,564,0,9,50.015,502.95,164.0552,0.2184
tbn,564,0,10,50.21,502.865,148.5703,0.211
tbn,564,0,11,50.385,502.745,142.5956,0.214
tbn,564,0,12,50.54,502.6,131.1852,0.2126
tbn,564,0,13,50.66,502.425,117.7579,0.2147
tbn,564,0,14,50.74,502.23,106.6998,0.2088
tbn,564,0,15,50.785,502.025,98.1298,0.2121
tbn,564,0,16,50.785,501.805,82.569,0.232
tbn,564,0,17,50.74,501.585,74.0542,0.2184
tbn,564,0,18,50.66,501.385,62.2421,0.2147
tbn,564,0,19,50.54,501.205,50.5274,0.2202
tbn,564,0,20,50.39,501.05,41.1858,0.2126
tbn,564,0,21,50.215,500.93,27.7579,0.2147
tbn,564,0,22,50.015,500.845,18.4349,0.2214
tbn,564,0,23,49.795,500.8,4.9708,0.2309
tbn,564,0,24,49.605,500.795,176.1852,0.1503
tbn,564,0,25,49.45,500.82,165.9634,0.1649
tbn,564,0,26,49.29,500.87,159.4447,0.1709
tbn,564,0,27,49.14,500.94,150.2544,0.1612
tbn,564,0,28,49.005,501.03,142.4321,0.164
tbn,564,0,29,48.88,501.14,134.9991,0.1697
tbn,564,0,30,48.775,501.265,124.6958,0.1581
tbn,564,0,31,48.695,501.4,116.5651,0.1565
tbn,564,0,32,48.445,501.27,42.9295,0.5873
tbn,564,0,33,48.285,500.98,121.4297,0.211
tbn,564,0,34,48.41,500.815,133.0247,0.2052
tbn,564,0,35,48.56,500.67,138.8142,0.2126
tbn,564,0,36,48.73,500.545,148.5703,0.211
tbn,564,0,37,48.915,500.445,154.6527,0.2102
tbn,564,0,38,49.115,500.365,161.5654,0.2214
tbn,564,0,39,49.325,500.31,169.2154,0.2138
tbn,564,0,40,49.535,500.285,177.2752,0.2102
tbn,564,0,41,49.725,500.285,3.3646,0.1703
tbn,564,0,42,49.895,500.3,6.7113,0.1712
tbn,564,0,43,50.065,500.33,13.2407,0.1746
tbn,564,0,44,50.225,500.375,18.4336,0.1581
tbn,564,0,45,50.44,500.47,26.5647,0.3131
tbn,564,0,46,50.705,500.635,37.2352,0.314
tbn,564,0,47,50.93,500.845,48.9918,0.3048
tbn,564,0,48,51.105,501.1,61.8211,0.3176
tbn,564,0,49,51.21,501.315,68.1983,0.1616
tbn,564,0,50,51.26,501.47,75.9644,0.1649
tbn,564,0,51,51.29,501.635,83.2899,0.1712
tbn,564,0,52,51.305,501.81,86.8195,0.1803
tbn,564,0,53,51.295,502.055,95.5279,0.3115
tbn,564,0,54,51.245,502.36,103.1342,0.3081
tbn,564,0,55,51.15,502.645,113.962,0.2955
tbn,564,0,56,51.005,502.9,125.3118,0.2941
tbn,564,0,57,50.82,503.125,133.6025,0.29
tbn,564,0,58,50.595,503.305,149.036,0.2915
tbn,564,0,59,50.4,503.41,156.8022,0.1523
tbn,564,0,60,50.255,503.46,165.0684,0.1552
tbn,564,0,61,50.105,503.495,168.6906,0.153
tbn,564,0,62,49.95,503.51,0.0,0.16
tbn,564,0,63,49.705,503.505,1.7348,0.3301
tbn,564,0,64,49.685,503.975,73.0244,0.9933
tbn,564,0,65,50.54,504.45,0.0,1.42
tbn,565,0,0,53.125,504.06,53.7346,2.6541
tbn,565,0,1,52.25,502.85,57.2646,0.3329
tbn,565,0,2,52.085,502.565,62.65,0.3265
tbn,565,0,3,51.98,502.34,69.4452,0.1709
tbn,565,0,4,51.93,502.18,75.9631,0.1649
tbn,565,0,5,51.895,502.02,79.381,0.1628
tbn,565,0,6,51.875,501.85,86.8195,0.1803
tbn,565,0,7,51.885,501.61,95.7112,0.3015
tbn,565,0,8,51.945,501.32,107.819,0.2941
tbn,565,0,9,52.065,501.055,120.9634,0.2915
tbn,565,0,10,52.23,500.82,129.2893,0.2843
tbn,565,0,11,52.43,500.62,140.7107,0.2843
tbn,565,0,12,52.67,500.46,151.6992,0.2953
tbn,565,0,13,52.935,500.35,163.4953,0.2816
tbn,565,0,14,53.22,500.295,174.2896,0.3015
tbn,565,0,15,53.52,500.295,5.7104,0.3015
tbn,565,0,16,53.81,500.355,17.8181,0.2941
tbn,565,0,17,54.08,500.47,28.3021,0.2953
tbn,565,0,18,54.315,500.63,40.6003,0.2766
tbn,565,0,19,54.51,500.835,51.9533,0.2921
tbn,565,0,20,54.67,501.08,61.6989,0.2953
tbn,565,0,21,54.78,501.35,74.0549,0.2912
tbn,565,0,22,54.835,501.65,84.6444,0.3214
tbn,565,0,23,54.84,501.945,94.2365,0.2707
tbn,565,0,24,54.795,502.215,104.5342,0.2789
tbn,565,0,25,54.7,502.475,115.6408,0.2773
tbn,565,0,26,54.565,502.705,125.5374,0.2581
tbn,565,0,27,54.395,502.905,135.0,0.2687
tbn,565,0,28,54.19,503.07,147.5291,0.2608
tbn,565,0,29,53.955,503.185,160.2019,0.2657
tbn,565,0,30,53.695,503.245,173.66,0.2717
tbn,565,0,31,53.44,503.245,7.1247,0.2419
tbn,565,0,32,53.21,503.19,19.9834,0.2341
tbn,565,0,33,53.095,503.155,134.9891,0.0141
tbn,565,0,34,53.705,504.02,54.4309,2.1145
tbn,565,0,35,54.115,505.005,148.627,0.4802
tbn,565,1,0,53.265,500.8,173.9921,0.1911
tbn,565,1,1,53.08,500.84,161.5654,0.1897
tbn,565,1,2,52.905,500.915,152.102,0.1924
tbn,565,1,3,52.745,501.02,141.3416,0.1921
tbn,565,1,4,52.61,501.155,128.6593,0.1921
tbn,565,1,5,52.505,501.31,119.3572,0.1836
tbn,565,1,6,52.43,501.485,107.5253,0.1992
tbn,565,1,7,52.39,501.68,95.7106,0.201
tbn,565,1,8,52.39,501.87,83.6597,0.1811
tbn,565,1,9,52.43,502.05,71.5658,0.1897
tbn,565,1,10,52.51,502.225,59.5336,0.1972
tbn,565,1,11,52.62,502.38,49.3988,0.1844
tbn,565,1,12,52.755,502.51,38.6609,0.1921
tbn,565,1,13,52.915,502.62,30.4649,0.1972
tbn,565,1,14,53.09,502.7,18.4342,0.1897
tbn,565,1,15,53.27,502.74,6.3415,0.1811
tbn,565,1,16,53.45,502.74,173.6585,0.1811
tbn,565,1,17,53.63,502.7,161.5658,0.1897
tbn,565,1,18,53.805,502.625,152.1014,0.1924
tbn,565,1,19,53.96,502.52,139.3997,0.1844
tbn,565,1,20,54.095,502.39,132.8793,0.1911
tbn,565,1,21,54.21,502.235,120.4643,0.1972
tbn,565,1,22,54.29,502.05,106.6998,0.2088
tbn,565,1,23,54.33,501.845,95.4405,0.2109
tbn,565,1,24,54.33,501.645,83.9909,0.1911
tbn,565,1,25,54.29,501.46,71.5647,0.1897
tbn,565,1,26,54.215,501.29,60.6416,0.1836
tbn,565,1,27,54.105,501.14,47.1216,0.191
tbn,565,1,28,53.97,501.01,40.6021,0.1844
tbn,565,1,29,53.815,500.91,25.2014,0.1879
tbn,565,1,30,53.64,500.84,18.4342,0.1897
tbn,565,1,31,53.455,500.8,6.008,0.191
tbn,566,0,0,55.945,500.945,12.994,0.1334
tbn,566,0,1,55.825,500.895,32.4709,0.1304
tbn,566,0,2,55.735,500.805,57.5291,0.1304
tbn,566,0,3,55.685,500.685,77.0056,0.1334
tbn,566,0,4,55.685,500.555,102.9936,0.1334
tbn,566,0,5,55.735,500.435,122.4709,0.1304
tbn,566,0,6,55.825,500.345,147.5291,0.1304
tbn,566,0,7,55.945,500.295,167.006,0.1334
tbn,566,0,8,56.075,500.295,12.994,0.1334
tbn,566,0,9,56.195,500.345,32.4709,0.1304
tbn,566,0,10,56.285,500.435,57.5291,0.1304
tbn,566,0,11,56.335,500.555,77.0064,0.1334
tbn,566,0,12,56.335,500.685,102.9944,0.1334
tbn,566,0,13,56.285,500.805,122.4709,0.1304
tbn,566,0,14,56.195,500.895,147.5291,0.1304
tbn,566,0,15,56.075,500.945,167.006,0.1334
tbn,567,0,0,57.285,501.49,95.7103,0.3015
tbn,567,0,1,57.34,501.205,106.5049,0.2816
tbn,567,0,2,57.445,500.955,119.4757,0.2642
tbn,567,0,3,57.595,500.745,131.8206,0.2549
tbn,567,0,4,57.785,500.57,142.6953,0.264
tbn,567,0,5,58.01,500.43,153.436,0.2683
tbn,567,0,6,58.26,500.335,164.9315,0.2693
tbn,567,0,7,58.535,500.29,176.054,0.2907
tbn,567,0,8,58.82,500.29,4.0865,0.2807
tbn,567,0,9,59.095,500.335,14.5344,0.2789
tbn,567,0,10,59.345,500.43,27.5519,0.2594
tbn,567,0,11,59.565,500.57,37.3042,0.264
tbn,567,0,12,59.755,500.745,48.1794,0.2549
tbn,567,0,13,59.905,500.955,60.5243,0.2642
tbn,567,0,14,60.01,501.205,73.4958,0.2816
tbn,567,0,15,60.065,501.49,84.289,0.3015
tbn,567,0,16,60.075,501.73,93.1805,0.1803
tbn,567,0,17,60.055,501.905,100.0077,0.1726
tbn,567,0,18,60.01,502.075,109.4406,0.1803
tbn,567,0,19,59.945,502.235,115.0166,0.1655
tbn,567,0,20,59.86,502.38,125.5374,0.172
tbn,567,0,21,59.75,502.51,134.9991,0.1697
tbn,567,0,22,59.62,502.615,147.2664,0.1664
tbn,567,0,23,59.47,502.7,153.4344,0.1789
tbn,567,0,24,59.52,502.84,37.569,0.328
tbn,567,0,25,59.745,503.06,51.6325,0.3061
tbn,567,0,26,59.875,503.25,63.4349,0.1565
tbn,567,0,27,59.93,503.395,75.0684,0.1552
tbn,567,0,28,59.965,503.555,79.9923,0.1726
tbn,567,0,29,59.99,503.725,83.2899,0.1712
tbn,567,0,30,59.985,503.945,96.3398,0.2717
tbn,567,0,31,59.935,504.21,105.0687,0.2693
tbn,567,0,32,59.84,504.45,118.6109,0.2506
tbn,567,0,33,59.7,504.66,128.6591,0.2561
tbn,567,0,34,59.525,504.84,139.8996,0.2484
tbn,567,0,35,59.315,504.975,154.4399,0.255
tbn,567,0,36,59.075,505.07,162.2549,0.2625
tbn,567,0,37,58.815,505.12,175.7643,0.2707
tbn,567,0,38,58.54,505.12,4.085,0.2807
tbn,567,0,39,58.275,505.07,17.7451,0.2625
tbn,567,0,40,58.035,504.975,25.5601,0.255
tbn,567,0,41,57.825,504.84,40.0998,0.2484
tbn,567,0,42,57.65,504.66,51.3409,0.2561
tbn,567,0,43,57.515,504.45,63.4349,0.246
tbn,567,0,44,57.42,504.21,72.8973,0.272
tbn,567,0,45,57.37,503.945,85.7636,0.2707
tbn,567,0,46,57.365,503.725,93.3659,0.1703
tbn,567,0,47,57.385,503.555,100.0089,0.1726
tbn,567,0,48,57.42,503.395,104.9302,0.1552
tbn,567,0,49,57.475,503.25,116.5663,0.1565
tbn,567,0,50,57.6,503.06,126.8696,0.3
tbn,567,0,51,57.815,502.84,141.3396,0.3202
tbn,567,0,52,57.86,502.7,26.5656,0.1789
tbn,567,0,53,57.715,502.615,34.6946,0.1581
tbn,567,0,54,57.595,502.51,47.49,0.1628
tbn,567,0,55,57.49,502.38,54.4616,0.172
tbn,567,0,56,57.405,502.235,64.9834,0.1655
tbn,567,0,57,57.34,502.075,70.5605,0.1803
tbn,567,0,58,57.295,501.905,79.9911,0.1726
tbn,567,0,59,57.275,501.73,86.8207,0.1803
tbn,567,1,0,58.755,504.61,172.4038,0.1513
tbn,567,1,1,58.905,504.58,165.068,0.1552
tbn,567,1,2,59.05,504.52,150.2544,0.1612
tbn,567,1,3,59.18,504.43,140.1955,0.1562
tbn,567,1,4,59.29,504.32,129.8063,0.1562
tbn,567,1,5,59.38,504.19,119.7456,0.1612
tbn,567,1,6,59.445,504.045,108.4345,0.1581
tbn,567,1,7,59.475,503.89,93.5757,0.1603
tbn,567,1,8,59.475,503.735,86.1866,0.1503
tbn,567,1,9,59.44,503.59,66.8008,0.1523
tbn,567,1,10,59.37,503.455,58.3926,0.1526
tbn,567,1,11,59.28,503.325,52.4302,0.164
tbn,567,1,12,59.17,503.21,39.8075,0.1562
tbn,567,1,13,59.04,503.12,29.7432,0.1612
tbn,567,1,14,58.895,503.05,21.8029,0.1616
tbn,567,1,15,58.75,503.01,8.1288,0.1414
tbn,567,1,16,58.605,503.01,172.4067,0.1513
tbn,567,1,17,58.455,503.05,158.1966,0.1616
tbn,567,1,18,58.31,503.12,150.2568,0.1612
tbn,567,1,19,58.18,503.21,140.1934,0.1562
tbn,567,1,20,58.07,503.325,127.5688,0.164
tbn,567,1,21,57.98,503.455,121.6086,0.1526
tbn,567,1,22,57.91,503.59,113.1978,0.1523
tbn,567,1,23,57.875,503.735,93.8148,0.1503
tbn,567,1,24,57.875,503.89,86.423,0.1603
tbn,567,1,25,57.905,504.045,71.5655,0.1581
tbn,567,1,26,57.97,504.19,60.2544,0.1612
tbn,567,1,27,58.06,504.32,50.1937,0.1562
tbn,567,1,28,58.17,504.43,39.8054,0.1562
tbn,567,1,29,58.3,504.52,29.7456,0.1612
tbn,567,1,30,58.445,504.58,14.9316,0.1552
tbn,567,1,31,58.6,504.61,7.1265,0.1612
tbn,567,2,0,58.765,502.485,176.6329,0.1703
tbn,567,2,1,58.93,502.455,162.6475,0.1676
tbn,567,2,2,59.085,502.39,151.9266,0.17
tbn,567,2,3,59.23,502.3,144.4626,0.172
tbn,567,2,4,59.355,502.185,130.2371,0.1703
tbn,567,2,5,59.45,502.05,119.7442,0.1613
tbn,567,2,6,59.52,501.9,110.5557,0.1709
tbn,567,2,7,59.56,501.73,96.3403,0.1811
tbn,567,2,8,59.56,501.555,83.2899,0.1712
tbn,567,2,9,59.52,501.395,68.1996,0.1616
tbn,567,2,10,59.45,501.245,61.9272,0.17
tbn,567,2,11,59.35,501.105,47.2903,0.1769
tbn,567,2,12,59.225,500.99,37.5679,0.164
tbn,567,2,13,59.085,500.9,28.0734,0.17
tbn,567,2,14,58.925,500.835,16.3903,0.1772
tbn,567,2,15,58.76,500.8,7.1238,0.1612
tbn,567,2,16,58.595,500.8,173.2912,0.1712
tbn,567,2,17,58.425,500.835,163.6097,0.1772
tbn,567,2,18,58.265,500.9,151.9272,0.17
tbn,567,2,19,58.125,500.99,142.4312,0.164
tbn,567,2,20,58.0,501.105,132.7106,0.1769
tbn,567,2,21,57.9,501.245,118.0717,0.17
tbn,567,2,22,57.83,501.395,111.8017,0.1616
tbn,567,2,23,57.79,501.555,96.7101,0.1712
tbn,567,2,24,57.79,501.73,83.6597,0.1811
tbn,567,2,25,57.83,501.9,69.4431,0.1709
tbn,567,2,26,57.9,502.05,60.257,0.1613
tbn,567,2,27,57.995,502.185,49.7629,0.1703
tbn,567,2,28,58.12,502.3,35.5374,0.172
tbn,567,2,29,58.265,502.39,28.0728,0.17
tbn,567,2,30,58.42,502.455,17.3525,0.1676
tbn,567,2,31,58.59,502.485,3.1805,0.1803
tbn,568,0,0,24.34,510.335,90.0,0.51
tbn,568,0,1,24.92,510.08,0.0,1.16
tbn,568,0,2,25.48,509.94,81.8701,0.2828
tbn,568,0,3,25.41,509.675,68.1985,0.2693
tbn,568,0,4,25.285,509.435,56.8882,0.2746
tbn,568,0,5,25.115,509.22,46.4694,0.2759
tbn,568,0,6,24.905,509.035,36.469,0.286
tbn,568,0,7,24.67,508.885,28.4423,0.2729
tbn,568,0,8,24.42,508.78,17.1032,0.272
tbn,568,0,9,24.155,508.73,4.2373,0.2707
tbn,568,0,10,23.93,508.725,176.8195,0.1803
tbn,568,0,11,23.755,508.745,169.9924,0.1726
tbn,568,0,12,23.585,508.785,163.6095,0.1772
tbn,568,0,13,23.42,508.84,159.4447,0.1709
tbn,568,0,14,23.19,508.96,149.0361,0.3499
tbn,568,0,15,22.91,509.17,137.2909,0.3538
tbn,568,0,16,22.675,509.43,126.8694,0.35
tbn,568,0,17,22.49,509.73,116.5651,0.3578
tbn,568,0,18,22.355,510.055,108.4353,0.3478
tbn,568,0,19,22.285,510.4,94.7634,0.3612
tbn,568,0,20,22.275,510.68,87.1376,0.2003
tbn,568,0,21,22.29,510.875,83.9913,0.191
tbn,568,0,22,22.325,511.065,75.2563,0.1965
tbn,568,0,23,22.38,511.25,71.5652,0.1897
tbn,568,0,24,22.49,511.51,64.7987,0.3758
tbn,568,0,25,22.68,511.825,52.8152,0.364
tbn,568,0,26,22.925,512.09,41.6343,0.3613
tbn,568,0,27,23.21,512.3,30.9637,0.3499
tbn,568,0,28,23.445,512.425,22.38,0.1838
tbn,568,0,29,23.615,512.485,16.3881,0.1772
tbn,568,0,30,23.79,512.525,9.4619,0.1825
tbn,568,0,31,23.975,512.545,3.0135,0.1903
tbn,568,0,32,24.175,512.54,174.5606,0.211
tbn,568,0,33,24.38,512.51,168.6898,0.204
tbn,568,0,34,24.58,512.455,160.7101,0.2119
tbn,568,0,35,24.775,512.375,154.6529,0.2102
tbn,568,0,36,24.96,512.27,146.3108,0.2163
tbn,568,0,37,25.13,512.145,140.9054,0.2062
tbn,568,0,38,25.285,512.005,134.9996,0.2121
tbn,568,0,39,25.425,511.84,125.8386,0.222
tbn,568,0,40,25.68,511.955,47.1744,0.559
tbn,568,0,41,25.785,512.265,128.9911,0.2702
tbn,568,0,42,25.6,512.46,138.0128,0.2691
tbn,568,0,43,25.395,512.625,144.4619,0.2581
tbn,568,0,44,25.175,512.765,150.5248,0.2642
tbn,568,0,45,24.94,512.88,157.3804,0.26
tbn,568,0,46,24.695,512.965,164.3562,0.2596
tbn,568,0,47,24.44,513.02,171.2553,0.2631
tbn,568,0,48,24.18,513.05,175.6004,0.2608
tbn,568,0,49,23.93,513.05,4.7647,0.2408
tbn,568,0,50,23.69,513.025,7.1247,0.2419
tbn,568,0,51,23.46,512.98,15.2546,0.228
tbn,568,0,52,23.24,512.905,22.25,0.2377
tbn,568,0,53,23.025,512.81,25.4629,0.2326
tbn,568,0,54,22.82,512.7,30.9626,0.2332
tbn,568,0,55,22.63,512.565,39.8061,0.2343
tbn,568,0,56,22.455,512.41,43.2649,0.2335
tbn,568,0,57,22.295,512.24,50.1945,0.2343
tbn,568,0,58,22.15,512.055,53.6146,0.236
tbn,568,0,59,22.02,511.86,59.0366,0.2332
tbn,568,0,60,21.91,511.65,65.5565,0.2417
tbn,568,0,61,21.82,511.425,70.8207,0.2435
tbn,568,0,62,21.75,511.19,75.9638,0.2474
tbn,568,0,63,21.7,510.945,80.9095,0.2532
tbn,568,0,64,21.675,510.69,87.7974,0.2602
tbn,568,0,65,21.675,510.445,92.4896,0.2302
tbn,568,0,66,21.7,510.215,99.8662,0.2334
tbn,568,0,67,21.75,509.985,104.6205,0.2377
tbn,568,0,68,21.82,509.765,110.8545,0.2247
tbn,568,0,69,21.905,509.56,114.2281,0.2193
tbn,568,0,70,22.01,509.36,120.963,0.2332
tbn,568,0,71,22.14,509.17,127.8748,0.228
tbn,568,0,72,22.285,508.995,131.4243,0.2267
tbn,568,0,73,22.44,508.835,136.8473,0.2193
tbn,568,0,74,22.61,508.69,142.1252,0.228
tbn,568,0,75,22.795,508.56,147.7252,0.2247
tbn,568,0,76,22.99,508.45,153.4336,0.2236
tbn,568,0,77,23.195,508.355,156.8022,0.2285
tbn,568,0,78,23.415,508.285,167.7346,0.2354
tbn,568,0,79,23.64,508.24,169.6949,0.2236
tbn,568,0,80,23.87,508.215,177.6154,0.2402
tbn,568,0,81,24.105,508.215,2.4882,0.2302
tbn,568,0,82,24.33,508.235,7.7668,0.222
tbn,568,0,83,24.545,508.275,13.3914,0.2159
tbn,568,0,84,24.75,508.335,19.2899,0.2119
tbn,568,0,85,24.945,508.415,25.3471,0.2102
tbn,568,0,86,25.125,508.515,32.9054,0.2025
tbn,568,0,87,25.29,508.635,39.0933,0.2062
tbn,568,0,88,25.445,508.77,43.025,0.2052
tbn,568,0,89,25.585,508.915,49.0861,0.1985
tbn,568,0,90,25.705,509.075,57.0943,0.2025
tbn,568,0,91,25.81,509.25,60.9453,0.2059
tbn,568,0,92,25.905,509.44,65.7719,0.2193
tbn,568,0,93,25.98,509.64,73.3013,0.2088
tbn,568,0,94,26.035,509.85,77.196,0.2256
tbn,568,0,95,26.075,510.07,82.2344,0.222
tbn,568,0,96,26.095,510.295,87.5104,0.2302
tbn,568,0,97,26.1,510.5,90.0,0.18
tbn,568,0,98,25.22,510.59,0.0,1.76
tbn,569,0,0,27.01,508.29,0.0,0.6
tbn,569,0,1,27.31,510.02,90.0,3.46
tbn,569,0,2,29.01,509.925,132.9691,4.9882
tbn,569,0,3,30.71,510.495,90.0,4.79
tbn,569,0,4,30.41,512.89,0.0,0.6
tbn,569,0,5,30.11,511.21,90.0,3.36
tbn,569,0,6,28.41,511.32,133.5228,4.9372
tbn,569,0,7,26.71,510.7,90.0,4.82
tbn,570,0,0,32.0,508.29,0.0,0.96
tbn,570,0,1,32.615,508.295,2.1215,0.2702
tbn,570,0,2,32.88,508.315,6.5816,0.2617
tbn,570,0,3,33.135,508.35,9.0905,0.2532
tbn,570,0,4,33.38,508.4,14.0358,0.2474
tbn,570,0,5,33.615,508.47,19.1795,0.2435
tbn,570,0,6,33.835,508.56,25.4627,0.2326
tbn,570,0,7,34.04,508.67,30.9647,0.2332
tbn,570,0,8,34.235,508.795,34.3794,0.2302
tbn,570,0,9,34.415,508.935,41.4243,0.2267
tbn,570,0,10,34.575,509.095,48.5757,0.2267
tbn,570,0,11,34.715,509.28,56.9763,0.2385
tbn,570,0,12,34.835,509.48,61.1896,0.2283
tbn,570,0,13,34.935,509.695,68.629,0.247
tbn,570,0,14,35.01,509.935,76.504,0.2571
tbn,570,0,15,35.06,510.195,81.573,0.273
tbn,570,0,16,35.09,510.47,85.915,0.2807
tbn,570,0,17,35.09,510.75,94.085,0.2807
tbn,570,0,18,35.06,511.02,98.7463,0.2631
tbn,570,0,19,35.01,511.275,103.496,0.2571
tbn,570,0,20,34.935,511.51,112.2489,0.2377
tbn,570,0,21,34.835,511.72,118.8113,0.2283
tbn,570,0,22,34.715,511.915,124.3794,0.2302
tbn,570,0,23,34.57,512.095,133.2646,0.2335
tbn,570,0,24,34.405,512.255,138.5764,0.2267
tbn,570,0,25,34.23,512.395,144.163,0.222
tbn,570,0,26,34.04,512.515,151.1887,0.2283
tbn,570,0,27,33.83,512.62,155.5565,0.2417
tbn,570,0,28,33.61,512.71,160.0166,0.2341
tbn,570,0,29,33.38,512.78,165.9642,0.2474
tbn,570,0,30,33.135,512.83,170.9095,0.2532
tbn,570,0,31,32.885,512.865,173.1575,0.2518
tbn,570,0,32,32.625,512.885,177.8785,0.2702
tbn,570,0,33,32.005,512.89,0.0,0.97
tbn,570,0,34,31.52,510.59,90.0,4.6
tbn,570,1,0,32.22,512.38,0.0,0.2
tbn,570,1,1,32.43,512.375,177.3989,0.2202
tbn,570,1,2,32.645,512.36,174.5585,0.2109
tbn,570,1,3,32.85,512.34,174.2904,0.201
tbn,570,1,4,33.05,512.31,168.6899,0.204
tbn,570,1,5,33.245,512.26,162.475,0.1992
tbn,570,1,6,33.43,512.2,161.5636,0.1897
tbn,570,1,7,33.605,512.13,154.8007,0.1879
tbn,570,1,8,33.77,512.04,147.9924,0.1887
tbn,570,1,9,33.92,511.935,141.8433,0.178
tbn,570,1,10,34.055,511.815,135.0,0.1838
tbn,570,1,11,34.175,511.675,126.2537,0.186
tbn,570,1,12,34.275,511.52,119.3584,0.1836
tbn,570,1,13,34.36,511.35,113.9629,0.197
tbn,570,1,14,34.43,511.155,105.9448,0.2184
tbn,570,1,15,34.475,510.94,97.7658,0.222
tbn,570,1,16,34.495,510.71,92.3856,0.2402
tbn,570,1,17,34.495,510.47,87.6145,0.2402
tbn,570,1,18,34.475,510.24,82.2342,0.222
tbn,570,1,19,34.43,510.025,74.0552,0.2184
tbn,570,1,20,34.36,509.83,66.0371,0.197
tbn,570,1,21,34.275,509.66,60.6416,0.1836
tbn,570,1,22,34.175,509.505,53.7463,0.186
tbn,570,1,23,34.055,509.365,45.0,0.1838
tbn,570,1,24,33.92,509.245,38.1567,0.178
tbn,570,1,25,33.77,509.14,32.0056,0.1887
tbn,570,1,26,33.605,509.05,25.2014,0.1879
tbn,570,1,27,33.43,508.975,21.2504,0.1931
tbn,570,1,28,33.245,508.915,14.7445,0.1965
tbn,570,1,29,33.05,508.87,11.3101,0.204
tbn,570,1,30,32.85,508.835,8.5304,0.2022
tbn,570,1,31,32.645,508.815,2.7269,0.2102
tbn,570,1,32,32.43,508.805,2.6011,0.2202
tbn,570,1,33,32.22,508.8,0.0,0.2
tbn,570,1,34,32.12,510.59,90.0,3.58
tbn,571,0,0,40.62,512.82,153.4349,0.313
tbn,571,0,1,40.335,512.935,162.7579,0.3036
tbn,571,0,2,40.04,513.01,168.6905,0.3059
tbn,571,0,3,39.74,513.05,176.1866,0.3007
tbn,571,0,4,39.465,513.055,2.2894,0.2502
tbn,571,0,5,39.215,513.03,9.0905,0.2532
tbn,571,0,6,38.975,512.98,14.6219,0.2377
tbn,571,0,7,38.745,512.91,19.1778,0.2435
tbn,571,0,8,38.52,512.82,24.4455,0.2417
tbn,571,0,9,38.31,512.71,30.9626,0.2332
tbn,571,0,10,38.115,512.58,36.3839,0.236
tbn,571,0,11,37.93,512.43,41.6341,0.2408
tbn,571,0,12,37.76,512.265,46.7361,0.2334
tbn,571,0,13,37.61,512.085,53.6154,0.236
tbn,571,0,14,37.475,511.89,56.9763,0.2385
tbn,571,0,15,37.36,511.685,64.536,0.2326
tbn,571,0,16,37.27,511.465,70.8217,0.2435
tbn,571,0,17,37.195,511.23,73.7397,0.25
tbn,571,0,18,37.145,510.985,83.1566,0.2518
tbn,571,0,19,37.12,510.735,85.426,0.2508
tbn,571,0,20,37.12,510.485,94.574,0.2508
tbn,571,0,21,37.145,510.235,96.8434,0.2518
tbn,571,0,22,37.19,509.995,104.6201,0.2377
tbn,571,0,23,37.265,509.77,112.2496,0.2377
tbn,571,0,24,37.36,509.555,115.4631,0.2326
tbn,571,0,25,37.47,509.35,120.9639,0.2332
tbn,571,0,26,37.605,509.155,128.2901,0.2421
tbn,571,0,27,37.755,508.98,133.1527,0.2193
tbn,571,0,28,37.92,508.82,138.3659,0.2408
tbn,571,0,29,38.1,508.675,144.163,0.222
tbn,571,0,30,38.29,508.55,149.0358,0.2332
tbn,571,0,31,38.5,508.44,155.5561,0.2417
tbn,571,0,32,38.72,508.35,160.0166,0.2341
tbn,571,0,33,38.945,508.28,165.3797,0.2377
tbn,571,0,34,39.18,508.235,172.8753,0.2419
tbn,571,0,35,39.42,508.215,177.6135,0.2402
tbn,571,0,36,39.695,508.22,3.6922,0.3106
tbn,571,0,37,40.01,508.26,10.6192,0.3256
tbn,571,0,38,40.32,508.34,18.4347,0.3162
tbn,571,0,39,40.615,508.455,24.145,0.3178
tbn,571,0,40,40.76,508.86,90.0,0.68
tbn,571,0,41,40.62,509.095,36.8699,0.35
tbn,571,0,42,40.33,508.915,26.5651,0.3354
tbn,571,0,43,40.02,508.795,15.708,0.3324
tbn,571,0,44,39.69,508.735,5.0422,0.3413
tbn,571,0,45,39.425,508.725,176.9865,0.1903
tbn,571,0,46,39.24,508.745,170.5381,0.1825
tbn,571,0,47,39.06,508.78,167.4709,0.1844
tbn,571,0,48,38.89,508.835,156.3707,0.1746
tbn,571,0,49,38.655,508.96,149.8584,0.3585
tbn,571,0,50,38.365,509.165,139.5745,0.3547
tbn,571,0,51,38.12,509.425,127.1848,0.364
tbn,571,0,52,37.93,509.73,116.5651,0.3578
tbn,571,0,53,37.82,509.98,108.4353,0.1897
tbn,571,0,54,37.77,510.16,102.5279,0.1844
tbn,571,0,55,37.735,510.34,99.4631,0.1825
tbn,571,0,56,37.715,510.525,93.0122,0.1903
tbn,571,0,57,37.715,510.72,87.138,0.2002
tbn,571,0,58,37.735,510.915,81.0267,0.1924
tbn,571,0,59,37.77,511.1,77.4721,0.1844
tbn,571,0,60,37.82,511.275,70.5594,0.1803
tbn,571,0,61,37.93,511.525,64.1338,0.3667
tbn,571,0,62,38.12,511.835,52.8152,0.364
tbn,571,0,63,38.365,512.095,40.4255,0.3547
tbn,571,0,64,38.655,512.3,30.1416,0.3585
tbn,571,0,65,38.895,512.425,22.3798,0.1838
tbn,571,0,66,39.07,512.485,15.525,0.1868
tbn,571,0,67,39.25,512.525,9.4619,0.1825
tbn,571,0,68,39.44,512.545,2.8631,0.2002
tbn,571,0,69,39.7,512.535,174.643,0.3214
tbn,571,0,70,40.02,512.475,164.292,0.3324
tbn,571,0,71,40.335,512.355,154.1789,0.3444
tbn,571,0,72,40.625,512.185,144.8655,0.3302
tbn,571,0,73,40.76,512.42,90.0,0.66
tbn,572,0,0,43.385,513.05,4.5732,0.2508
tbn,572,0,1,43.14,513.025,7.1265,0.2419
tbn,572,0,2,42.905,512.98,14.6203,0.2377
tbn,572,0,3,42.68,512.91,19.9837,0.2341
tbn,572,0,4,42.465,512.82,25.4627,0.2326
tbn,572,0,5,42.26,512.71,30.9647,0.2332
tbn,572,0,6,42.065,512.58,36.3839,0.236
tbn,572,0,7,41.885,512.43,43.2639,0.2334
tbn,572,0,8,41.72,512.265,46.7354,0.2335
tbn,572,0,9,41.57,512.085,53.6161,0.236
tbn,572,0,10,41.44,511.895,57.7241,0.2247
tbn,572,0,11,41.325,511.69,63.4349,0.246
tbn,572,0,12,41.23,511.47,70.0168,0.2341
tbn,572,0,13,41.16,511.245,75.379,0.2377
tbn,572,0,14,41.11,511.005,80.9095,0.2532
tbn,572,0,15,41.085,510.755,87.7098,0.2502
tbn,572,0,16,41.085,510.5,92.2022,0.2602
tbn,572,0,17,41.11,510.245,99.0905,0.2532
tbn,572,0,18,41.16,510.005,104.6215,0.2377
tbn,572,0,19,41.23,509.775,109.1783,0.2435
tbn,572,0,20,41.325,509.55,116.5651,0.246
tbn,572,0,21,41.44,509.345,122.2769,0.2247
tbn,572,0,22,41.57,509.155,126.3839,0.236
tbn,572,0,23,41.72,508.975,133.2646,0.2335
tbn,572,0,24,41.885,508.815,138.5757,0.2267
tbn,572,0,25,42.065,508.67,143.6161,0.236
tbn,572,0,26,42.26,508.54,149.0353,0.2332
tbn,572,0,27,42.465,508.435,156.8025,0.2285
tbn,572,0,28,42.68,508.35,160.0163,0.2341
tbn,572,0,29,42.905,508.28,165.3797,0.2377
tbn,572,0,30,43.14,508.235,172.8753,0.2419
tbn,572,0,31,43.385,508.215,177.7089,0.2502
tbn,572,0,32,43.63,508.215,2.3864,0.2402
tbn,572,0,33,43.87,508.235,7.1248,0.2419
tbn,572,0,34,44.105,508.28,14.6203,0.2377
tbn,572,0,35,44.33,508.35,19.9834,0.2341
tbn,572,0,36,44.55,508.435,22.2481,0.2377
tbn,572,0,37,44.76,508.54,30.9647,0.2332
tbn,572,0,38,44.95,508.67,37.8748,0.228
tbn,572,0,39,45.13,508.815,39.8058,0.2343
tbn,572,0,40,45.295,508.975,48.5757,0.2267
tbn,572,0,41,45.44,509.155,53.6161,0.236
tbn,572,0,42,45.575,509.345,55.6187,0.2302
tbn,572,0,43,45.69,509.55,65.5565,0.2417
tbn,572,0,44,45.78,509.775,70.8208,0.2435
tbn,572,0,45,45.85,510.005,75.3794,0.2377
tbn,572,0,46,45.9,510.245,80.9095,0.2532
tbn,572,0,47,45.925,510.5,87.7969,0.2602
tbn,572,0,48,45.925,510.755,92.2911,0.2502
tbn,572,0,49,45.9,511.005,99.0905,0.2532
tbn,572,0,50,45.85,511.245,104.6201,0.2377
tbn,572,0,51,45.78,511.47,109.9841,0.2341
tbn,572,0,52,45.685,511.69,116.5651,0.246
tbn,572,0,53,45.57,511.895,122.2751,0.2247
tbn,572,0,54,45.44,512.085,126.3839,0.236
tbn,572,0,55,45.29,512.265,133.2646,0.2335
tbn,572,0,56,45.125,512.43,136.7367,0.2335
tbn,572,0,57,44.945,512.58,143.6156,0.236
tbn,572,0,58,44.75,512.71,149.0358,0.2332
tbn,572,0,59,44.545,512.82,154.5369,0.2326
tbn,572,0,60,44.33,512.91,160.0166,0.2341
tbn,572,0,61,44.105,512.98,165.3797,0.2377
tbn,572,0,62,43.87,513.025,172.8734,0.2419
tbn,572,0,63,43.63,513.05,175.2372,0.2408
tbn,572,1,0,43.415,508.725,176.9888,0.1903
tbn,572,1,1,43.23,508.74,173.6585,0.1811
tbn,572,1,2,43.055,508.775,163.6121,0.1772
tbn,572,1,3,42.885,508.83,160.5582,0.1803
tbn,572,1,4,42.645,508.95,149.8587,0.3585
tbn,572,1,5,42.355,509.155,139.5745,0.3547
tbn,572,1,6,42.105,509.41,129.4007,0.3624
tbn,572,1,7,41.905,509.715,117.2549,0.3712
tbn,572,1,8,41.79,509.965,109.4406,0.1803
tbn,572,1,9,41.735,510.145,104.7432,0.1965
tbn,572,1,10,41.7,510.335,96.0091,0.1911
tbn,572,1,11,41.685,510.53,92.8631,0.2002
tbn,572,1,12,41.68,510.725,90.0,0.19
tbn,572,1,13,41.695,510.915,81.0264,0.1923
tbn,572,1,14,41.73,511.1,77.4709,0.1844
tbn,572,1,15,41.78,511.28,71.5658,0.1897
tbn,572,1,16,41.89,511.535,64.1338,0.3667
tbn,572,1,17,42.08,511.84,51.8425,0.3561
tbn,572,1,18,42.32,512.1,42.7102,0.3538
tbn,572,1,19,42.61,512.305,27.9792,0.3624
tbn,572,1,20,42.855,512.425,22.3798,0.1838
tbn,572,1,21,43.03,512.485,15.5227,0.1868
tbn,572,1,22,43.215,512.525,8.9746,0.1924
tbn,572,1,23,43.41,512.545,2.8608,0.2003
tbn,572,1,24,43.605,512.545,176.9888,0.1903
tbn,572,1,25,43.795,512.525,171.0256,0.1924
tbn,572,1,26,43.98,512.485,164.4773,0.1868
tbn,572,1,27,44.16,512.425,158.7496,0.1931
tbn,572,1,28,44.405,512.305,151.2603,0.3536
tbn,572,1,29,44.695,512.1,138.3659,0.3613
tbn,572,1,30,44.935,511.84,126.8699,0.35
tbn,572,1,31,45.12,511.535,115.8662,0.3667
tbn,572,1,32,45.23,511.28,108.4353,0.1897
tbn,572,1,33,45.28,511.1,102.5291,0.1844
tbn,572,1,34,45.315,510.915,98.9725,0.1923
tbn,572,1,35,45.335,510.725,93.0134,0.1903
tbn,572,1,36,45.335,510.53,87.1369,0.2002
tbn,572,1,37,45.315,510.335,81.0278,0.1924
tbn,572,1,38,45.275,510.145,75.2568,0.1965
tbn,572,1,39,45.22,509.965,70.5594,0.1803
tbn,572,1,40,45.105,509.715,62.7445,0.3712
tbn,572,1,41,44.905,509.41,50.5993,0.3624
tbn,572,1,42,44.655,509.155,40.4255,0.3547
tbn,572,1,43,44.365,508.95,30.1416,0.3585
tbn,572,1,44,44.125,508.83,19.4414,0.1803
tbn,572,1,45,43.955,508.775,16.3883,0.1772
tbn,572,1,46,43.78,508.74,6.3415,0.1811
tbn,572,1,47,43.6,508.725,3.1781,0.1803
tbn,573,0,0,46.795,508.29,0.0,0.59
tbn,573,0,1,47.09,510.02,90.0,3.46
tbn,573,0,2,48.795,509.925,133.053,4.9951
tbn,573,0,3,50.5,510.495,90.0,4.79
tbn,573,0,4,50.2,512.89,0.0,0.6
tbn,573,0,5,49.9,511.21,90.0,3.36
tbn,573,0,6,48.2,511.32,133.5228,4.9372
tbn,573,0,7,46.5,510.7,90.0,4.82
tbn,574,0,0,23.03,518.26,90.0,4.08
tbn,574,0,1,23.29,516.22,0.0,0.52
tbn,574,0,2,23.55,518.515,90.0,4.59
tbn,574,0,3,23.05,520.81,0.0,1.0
tbn,574,0,4,22.39,520.555,57.8939,0.6021
tbn,574,0,5,22.63,520.3,0.0,0.8
tbn,575,0,0,27.21,517.675,51.5627,2.4129
tbn,575,0,1,28.03,518.73,57.5291,0.2608
tbn,575,0,2,28.15,518.96,67.3799,0.26
tbn,575,0,3,28.23,519.205,76.5044,0.2571
tbn,575,0,4,28.27,519.465,85.7636,0.2707
tbn,575,0,5,28.265,519.745,95.9059,0.2915
tbn,575,0,6,28.21,520.025,106.5049,0.2816
tbn,575,0,7,28.105,520.28,118.443,0.2729
tbn,575,0,8,27.955,520.5,130.3639,0.2625
tbn,575,0,9,27.765,520.68,142.6966,0.264
tbn,575,0,10,27.535,520.82,154.3585,0.2773
tbn,575,0,11,27.28,520.92,162.8969,0.272
tbn,575,0,12,27.005,520.97,176.0555,0.2907
tbn,575,0,13,26.71,520.97,3.8134,0.3007
tbn,575,0,14,26.425,520.925,14.5344,0.2789
tbn,575,0,15,26.17,520.83,26.5656,0.2683
tbn,575,0,16,25.95,520.69,38.6603,0.2561
tbn,575,0,17,25.765,520.51,49.635,0.2625
tbn,575,0,18,25.615,520.295,60.5246,0.2642
tbn,575,0,19,25.5,520.045,69.6766,0.2879
tbn,575,0,20,25.425,519.76,80.5379,0.3041
tbn,575,0,21,25.685,519.61,0.0,0.57
tbn,575,0,22,25.985,519.695,79.9921,0.1726
tbn,575,0,23,26.03,519.86,69.4437,0.1709
tbn,575,0,24,26.1,520.015,61.9278,0.17
tbn,575,0,25,26.195,520.155,49.7629,0.1703
tbn,575,0,26,26.315,520.27,37.5683,0.164
tbn,575,0,27,26.455,520.36,28.0731,0.17
tbn,575,0,28,26.61,520.43,20.5577,0.1709
tbn,575,0,29,26.775,520.465,3.3646,0.1703
tbn,575,0,30,26.95,520.46,173.6609,0.1811
tbn,575,0,31,27.125,520.425,163.6095,0.1772
tbn,575,0,32,27.285,520.36,151.9269,0.17
tbn,575,0,33,27.43,520.265,141.8448,0.178
tbn,575,0,34,27.555,520.14,128.1555,0.178
tbn,575,0,35,27.65,519.995,118.0734,0.17
tbn,575,0,36,27.72,519.835,109.4398,0.1803
tbn,575,0,37,27.76,519.66,96.3397,0.1811
tbn,575,0,38,27.75,519.455,80.1343,0.2334
tbn,575,0,39,27.685,519.23,67.7511,0.2377
tbn,575,0,40,27.57,519.015,56.3099,0.2524
tbn,575,0,41,27.43,518.82,52.1248,0.228
tbn,575,0,42,26.35,517.475,51.1736,3.2219
tbn,575,0,43,26.81,516.22,0.0,2.94
tbn,575,0,44,28.28,516.475,90.0,0.51
tbn,575,0,45,27.37,516.73,0.0,1.82
tbn,576,0,0,31.76,520.555,90.0,0.51
tbn,576,0,1,30.855,520.81,0.0,1.81
tbn,576,0,2,29.59,519.63,73.0338,2.4674
tbn,576,0,3,29.285,518.45,0.0,0.11
tbn,576,0,4,29.43,518.535,43.3631,0.2476
tbn,576,0,5,29.625,518.685,31.7591,0.247
tbn,576,0,6,29.85,518.79,18.4352,0.253
tbn,576,0,7,30.09,518.845,7.1247,0.2419
tbn,576,0,8,30.32,518.845,172.2351,0.222
tbn,576,0,9,30.53,518.8,163.3015,0.2088
tbn,576,0,10,30.725,518.72,152.2416,0.2147
tbn,576,0,11,30.9,518.6,138.8142,0.2126
tbn,576,0,12,31.05,518.45,131.1855,0.2126
tbn,576,0,13,31.17,518.28,119.0542,0.2059
tbn,576,0,14,31.255,518.085,108.4354,0.2214
tbn,576,0,15,31.3,517.875,95.44,0.2109
tbn,576,0,16,31.3,517.655,85.0307,0.2309
tbn,576,0,17,31.26,517.435,74.0542,0.2184
tbn,576,0,18,31.175,517.235,59.932,0.2195
tbn,576,0,19,31.055,517.055,52.5941,0.214
tbn,576,0,20,30.905,516.905,37.4048,0.214
tbn,576,0,21,30.725,516.785,30.0689,0.2195
tbn,576,0,22,30.525,516.695,18.4348,0.2214
tbn,576,0,23,30.31,516.65,5.1955,0.2209
tbn,576,0,24,30.12,516.65,172.8735,0.1612
tbn,576,0,25,29.96,516.675,169.3808,0.1628
tbn,576,0,26,29.805,516.72,158.1996,0.1616
tbn,576,0,27,29.655,516.795,149.0351,0.1749
tbn,576,0,28,29.515,516.89,142.4317,0.164
tbn,576,0,29,29.39,516.995,137.4896,0.1628
tbn,576,0,30,29.285,517.115,124.6958,0.1581
tbn,576,0,31,29.205,517.25,116.5651,0.1565
tbn,576,0,32,28.955,517.12,42.9295,0.5873
tbn,576,0,33,28.8,516.83,123.6902,0.2163
tbn,576,0,34,28.93,516.665,133.0247,0.2052
tbn,576,0,35,29.08,516.52,138.8142,0.2126
tbn,576,0,36,29.25,516.395,148.5703,0.211
tbn,576,0,37,29.435,516.295,154.6529,0.2102
tbn,576,0,38,29.63,516.22,163.3013,0.2088
tbn,576,0,39,29.835,516.17,169.2155,0.2138
tbn,576,0,40,30.045,516.14,174.5606,0.2109
tbn,576,0,41,30.24,516.135,3.1781,0.1803
tbn,576,0,42,30.415,516.15,6.7113,0.1712
tbn,576,0,43,30.58,516.18,14.0366,0.1649
tbn,576,0,44,30.74,516.225,17.3525,0.1676
tbn,576,0,45,30.96,516.32,26.5649,0.313
tbn,576,0,46,31.22,516.485,38.3679,0.3061
tbn,576,0,47,31.445,516.695,47.6028,0.3115
tbn,576,0,48,31.625,516.95,61.8214,0.3176
tbn,576,0,49,31.725,517.165,71.5655,0.1581
tbn,576,0,50,31.77,517.32,75.9631,0.1649
tbn,576,0,51,31.8,517.485,83.2906,0.1712
tbn,576,0,52,31.815,517.66,86.8201,0.1803
tbn,576,0,53,31.81,517.905,93.6911,0.3106
tbn,576,0,54,31.76,518.21,104.932,0.3105
tbn,576,0,55,31.66,518.495,113.962,0.2955
tbn,576,0,56,31.52,518.75,123.6903,0.2884
tbn,576,0,57,31.335,518.975,135.0003,0.297
tbn,576,0,58,31.105,519.155,149.036,0.2915
tbn,576,0,59,30.915,519.26,155.2256,0.1432
tbn,576,0,60,30.775,519.31,165.0682,0.1552
tbn,576,0,61,30.62,519.345,169.3808,0.1628
tbn,576,0,62,30.46,519.365,176.4229,0.1603
tbn,576,0,63,30.22,519.36,3.5757,0.3206
tbn,576,0,64,30.2,519.825,73.5777,0.9904
tbn,576,0,65,31.05,520.3,0.0,1.42
tbn,577,0,0,32.915,516.795,12.994,0.1334
tbn,577,0,1,32.795,516.745,32.4709,0.1304
tbn,577,0,2,32.705,516.655,57.5291,0.1304
tbn,577,0,3,32.655,516.535,77.0056,0.1334
tbn,577,0,4,32.655,516.405,102.9936,0.1334
tbn,577,0,5,32.705,516.285,122.4709,0.1304
tbn,577,0,6,32.795,516.195,147.5291,0.1304
tbn,577,0,7,32.915,516.145,167.006,0.1334
tbn,577,0,8,33.045,516.145,12.994,0.1334
tbn,577,0,9,33.165,516.195,32.4709,0.1304
tbn,577,0,10,33.26,516.285,53.9735,0.136
tbn,577,0,11,33.31,516.405,81.254,0.1315
tbn,577,0,12,33.31,516.535,98.7465,0.1315
tbn,577,0,13,33.26,516.655,126.0265,0.136
tbn,577,0,14,33.165,516.745,147.5291,0.1304
tbn,577,0,15,33.045,516.795,167.006,0.1334
tbn,578,0,0,36.71,519.23,90.0,3.64
tbn,578,0,1,35.315,518.975,56.0875,5.0007
tbn,578,0,2,35.06,516.9,0.0,2.28
tbn,578,0,3,36.2,516.56,90.0,0.68
tbn,578,0,4,36.455,516.22,0.0,0.51
tbn,578,0,5,36.71,516.56,90.0,0.68
tbn,578,0,6,36.975,516.9,0.0,0.53
tbn,578,0,7,37.24,517.155,90.0,0.51
tbn,578,0,8,36.975,517.41,0.0,0.53
tbn,578,1,0,35.545,517.41,0.0,1.31
tbn,578,1,1,35.54,518.36,55.6197,2.3022
tbn,578,1,2,36.195,519.31,0.0,0.01
tbn,578,1,3,36.2,518.36,90.0,1.9
tbn,579,0,0,43.15,517.675,51.5627,2.4129
tbn,579,0,1,43.97,518.73,57.5291,0.2608
tbn,579,0,2,44.09,518.96,67.3795,0.26
tbn,579,0,3,44.17,519.205,76.5048,0.2571
tbn,579,0,4,44.21,519.465,85.7636,0.2707
tbn,579,0,5,44.205,519.745,95.9059,0.2915
tbn,579,0,6,44.15,520.025,106.5049,0.2816
tbn,579,0,7,44.045,520.28,118.4426,0.2729
tbn,579,0,8,43.895,520.5,130.3642,0.2625
tbn,579,0,9,43.705,520.68,142.6966,0.264
tbn,579,0,10,43.48,520.82,153.4346,0.2683
tbn,579,0,11,43.225,520.92,163.4953,0.2816
tbn,579,0,12,42.945,520.97,176.0554,0.2907
tbn,579,0,13,42.65,520.97,3.8134,0.3007
tbn,579,0,14,42.365,520.925,14.5346,0.2789
tbn,579,0,15,42.115,520.83,27.553,0.2594
tbn,579,0,16,41.895,520.69,37.3047,0.264
tbn,579,0,17,41.705,520.51,49.6353,0.2625
tbn,579,0,18,41.555,520.295,60.5243,0.2642
tbn,579,0,19,41.44,520.045,69.6769,0.2879
tbn,579,0,20,41.365,519.76,80.5372,0.3041
tbn,579,0,21,41.63,519.61,0.0,0.58
tbn,579,0,22,41.93,519.695,83.2902,0.1712
tbn,579,0,23,41.97,519.86,69.4443,0.1709
tbn,579,0,24,42.045,520.015,59.0365,0.1749
tbn,579,0,25,42.14,520.155,52.4302,0.164
tbn,579,0,26,42.255,520.27,37.5688,0.164
tbn,579,0,27,42.395,520.36,28.0728,0.17
tbn,579,0,28,42.55,520.43,20.5577,0.1709
tbn,579,0,29,42.715,520.465,3.3646,0.1703
tbn,579,0,30,42.89,520.46,173.6609,0.1811
tbn,579,0,31,43.065,520.425,163.6093,0.1772
tbn,579,0,32,43.225,520.36,151.9272,0.17
tbn,579,0,33,43.37,520.265,141.8444,0.178
tbn,579,0,34,43.495,520.14,128.156,0.1781
tbn,579,0,35,43.595,519.995,120.9648,0.1749
tbn,579,0,36,43.665,519.835,106.3888,0.1772
tbn,579,0,37,43.7,519.66,96.3403,0.1811
tbn,579,0,38,43.69,519.455,80.1338,0.2334
tbn,579,0,39,43.625,519.23,67.7511,0.2377
tbn,579,0,40,43.515,519.015,58.2402,0.247
tbn,579,0,41,43.375,518.82,50.1949,0.2343
tbn,579,0,42,42.29,517.475,51.1736,3.2219
tbn,579,0,43,42.75,516.22,0.0,2.94
tbn,579,0,44,44.22,516.475,90.0,0.51
tbn,579,0,45,43.31,516.73,0.0,1.82
tbn,580,0,0,46.035,519.91,53.7346,2.6541
tbn,580,0,1,45.16,518.705,56.3103,0.3245
tbn,580,0,2,44.995,518.42,63.4344,0.3354
tbn,580,0,3,44.895,518.195,71.5655,0.1581
tbn,580,0,4,44.845,518.035,73.6105,0.1772
tbn,580,0,5,44.81,517.87,82.875,0.1612
tbn,580,0,6,44.795,517.705,86.6341,0.1703
tbn,580,0,7,44.805,517.465,95.5274,0.3114
tbn,580,0,8,44.865,517.175,108.4347,0.2846
tbn,580,0,9,44.98,516.91,118.3012,0.2953
tbn,580,0,10,45.145,516.67,130.8147,0.2907
tbn,580,0,11,45.35,516.47,140.7107,0.2843
tbn,580,0,12,45.585,516.315,152.5247,0.2818
tbn,580,0,13,45.85,516.205,162.1817,0.2941
tbn,580,0,14,46.135,516.145,174.0941,0.2915
tbn,580,0,15,46.435,516.145,5.5273,0.3114
tbn,580,0,16,46.73,516.205,17.8183,0.2941
tbn,580,0,17,46.995,516.32,29.2501,0.2865
tbn,580,0,18,47.23,516.48,39.2881,0.2842
tbn,580,0,19,47.43,516.685,51.9533,0.2921
tbn,580,0,20,47.585,516.93,63.4349,0.2907
tbn,580,0,21,47.695,517.205,72.7593,0.3036
tbn,580,0,22,47.755,517.505,84.4719,0.3114
tbn,580,0,23,47.755,517.8,96.1161,0.2816
tbn,580,0,24,47.705,518.07,105.0683,0.2693
tbn,580,0,25,47.615,518.325,113.7489,0.2731
tbn,580,0,26,47.48,518.56,126.0272,0.272
tbn,580,0,27,47.305,518.76,136.5485,0.2617
tbn,580,0,28,47.1,518.92,147.5291,0.2608
tbn,580,0,29,46.865,519.035,160.2019,0.2657
tbn,580,0,30,46.605,519.095,173.66,0.2717
tbn,580,0,31,46.35,519.095,7.1247,0.2419
tbn,580,0,32,46.125,519.04,20.855,0.2247
tbn,580,0,33,46.015,519.005,135.0,0.0141
tbn,580,0,34,46.625,519.87,54.4309,2.1145
tbn,580,0,35,47.03,520.855,149.2372,0.4888
tbn,580,1,0,46.18,516.65,174.2904,0.201
tbn,580,1,1,45.99,516.69,161.5654,0.1897
tbn,580,1,2,45.815,516.765,152.102,0.1924
tbn,580,1,3,45.66,516.87,139.3997,0.1844
tbn,580,1,4,45.53,517.005,128.6593,0.1921
tbn,580,1,5,45.425,517.165,117.8976,0.1924
tbn,580,1,6,45.35,517.34,108.4353,0.1897
tbn,580,1,7,45.31,517.53,95.7106,0.201
tbn,580,1,8,45.31,517.72,83.6597,0.1811
tbn,580,1,9,45.35,517.9,71.5647,0.1897
tbn,580,1,10,45.425,518.075,62.1024,0.1924
tbn,580,1,11,45.535,518.23,47.1216,0.191
tbn,580,1,12,45.675,518.365,40.9135,0.1985
tbn,580,1,13,45.83,518.475,29.3589,0.1836
tbn,580,1,14,46.0,518.55,18.4342,0.1897
tbn,580,1,15,46.185,518.59,6.0103,0.191
tbn,580,1,16,46.37,518.59,173.6585,0.1811
tbn,580,1,17,46.55,518.55,161.5658,0.1897
tbn,580,1,18,46.72,518.48,153.4344,0.1789
tbn,580,1,19,46.875,518.38,141.3398,0.1921
tbn,580,1,20,47.01,518.245,128.6607,0.1921
tbn,580,1,21,47.12,518.085,120.4643,0.1972
tbn,580,1,22,47.2,517.905,107.5264,0.1992
tbn,580,1,23,47.24,517.705,95.4405,0.2109
tbn,580,1,24,47.24,517.505,83.9909,0.1911
tbn,580,1,25,47.2,517.32,71.5647,0.1897
tbn,580,1,26,47.125,517.15,60.6428,0.1836
tbn,580,1,27,47.02,516.995,51.3393,0.1921
tbn,580,1,28,46.885,516.865,36.2544,0.186
tbn,580,1,29,46.73,516.765,29.3589,0.1836
tbn,580,1,30,46.555,516.69,17.5247,0.1993
tbn,580,1,31,46.37,516.65,6.3391,0.1811
tbn,581,0,0,48.425,517.34,95.7103,0.3015
tbn,581,0,1,48.48,517.06,107.1034,0.272
tbn,581,0,2,48.585,516.81,118.4426,0.273
tbn,581,0,3,48.735,516.595,131.8206,0.2549
tbn,581,0,4,48.925,516.42,142.6953,0.264
tbn,581,0,5,49.15,516.285,155.3765,0.264
tbn,581,0,6,49.4,516.195,164.9315,0.2693
tbn,581,0,7,49.675,516.145,174.0941,0.2915
tbn,581,0,8,49.96,516.145,6.1153,0.2816
tbn,581,0,9,50.235,516.195,14.5344,0.2789
tbn,581,0,10,50.49,516.285,24.6235,0.264
tbn,581,0,11,50.71,516.42,38.6603,0.2561
tbn,581,0,12,50.9,516.595,46.5479,0.2617
tbn,581,0,13,51.05,516.81,63.4349,0.2683
tbn,581,0,14,51.155,517.06,70.9061,0.2751
tbn,581,0,15,51.21,517.34,86.1859,0.3007
tbn,581,0,16,51.215,517.58,93.1805,0.1803
tbn,581,0,17,51.195,517.76,99.4619,0.1825
tbn,581,0,18,51.155,517.93,107.3542,0.1676
tbn,581,0,19,51.09,518.085,118.0728,0.17
tbn,581,0,20,51.0,518.23,125.5374,0.172
tbn,581,0,21,50.89,518.36,134.9991,0.1697
tbn,581,0,22,50.76,518.47,144.4634,0.172
tbn,581,0,23,50.61,518.555,156.3707,0.1746
tbn,581,0,24,50.66,518.69,37.569,0.328
tbn,581,0,25,50.885,518.915,52.7654,0.314
tbn,581,0,26,51.015,519.11,63.4349,0.1565
tbn,581,0,27,51.075,519.255,71.5646,0.1581
tbn,581,0,28,51.115,519.41,79.3797,0.1628
tbn,581,0,29,51.135,519.575,86.6341,0.1703
tbn,581,0,30,51.125,519.8,96.1153,0.2816
tbn,581,0,31,51.075,520.065,105.6422,0.2596
tbn,581,0,32,50.98,520.305,117.553,0.2594
tbn,581,0,33,50.84,520.515,130.1005,0.2484
tbn,581,0,34,50.665,520.69,139.8996,0.2484
tbn,581,0,35,50.455,520.825,154.4399,0.255
tbn,581,0,36,50.215,520.92,162.2549,0.2625
tbn,581,0,37,49.955,520.97,175.7643,0.2707
tbn,581,0,38,49.68,520.97,4.085,0.2807
tbn,581,0,39,49.415,520.92,17.7451,0.2625
tbn,581,0,40,49.18,520.825,26.5651,0.246
tbn,581,0,41,48.97,520.69,38.659,0.2561
tbn,581,0,42,48.795,520.515,51.7106,0.2421
tbn,581,0,43,48.66,520.305,62.447,0.2594
tbn,581,0,44,48.56,520.065,72.2557,0.2625
tbn,581,0,45,48.51,519.8,85.9143,0.2807
tbn,581,0,46,48.505,519.575,93.3659,0.1703
tbn,581,0,47,48.525,519.41,100.6203,0.1628
tbn,581,0,48,48.565,519.255,108.4354,0.1581
tbn,581,0,49,48.62,519.11,113.1992,0.1523
tbn,581,0,50,48.74,518.915,125.7534,0.3081
tbn,581,0,51,48.955,518.69,141.3396,0.3202
tbn,581,0,52,49.005,518.555,25.0171,0.1655
tbn,581,0,53,48.86,518.47,35.5374,0.172
tbn,581,0,54,48.735,518.36,47.49,0.1628
tbn,581,0,55,48.63,518.23,54.4616,0.172
tbn,581,0,56,48.545,518.085,64.9834,0.1655
tbn,581,0,57,48.485,517.93,72.6458,0.1676
tbn,581,0,58,48.44,517.76,77.4709,0.1844
tbn,581,0,59,48.415,517.58,86.8207,0.1803
tbn,581,1,0,49.9,520.465,176.4229,0.1603
tbn,581,1,1,50.055,520.435,161.5642,0.1581
tbn,581,1,2,50.195,520.37,148.3914,0.1526
tbn,581,1,3,50.32,520.28,140.1955,0.1562
tbn,581,1,4,50.43,520.17,129.8063,0.1562
tbn,581,1,5,50.52,520.045,121.6071,0.1526
tbn,581,1,6,50.585,519.9,107.3542,0.1676
tbn,581,1,7,50.62,519.74,97.125,0.1612
tbn,581,1,8,50.62,519.59,81.8697,0.1414
tbn,581,1,9,50.585,519.445,71.5655,0.1581
tbn,581,1,10,50.52,519.305,58.3914,0.1526
tbn,581,1,11,50.425,519.18,47.49,0.1628
tbn,581,1,12,50.31,519.065,42.5109,0.1628
tbn,581,1,13,50.18,518.97,29.7432,0.1612
tbn,581,1,14,50.04,518.9,23.2005,0.1523
tbn,581,1,15,49.895,518.865,3.8119,0.1503
tbn,581,1,16,49.745,518.865,176.1881,0.1503
tbn,581,1,17,49.595,518.9,158.1966,0.1616
tbn,581,1,18,49.455,518.97,148.3946,0.1526
tbn,581,1,19,49.325,519.065,139.7637,0.1703
tbn,581,1,20,49.21,519.18,129.8045,0.1562
tbn,581,1,21,49.12,519.305,121.6086,0.1526
tbn,581,1,22,49.055,519.445,108.4345,0.1581
tbn,581,1,23,49.02,519.59,98.1303,0.1414
tbn,581,1,24,49.02,519.74,82.875,0.1612
tbn,581,1,25,49.055,519.9,72.6458,0.1676
tbn,581,1,26,49.115,520.045,61.6989,0.1477
tbn,581,1,27,49.2,520.17,50.1937,0.1562
tbn,581,1,28,49.31,520.28,39.8054,0.1562
tbn,581,1,29,49.44,520.37,29.7456,0.1612
tbn,581,1,30,49.585,520.435,18.4358,0.1581
tbn,581,1,31,49.74,520.465,3.5771,0.1603
tbn,581,2,0,49.905,518.335,176.6329,0.1703
tbn,581,2,1,50.07,518.305,162.6475,0.1676
tbn,581,2,2,50.23,518.24,153.4344,0.1789
tbn,581,2,3,50.375,518.15,142.4312,0.164
tbn,581,2,4,50.495,518.035,130.2371,0.1703
tbn,581,2,5,50.595,517.9,122.734,0.1664
tbn,581,2,6,50.665,517.75,107.3542,0.1676
tbn,581,2,7,50.7,517.58,96.3403,0.1811
tbn,581,2,8,50.7,517.41,82.875,0.1612
tbn,581,2,9,50.665,517.25,72.6458,0.1676
tbn,581,2,10,50.595,517.095,59.0365,0.1749
tbn,581,2,11,50.495,516.96,47.4882,0.1628
tbn,581,2,12,50.37,516.845,38.1575,0.178
tbn,581,2,13,50.225,516.75,28.0734,0.17
tbn,581,2,14,50.07,516.685,17.355,0.1676
tbn,581,2,15,49.905,516.65,6.7086,0.1712
tbn,581,2,16,49.735,516.65,173.2912,0.1712
tbn,581,2,17,49.57,516.685,162.645,0.1676
tbn,581,2,18,49.415,516.75,151.9272,0.17
tbn,581,2,19,49.27,516.845,141.8425,0.178
tbn,581,2,20,49.145,516.96,132.5118,0.1628
tbn,581,2,21,49.045,517.095,120.9635,0.1749
tbn,581,2,22,48.97,517.25,110.5569,0.1709
tbn,581,2,23,48.93,517.41,97.125,0.1612
tbn,581,2,24,48.93,517.58,83.6597,0.1811
tbn,581,2,25,48.97,517.75,69.4431,0.1709
tbn,581,2,26,49.04,517.9,60.257,0.1613
tbn,581,2,27,49.14,518.035,47.2894,0.1769
tbn,581,2,28,49.265,518.15,37.5688,0.164
tbn,581,2,29,49.405,518.24,28.0728,0.17
tbn,581,2,30,49.565,518.305,16.3879,0.1772
tbn,581,2,31,49.735,518.335,3.3672,0.1703
tbn,582,0,0,52.405,516.795,12.994,0.1334
tbn,582,0,1,52.285,516.745,32.4709,0.1304
tbn,582,0,2,52.19,516.655,53.9735,0.136
tbn,582,0,3,52.14,516.535,81.2535,0.1315
tbn,582,0,4,52.14,516.405,98.746,0.1315
tbn,582,0,5,52.19,516.285,126.0265,0.136
tbn,582,0,6,52.285,516.195,147.5291,0.1304
tbn,582,0,7,52.405,516.145,167.006,0.1334
tbn,582,0,8,52.535,516.145,12.994,0.1334
tbn,582,0,9,52.655,516.195,32.4709,0.1304
tbn,582,0,10,52.745,516.285,57.5291,0.1304
tbn,582,0,11,52.795,516.405,77.0064,0.1334
tbn,582,0,12,52.795,516.535,102.9944,0.1334
tbn,582,0,13,52.745,516.655,122.4709,0.1304
tbn,582,0,14,52.655,516.745,147.5291,0.1304
tbn,582,0,15,52.535,516.795,167.006,0.1334
tbn,583,0,0,54.835,518.375,58.1688,4.5315
tbn,583,0,1,53.865,516.29,144.583,0.5522
tbn,583,0,2,55.525,518.47,58.4814,5.4899
tbn,583,0,3,55.3,520.81,0.0,3.32
tbn,583,0,4,53.64,520.555,90.0,0.51
tbn,583,0,5,54.835,520.3,0.0,2.39
tbn,584,0,0,24.19,528.485,90.0,0.51
tbn,584,0,1,23.06,528.74,0.0,2.26
tbn,584,0,2,21.93,526.44,90.0,4.6
tbn,584,0,3,22.225,524.14,0.0,0.59
tbn,584,0,4,22.52,525.29,90.0,2.3
tbn,584,0,5,23.325,526.44,0.0,1.61
tbn,584,0,6,24.13,526.695,90.0,0.51
tbn,584,0,7,23.325,526.95,0.0,1.61
tbn,584,0,8,22.52,527.59,90.0,1.28
tbn,584,0,9,23.355,528.23,0.0,1.67
tbn,585,0,0,26.8,528.905,2.3865,0.2402
tbn,585,0,1,26.56,528.88,9.4625,0.2433
tbn,585,0,2,26.325,528.83,14.6203,0.2377
tbn,585,0,3,26.1,528.76,19.9834,0.2341
tbn,585,0,4,25.88,528.67,24.4437,0.2417
tbn,585,0,5,25.67,528.56,30.9642,0.2332
tbn,585,0,6,25.48,528.43,37.8748,0.228
tbn,585,0,7,25.3,528.285,39.8044,0.2343
tbn,585,0,8,25.135,528.12,50.1945,0.2343
tbn,585,0,9,24.985,527.94,50.1945,0.2343
tbn,585,0,10,24.85,527.75,59.037,0.2332
tbn,585,0,11,24.74,527.54,65.5561,0.2417
tbn,585,0,12,24.645,527.32,67.7504,0.2377
tbn,585,0,13,24.57,527.095,75.3795,0.2377
tbn,585,0,14,24.525,526.855,83.1571,0.2518
tbn,585,0,15,24.5,526.605,85.426,0.2508
tbn,585,0,16,24.5,526.35,94.3988,0.2608
tbn,585,0,17,24.525,526.095,96.8429,0.2518
tbn,585,0,18,24.57,525.855,104.621,0.2377
tbn,585,0,19,24.645,525.625,111.3704,0.247
tbn,585,0,20,24.74,525.405,115.4635,0.2326
tbn,585,0,21,24.85,525.2,120.9639,0.2332
tbn,585,0,22,24.98,525.005,126.3839,0.236
tbn,585,0,23,25.13,524.825,133.2646,0.2335
tbn,585,0,24,25.295,524.665,138.5764,0.2267
tbn,585,0,25,25.475,524.52,143.6156,0.236
tbn,585,0,26,25.67,524.395,151.1892,0.2283
tbn,585,0,27,25.875,524.29,154.5369,0.2326
tbn,585,0,28,26.09,524.2,160.0166,0.2341
tbn,585,0,29,26.315,524.13,165.3797,0.2377
tbn,585,0,30,26.55,524.085,172.8753,0.2419
tbn,585,0,31,26.795,524.065,177.7089,0.2502
tbn,585,0,32,27.04,524.065,2.3865,0.2402
tbn,585,0,33,27.28,524.085,7.1247,0.2419
tbn,585,0,34,27.52,524.13,14.0357,0.2474
tbn,585,0,35,27.75,524.2,19.9834,0.2341
tbn,585,0,36,27.965,524.29,25.4631,0.2326
tbn,585,0,37,28.17,524.395,28.8108,0.2283
tbn,585,0,38,28.365,524.52,36.3844,0.236
tbn,585,0,39,28.545,524.665,41.4236,0.2267
tbn,585,0,40,28.71,524.825,46.7354,0.2335
tbn,585,0,41,28.86,525.005,53.6161,0.236
tbn,585,0,42,28.99,525.2,59.0361,0.2332
tbn,585,0,43,29.1,525.405,64.5365,0.2326
tbn,585,0,44,29.195,525.625,68.6296,0.247
tbn,585,0,45,29.27,525.855,75.379,0.2377
tbn,585,0,46,29.315,526.095,83.1571,0.2518
tbn,585,0,47,29.34,526.35,85.6012,0.2608
tbn,585,0,48,29.34,526.605,94.574,0.2508
tbn,585,0,49,29.31,526.855,99.0901,0.2532
tbn,585,0,50,29.26,527.095,104.621,0.2377
tbn,585,0,51,29.19,527.32,109.9836,0.2341
tbn,585,0,52,29.1,527.54,114.4439,0.2417
tbn,585,0,53,28.985,527.75,123.0231,0.2385
tbn,585,0,54,28.85,527.94,127.8748,0.228
tbn,585,0,55,28.7,528.12,131.6335,0.2408
tbn,585,0,56,28.535,528.285,138.5775,0.2267
tbn,585,0,57,28.355,528.43,143.6158,0.236
tbn,585,0,58,28.16,528.56,149.0358,0.2332
tbn,585,0,59,27.955,528.67,154.5369,0.2326
tbn,585,0,60,27.74,528.76,160.0166,0.2341
tbn,585,0,61,27.515,528.83,165.3797,0.2377
tbn,585,0,62,27.28,528.88,170.5375,0.2433
tbn,585,0,63,27.04,528.905,177.6135,0.2402
tbn,585,1,0,26.825,524.575,176.9889,0.1903
tbn,585,1,1,26.645,524.595,169.9924,0.1726
tbn,585,1,2,26.47,524.63,167.4709,0.1844
tbn,585,1,3,26.295,524.685,157.6197,0.1838
tbn,585,1,4,26.055,524.805,151.2595,0.3536
tbn,585,1,5,25.765,525.005,139.5743,0.3547
tbn,585,1,6,25.52,525.26,128.1575,0.3561
tbn,585,1,7,25.32,525.565,118.6104,0.3759
tbn,585,1,8,25.2,525.82,108.4348,0.1897
tbn,585,1,9,25.15,526.0,102.5285,0.1844
tbn,585,1,10,25.115,526.185,98.9727,0.1924
tbn,585,1,11,25.095,526.38,92.8625,0.2002
tbn,585,1,12,25.095,526.58,87.1375,0.2002
tbn,585,1,13,25.11,526.775,83.9909,0.1911
tbn,585,1,14,25.145,526.96,74.4761,0.1868
tbn,585,1,15,25.195,527.135,73.6105,0.1772
tbn,585,1,16,25.3,527.385,64.1335,0.3667
tbn,585,1,17,25.49,527.69,51.8427,0.3561
tbn,585,1,18,25.735,527.95,41.6341,0.3613
tbn,585,1,19,26.025,528.16,30.1404,0.3585
tbn,585,1,20,26.265,528.28,19.4416,0.1803
tbn,585,1,21,26.44,528.335,15.5227,0.1868
tbn,585,1,22,26.625,528.375,8.9746,0.1924
tbn,585,1,23,26.82,528.395,2.8608,0.2003
tbn,585,1,24,27.02,528.395,177.1392,0.2003
tbn,585,1,25,27.215,528.375,171.0254,0.1924
tbn,585,1,26,27.4,528.335,164.4773,0.1868
tbn,585,1,27,27.575,528.28,160.5584,0.1803
tbn,585,1,28,27.815,528.16,149.8596,0.3585
tbn,585,1,29,28.105,527.95,138.3659,0.3613
tbn,585,1,30,28.345,527.69,126.8701,0.35
tbn,585,1,31,28.53,527.385,115.8662,0.3667
tbn,585,1,32,28.64,527.135,109.4401,0.1803
tbn,585,1,33,28.69,526.96,102.5285,0.1844
tbn,585,1,34,28.725,526.775,98.9727,0.1924
tbn,585,1,35,28.745,526.58,92.8625,0.2002
tbn,585,1,36,28.745,526.38,87.1375,0.2002
tbn,585,1,37,28.725,526.185,81.0273,0.1924
tbn,585,1,38,28.69,526.0,77.4715,0.1844
tbn,585,1,39,28.635,525.82,68.7496,0.1931
tbn,585,1,40,28.515,525.565,62.7448,0.3712
tbn,585,1,41,28.32,525.26,51.8425,0.3561
tbn,585,1,42,28.07,525.005,39.4003,0.3623
tbn,585,1,43,27.775,524.805,28.7407,0.3536
tbn,585,1,44,27.54,524.685,23.6293,0.1746
tbn,585,1,45,27.37,524.63,12.5291,0.1844
tbn,585,1,46,27.19,524.595,9.4619,0.1825
tbn,585,1,47,27.01,524.575,3.1781,0.1803
tbn,586,0,0,31.49,526.185,11.769,0.2452
tbn,586,0,1,31.715,526.26,25.4629,0.2326
tbn,586,0,2,31.915,526.375,34.3797,0.2302
tbn,586,0,3,32.09,526.52,45.0007,0.2263
tbn,586,0,4,32.23,526.69,56.3102,0.2163
tbn,586,0,5,32.34,526.885,64.5369,0.2326
tbn,586,0,6,32.415,527.105,77.7343,0.2354
tbn,586,0,7,32.45,527.335,85.0312,0.2309
tbn,586,0,8,32.44,527.61,97.1245,0.3225
tbn,586,0,9,32.365,527.915,110.7723,0.3102
tbn,586,0,10,32.22,528.19,124.695,0.3162
tbn,586,0,11,32.005,528.425,139.9699,0.3265
tbn,586,0,12,31.735,528.59,157.5215,0.3138
tbn,586,0,13,31.43,528.68,169.3794,0.3256
tbn,586,0,14,31.11,528.725,174.6444,0.3214
tbn,586,0,15,30.79,528.74,0.0,0.32
tbn,586,0,16,30.27,528.74,0.0,0.72
tbn,586,0,17,29.91,526.44,90.0,4.6
tbn,586,0,18,30.21,524.14,0.0,0.6
tbn,586,0,19,30.51,525.12,90.0,1.96
tbn,586,0,20,30.63,526.1,0.0,0.24
tbn,586,0,21,31.44,525.12,125.1487,2.3971
tbn,586,0,22,32.47,524.14,0.0,0.68
tbn,586,0,23,32.09,525.15,125.484,2.4807
tbn,586,1,0,30.585,528.23,0.0,0.15
tbn,586,1,1,30.775,528.225,177.5099,0.2302
tbn,586,1,2,31.0,528.21,174.8064,0.2209
tbn,586,1,3,31.22,528.18,169.6949,0.2236
tbn,586,1,4,31.43,528.125,160.7101,0.2119
tbn,586,1,5,31.615,528.04,149.5348,0.1972
tbn,586,1,6,31.765,527.92,132.8788,0.191
tbn,586,1,7,31.875,527.755,115.3459,0.2102
tbn,586,1,8,31.935,527.545,97.4315,0.232
tbn,586,1,9,31.935,527.31,82.8748,0.2419
tbn,586,1,10,31.88,527.095,67.1666,0.2062
tbn,586,1,11,31.775,526.93,47.1212,0.191
tbn,586,1,12,31.63,526.805,34.5087,0.1942
tbn,586,1,13,31.455,526.715,20.2247,0.2025
tbn,586,1,14,31.255,526.66,10.7826,0.2138
tbn,586,1,15,31.035,526.63,4.9708,0.2309
tbn,586,1,16,30.805,526.615,2.4901,0.2302
tbn,586,1,17,30.6,526.61,0.0,0.18
tbn,586,1,18,30.51,527.42,90.0,1.62
tbn,587,0,0,33.535,524.14,0.0,0.59
tbn,587,0,1,33.83,525.875,90.0,3.47
tbn,587,0,2,35.535,525.78,132.9748,5.0024
tbn,587,0,3,37.24,526.345,90.0,4.79
tbn,587,0,4,36.94,528.74,0.0,0.6
tbn,587,0,5,36.64,527.06,90.0,3.36
tbn,587,0,6,34.94,527.17,133.5228,4.9372
tbn,587,0,7,33.24,526.55,90.0,4.82
tbn,588,0,0,39.3,524.14,0.0,2.5
tbn,588,0,1,40.55,524.395,90.0,0.51
tbn,588,0,2,39.6,524.65,0.0,1.9
tbn,588,0,3,38.65,525.545,90.0,1.79
tbn,588,0,4,39.575,526.44,0.0,1.85
tbn,588,0,5,40.5,526.695,90.0,0.51
tbn,588,0,6,39.575,526.95,0.0,1.85
tbn,588,0,7,38.65,527.59,90.0,1.28
tbn,588,0,8,39.6,528.23,0.0,1.9
tbn,588,0,9,40.55,528.485,90.0,0.51
tbn,588,0,10,39.3,528.74,0.0,2.5
tbn,588,0,11,38.05,526.44,90.0,4.6
tbn,589,0,0,42.27,525.16,90.0,2.04
tbn,589,0,1,42.565,524.14,0.0,0.59
tbn,589,0,2,42.86,525.16,90.0,2.04
tbn,589,0,3,43.615,527.46,59.466,2.9722
tbn,589,0,4,44.04,528.74,0.0,0.66
tbn,589,0,5,43.135,527.78,59.0802,2.2381
tbn,589,0,6,41.99,527.78,120.6997,2.2329
tbn,589,0,7,41.09,528.74,0.0,0.66
tbn,589,0,8,41.515,527.46,120.534,2.9722
tbn,590,0,0,48.35,528.23,0.0,1.1
tbn,590,0,1,48.9,528.485,90.0,0.51
tbn,590,0,2,47.505,528.74,0.0,2.79
tbn,590,0,3,46.11,528.485,90.0,0.51
tbn,590,0,4,46.66,528.23,0.0,1.1
tbn,590,0,5,47.21,526.185,90.0,4.09
tbn,590,0,6,47.505,524.14,0.0,0.59
tbn,590,0,7,47.8,526.185,90.0,4.09
tbn,591,0,0,51.285,528.905,2.2911,0.2502
tbn,591,0,1,51.045,528.88,9.866,0.2335
tbn,591,0,2,50.81,528.83,14.0356,0.2474
tbn,591,0,3,50.58,528.76,19.9837,0.2341
tbn,591,0,4,50.365,528.67,25.4627,0.2326
tbn,591,0,5,50.16,528.56,30.9647,0.2332
tbn,591,0,6,49.965,528.43,36.3839,0.236
tbn,591,0,7,49.785,528.285,41.4228,0.2267
tbn,591,0,8,49.62,528.12,48.3665,0.2408
tbn,591,0,9,49.47,527.94,52.1252,0.228
tbn,591,0,10,49.34,527.75,59.0362,0.2332
tbn,591,0,11,49.225,527.54,63.4349,0.246
tbn,591,0,12,49.13,527.32,70.0168,0.2341
tbn,591,0,13,49.06,527.095,75.379,0.2377
tbn,591,0,14,49.01,526.855,80.9095,0.2532
tbn,591,0,15,48.985,526.605,87.7098,0.2502
tbn,591,0,16,48.985,526.35,92.2022,0.2602
tbn,591,0,17,49.01,526.095,99.0905,0.2532
tbn,591,0,18,49.06,525.855,104.6215,0.2377
tbn,591,0,19,49.13,525.625,109.1783,0.2435
tbn,591,0,20,49.225,525.405,117.6462,0.2371
tbn,591,0,21,49.34,525.2,120.9647,0.2332
tbn,591,0,22,49.47,525.005,126.3839,0.236
tbn,591,0,23,49.62,524.825,133.2646,0.2335
tbn,591,0,24,49.785,524.665,138.5757,0.2267
tbn,591,0,25,49.965,524.52,143.6161,0.236
tbn,591,0,26,50.16,524.395,151.1887,0.2283
tbn,591,0,27,50.365,524.29,154.5373,0.2326
tbn,591,0,28,50.58,524.2,160.0163,0.2341
tbn,591,0,29,50.805,524.13,165.3797,0.2377
tbn,591,0,30,51.04,524.085,172.8753,0.2419
tbn,591,0,31,51.285,524.065,177.7089,0.2502
tbn,591,0,32,51.53,524.065,2.3864,0.2402
tbn,591,0,33,51.77,524.085,7.1248,0.2419
tbn,591,0,34,52.005,524.13,14.6203,0.2377
tbn,591,0,35,52.23,524.2,19.9834,0.2341
tbn,591,0,36,52.45,524.29,24.4435,0.2417
tbn,591,0,37,52.66,524.395,28.8113,0.2283
tbn,591,0,38,52.85,524.52,37.8748,0.228
tbn,591,0,39,53.03,524.665,39.8058,0.2343
tbn,591,0,40,53.195,524.825,48.5757,0.2267
tbn,591,0,41,53.34,525.005,53.6161,0.236
tbn,591,0,42,53.475,525.2,56.9755,0.2385
tbn,591,0,43,53.59,525.405,64.5369,0.2326
tbn,591,0,44,53.68,525.625,70.8208,0.2435
tbn,591,0,45,53.75,525.855,75.3794,0.2377
tbn,591,0,46,53.8,526.095,80.9095,0.2532
tbn,591,0,47,53.825,526.35,87.7969,0.2602
tbn,591,0,48,53.825,526.605,92.2911,0.2502
tbn,591,0,49,53.8,526.855,99.0905,0.2532
tbn,591,0,50,53.75,527.095,104.6201,0.2377
tbn,591,0,51,53.68,527.32,109.9841,0.2341
tbn,591,0,52,53.585,527.54,116.5651,0.246
tbn,591,0,53,53.47,527.75,120.963,0.2332
tbn,591,0,54,53.34,527.94,127.8748,0.228
tbn,591,0,55,53.19,528.12,131.6335,0.2408
tbn,591,0,56,53.025,528.285,138.5778,0.2267
tbn,591,0,57,52.845,528.43,143.6156,0.236
tbn,591,0,58,52.65,528.56,149.0358,0.2332
tbn,591,0,59,52.445,528.67,154.5369,0.2326
tbn,591,0,60,52.23,528.76,160.0166,0.2341
tbn,591,0,61,52.005,528.83,165.3797,0.2377
tbn,591,0,62,51.77,528.88,170.5374,0.2433
tbn,591,0,63,51.53,528.905,177.6136,0.2402
tbn,591,1,0,51.315,524.575,176.9888,0.1903
tbn,591,1,1,51.13,524.595,170.5381,0.1825
tbn,591,1,2,50.955,524.63,166.7593,0.1746
tbn,591,1,3,50.785,524.685,157.6197,0.1838
tbn,591,1,4,50.545,524.805,151.2595,0.3536
tbn,591,1,5,50.255,525.005,139.5745,0.3547
tbn,591,1,6,50.005,525.26,129.4007,0.3624
tbn,591,1,7,49.805,525.565,117.2549,0.3712
tbn,591,1,8,49.69,525.82,108.4353,0.1897
tbn,591,1,9,49.635,526.0,105.5239,0.1868
tbn,591,1,10,49.6,526.185,96.0091,0.1911
tbn,591,1,11,49.585,526.38,92.8631,0.2002
tbn,591,1,12,49.58,526.58,90.0,0.2
tbn,591,1,13,49.595,526.775,81.0267,0.1924
tbn,591,1,14,49.63,526.96,77.4709,0.1844
tbn,591,1,15,49.68,527.135,70.5605,0.1803
tbn,591,1,16,49.79,527.385,64.1338,0.3667
tbn,591,1,17,49.98,527.69,51.8425,0.3561
tbn,591,1,18,50.22,527.95,42.7102,0.3538
tbn,591,1,19,50.51,528.16,29.3568,0.3671
tbn,591,1,20,50.755,528.28,19.4414,0.1803
tbn,591,1,21,50.93,528.335,15.5227,0.1868
tbn,591,1,22,51.115,528.375,8.9746,0.1924
tbn,591,1,23,51.31,528.395,2.8608,0.2003
tbn,591,1,24,51.505,528.395,176.9888,0.1903
tbn,591,1,25,51.695,528.375,171.0256,0.1924
tbn,591,1,26,51.88,528.335,164.4773,0.1868
tbn,591,1,27,52.06,528.28,161.5636,0.1897
tbn,591,1,28,52.305,528.16,149.8594,0.3585
tbn,591,1,29,52.595,527.95,138.3659,0.3613
tbn,591,1,30,52.835,527.69,126.8699,0.35
tbn,591,1,31,53.02,527.385,115.8662,0.3667
tbn,591,1,32,53.13,527.135,109.4406,0.1803
tbn,591,1,33,53.18,526.96,102.5291,0.1844
tbn,591,1,34,53.215,526.775,98.9722,0.1924
tbn,591,1,35,53.235,526.58,92.8631,0.2002
tbn,591,1,36,53.235,526.38,87.1369,0.2002
tbn,591,1,37,53.215,526.185,81.0278,0.1924
tbn,591,1,38,53.175,526.0,74.4761,0.1868
tbn,591,1,39,53.12,525.82,71.5647,0.1897
tbn,591,1,40,53.005,525.565,62.7445,0.3712
tbn,591,1,41,52.805,525.26,50.5993,0.3624
tbn,591,1,42,52.555,525.005,40.4255,0.3547
tbn,591,1,43,52.265,524.805,28.7408,0.3536
tbn,591,1,44,52.025,524.685,22.3798,0.1838
tbn,591,1,45,51.855,524.63,13.2409,0.1746
tbn,591,1,46,51.68,524.595,9.4619,0.1825
tbn,591,1,47,51.5,524.575,3.1781,0.1803
tbn,592,0,0,54.2,528.74,0.0,0.62
tbn,592,0,1,54.85,526.355,111.9256,5.1419
tbn,592,0,2,56.465,525.665,68.8719,3.6343
tbn,592,0,3,57.775,525.665,111.1281,3.6343
tbn,592,0,4,59.395,526.355,67.9712,5.1457
tbn,592,0,5,60.045,528.74,0.0,0.63
tbn,592,0,6,59.08,527.105,68.3195,3.5189
tbn,592,0,7,57.775,527.19,110.8476,3.681
tbn,592,0,8,56.47,527.225,68.9055,3.612
tbn,592,0,9,55.165,527.14,112.263,3.4578
tbn,593,0,0,61.94,524.14,0.0,2.5
tbn,593,0,1,63.19,524.395,90.0,0.51
tbn,593,0,2,62.24,524.65,0.0,1.9
tbn,593,0,3,61.29,525.545,90.0,1.79
tbn,593,0,4,62.215,526.44,0.0,1.85
tbn,593,0,5,63.14,526.695,90.0,0.51
tbn,593,0,6,62.215,526.95,0.0,1.85
tbn,593,0,7,61.29,527.59,90.0,1.28
tbn,593,0,8,62.24,528.23,0.0,1.9
tbn,593,0,9,63.19,528.485,90.0,0.51
tbn,593,0,10,61.94,528.74,0.0,2.5
tbn,593,0,11,60.69,526.44,90.0,4.6
tbn,594,0,0,65.465,526.185,11.3106,0.255
tbn,594,0,1,65.695,526.26,25.4631,0.2326
tbn,594,0,2,65.895,526.375,34.3794,0.2302
tbn,594,0,3,66.07,526.52,45.0014,0.2263
tbn,594,0,4,66.21,526.69,56.3094,0.2163
tbn,594,0,5,66.315,526.885,66.8022,0.2285
tbn,594,0,6,66.39,527.105,75.3777,0.2377
tbn,594,0,7,66.43,527.335,85.0312,0.2309
tbn,594,0,8,66.42,527.61,97.1252,0.3225
tbn,594,0,9,66.345,527.915,110.7723,0.3102
tbn,594,0,10,66.2,528.19,124.695,0.3162
tbn,594,0,11,65.985,528.425,139.9699,0.3265
tbn,594,0,12,65.71,528.59,158.1991,0.3231
tbn,594,0,13,65.405,528.68,169.0449,0.3158
tbn,594,0,14,65.09,528.725,174.6445,0.3214
tbn,594,0,15,64.77,528.74,0.0,0.32
tbn,594,0,16,64.25,528.74,0.0,0.72
tbn,594,0,17,63.89,526.44,90.0,4.6
tbn,594,0,18,64.185,524.14,0.0,0.59
tbn,594,0,19,64.48,525.12,90.0,1.96
tbn,594,0,20,64.605,526.1,0.0,0.25
tbn,594,0,21,65.42,525.12,125.1486,2.3971
tbn,594,0,22,66.45,524.14,0.0,0.68
tbn,594,0,23,66.065,525.15,125.6716,2.4865
tbn,594,1,0,64.56,528.23,0.0,0.16
tbn,594,1,1,64.75,528.225,177.3968,0.2202
tbn,594,1,2,64.975,528.21,175.0312,0.2309
tbn,594,1,3,65.195,528.18,169.2154,0.2138
tbn,594,1,4,65.4,528.125,160.7104,0.2119
tbn,594,1,5,65.585,528.04,149.5346,0.1972
tbn,594,1,6,65.74,527.92,135.0,0.198
tbn,594,1,7,65.855,527.755,115.345,0.2102
tbn,594,1,8,65.915,527.545,97.431,0.232
tbn,594,1,9,65.915,527.31,82.8752,0.2419
tbn,594,1,10,65.86,527.095,67.1681,0.2062
tbn,594,1,11,65.755,526.93,47.1199,0.1911
tbn,594,1,12,65.61,526.805,34.5093,0.1942
tbn,594,1,13,65.43,526.715,19.2896,0.2119
tbn,594,1,14,65.225,526.66,10.7826,0.2138
tbn,594,1,15,65.01,526.63,5.1955,0.2209
tbn,594,1,16,64.785,526.615,2.4901,0.2302
tbn,594,1,17,64.575,526.61,0.0,0.19
tbn,594,1,18,64.48,527.42,90.0,1.62
tbn,595,0,0,23.03,534.11,90.0,4.08
tbn,595,0,1,23.29,532.07,0.0,0.52
tbn,595,0,2,23.55,534.37,90.0,4.6
tbn,595,0,3,23.05,536.67,0.0,1.0
tbn,595,0,4,22.39,536.41,58.3925,0.6106
tbn,595,0,5,22.63,536.15,0.0,0.8
tbn,596,0,0,26.58,534.11,90.0,4.08
tbn,596,0,1,26.835,532.07,0.0,0.51
tbn,596,0,2,27.09,534.37,90.0,4.6
tbn,596,0,3,26.59,536.67,0.0,1.0
tbn,596,0,4,25.93,536.41,58.3925,0.6106
tbn,596,0,5,26.175,536.15,0.0,0.81
tbn,597,0,0,28.945,533.2,95.7107,0.3015
tbn,597,0,1,29.0,532.915,106.5043,0.2816
tbn,597,0,2,29.105,532.665,119.4758,0.2642
tbn,597,0,3,29.255,532.45,130.3644,0.2625
tbn,597,0,4,29.44,532.27,141.3403,0.2561
tbn,597,0,5,29.66,532.135,155.3763,0.264
tbn,597,0,6,29.915,532.045,165.4656,0.2789
tbn,597,0,7,30.19,531.995,173.8847,0.2816
tbn,597,0,8,30.475,531.995,5.9059,0.2915
tbn,597,0,9,30.75,532.045,15.0684,0.2693
tbn,597,0,10,31.0,532.135,24.6237,0.264
tbn,597,0,11,31.225,532.27,37.304,0.264
tbn,597,0,12,31.415,532.45,49.6356,0.2625
tbn,597,0,13,31.565,532.665,60.5239,0.2642
tbn,597,0,14,31.67,532.915,73.4957,0.2816
tbn,597,0,15,31.725,533.2,84.2896,0.3015
tbn,597,0,16,31.735,533.435,93.3666,0.1703
tbn,597,0,17,31.71,533.61,102.5285,0.1844
tbn,597,0,18,31.665,533.78,107.3544,0.1676
tbn,597,0,19,31.6,533.935,118.0717,0.17
tbn,597,0,20,31.515,534.08,122.7354,0.1664
tbn,597,0,21,31.41,534.21,135.0005,0.1697
tbn,597,0,22,31.28,534.32,144.4616,0.172
tbn,597,0,23,31.13,534.41,153.4358,0.1789
tbn,597,0,24,31.18,534.545,36.1583,0.322
tbn,597,0,25,31.405,534.765,52.7654,0.314
tbn,597,0,26,31.53,534.96,66.8008,0.1523
tbn,597,0,27,31.585,535.105,71.5655,0.1581
tbn,597,0,28,31.625,535.26,79.3808,0.1628
tbn,597,0,29,31.645,535.425,86.6334,0.1703
tbn,597,0,30,31.64,535.65,94.0853,0.2807
tbn,597,0,31,31.59,535.915,107.7451,0.2625
tbn,597,0,32,31.495,536.155,115.5597,0.255
tbn,597,0,33,31.36,536.365,130.1005,0.2484
tbn,597,0,34,31.18,536.54,141.3403,0.2561
tbn,597,0,35,30.97,536.68,151.3897,0.2506
tbn,597,0,36,30.735,536.775,164.3578,0.2596
tbn,597,0,37,30.47,536.825,173.884,0.2816
tbn,597,0,38,30.195,536.825,6.3407,0.2717
tbn,597,0,39,29.935,536.775,15.6422,0.2596
tbn,597,0,40,29.695,536.68,27.5526,0.2594
tbn,597,0,41,29.485,536.54,40.1008,0.2484
tbn,597,0,42,29.31,536.365,49.8995,0.2484
tbn,597,0,43,29.17,536.155,62.4474,0.2594
tbn,597,0,44,29.075,535.915,74.3578,0.2596
tbn,597,0,45,29.025,535.65,83.8843,0.2816
tbn,597,0,46,29.015,535.425,93.3666,0.1703
tbn,597,0,47,29.035,535.26,100.6199,0.1628
tbn,597,0,48,29.075,535.105,108.4345,0.1581
tbn,597,0,49,29.135,534.96,116.5651,0.1565
tbn,597,0,50,29.26,534.765,125.7539,0.3081
tbn,597,0,51,29.47,534.545,141.6321,0.3061
tbn,597,0,52,29.515,534.41,28.072,0.17
tbn,597,0,53,29.375,534.32,37.569,0.164
tbn,597,0,54,29.25,534.21,45.0,0.1697
tbn,597,0,55,29.145,534.08,57.2646,0.1664
tbn,597,0,56,29.06,533.935,61.9278,0.17
tbn,597,0,57,28.995,533.78,72.6462,0.1676
tbn,597,0,58,28.955,533.61,80.5375,0.1825
tbn,597,0,59,28.935,533.435,86.6334,0.1703
tbn,597,1,0,30.41,536.315,176.4229,0.1603
tbn,597,1,1,30.565,536.285,161.5653,0.1581
tbn,597,1,2,30.71,536.225,153.4353,0.1565
tbn,597,1,3,30.84,536.14,140.1946,0.1562
tbn,597,1,4,30.95,536.03,129.805,0.1562
tbn,597,1,5,31.04,535.9,119.745,0.1612
tbn,597,1,6,31.1,535.75,104.0366,0.1649
tbn,597,1,7,31.13,535.59,97.1245,0.1612
tbn,597,1,8,31.13,535.44,81.8704,0.1414
tbn,597,1,9,31.095,535.3,70.3457,0.1487
tbn,597,1,10,31.03,535.16,60.255,0.1612
tbn,597,1,11,30.94,535.03,50.195,0.1562
tbn,597,1,12,30.825,534.915,40.2367,0.1703
tbn,597,1,13,30.695,534.82,31.607,0.1526
tbn,597,1,14,30.555,534.755,18.4345,0.1581
tbn,597,1,15,30.405,534.72,7.5948,0.1513
tbn,597,1,16,30.255,534.72,172.4052,0.1513
tbn,597,1,17,30.11,534.755,160.3464,0.1487
tbn,597,1,18,29.97,534.82,150.256,0.1612
tbn,597,1,19,29.84,534.915,137.4891,0.1628
tbn,597,1,20,29.73,535.03,129.805,0.1562
tbn,597,1,21,29.635,535.16,122.7354,0.1664
tbn,597,1,22,29.565,535.3,109.6536,0.1487
tbn,597,1,23,29.53,535.44,98.1303,0.1414
tbn,597,1,24,29.53,535.59,82.8748,0.1612
tbn,597,1,25,29.565,535.75,72.6462,0.1676
tbn,597,1,26,29.63,535.9,60.255,0.1612
tbn,597,1,27,29.72,536.03,50.195,0.1562
tbn,597,1,28,29.83,536.14,39.8054,0.1562
tbn,597,1,29,29.96,536.225,26.5647,0.1565
tbn,597,1,30,30.1,536.285,19.6536,0.1487
tbn,597,1,31,30.25,536.315,3.5771,0.1603
tbn,597,2,0,30.42,534.19,173.6609,0.1811
tbn,597,2,1,30.59,534.155,162.645,0.1676
tbn,597,2,2,30.745,534.09,151.928,0.17
tbn,597,2,3,30.885,534.0,142.431,0.164
tbn,597,2,4,31.01,533.89,135.0,0.1697
tbn,597,2,5,31.11,533.755,118.0728,0.17
tbn,597,2,6,31.18,533.6,110.556,0.1709
tbn,597,2,7,31.22,533.435,96.7094,0.1712
tbn,597,2,8,31.22,533.265,83.2906,0.1712
tbn,597,2,9,31.18,533.1,69.444,0.1709
tbn,597,2,10,31.105,532.95,57.2652,0.1664
tbn,597,2,11,31.005,532.815,49.7629,0.1703
tbn,597,2,12,30.885,532.695,40.2363,0.1703
tbn,597,2,13,30.74,532.6,26.5656,0.1789
tbn,597,2,14,30.58,532.535,17.3538,0.1676
tbn,597,2,15,30.415,532.5,6.71,0.1712
tbn,597,2,16,30.245,532.5,173.29,0.1712
tbn,597,2,17,30.08,532.535,162.6462,0.1676
tbn,597,2,18,29.925,532.6,151.9269,0.17
tbn,597,2,19,29.785,532.695,139.7633,0.1703
tbn,597,2,20,29.66,532.815,132.7102,0.1769
tbn,597,2,21,29.56,532.95,119.745,0.1612
tbn,597,2,22,29.49,533.1,110.5554,0.1709
tbn,597,2,23,29.45,533.265,96.7101,0.1712
tbn,597,2,24,29.45,533.435,83.2899,0.1712
tbn,597,2,25,29.485,533.6,72.6466,0.1676
tbn,597,2,26,29.555,533.755,59.0358,0.1749
tbn,597,2,27,29.655,533.89,47.4891,0.1628
tbn,597,2,28,29.78,534.0,35.5384,0.172
tbn,597,2,29,29.925,534.09,28.072,0.17
tbn,597,2,30,30.08,534.155,17.355,0.1676
tbn,597,2,31,30.245,534.19,6.7087,0.1712
tbn,598,0,0,32.915,532.65,8.7463,0.1315
tbn,598,0,1,32.795,532.6,36.0265,0.136
tbn,598,0,2,32.705,532.505,57.5291,0.1304
tbn,598,0,3,32.655,532.385,77.006,0.1334
tbn,598,0,4,32.655,532.255,102.994,0.1334
tbn,598,0,5,32.705,532.135,122.4709,0.1304
tbn,598,0,6,32.795,532.045,147.5291,0.1304
tbn,598,0,7,32.915,531.995,167.006,0.1334
tbn,598,0,8,33.045,531.995,12.994,0.1334
tbn,598,0,9,33.165,532.045,32.4709,0.1304
tbn,598,0,10,33.26,532.135,53.9735,0.136
tbn,598,0,11,33.31,532.255,81.2537,0.1315
tbn,598,0,12,33.31,532.385,98.7463,0.1315
tbn,598,0,13,33.26,532.505,126.0265,0.136
tbn,598,0,14,33.165,532.6,143.9735,0.136
tbn,598,0,15,33.045,532.65,171.2537,0.1315
tbn,599,0,0,35.35,534.225,58.2764,4.5262
tbn,599,0,1,34.38,532.14,143.9728,0.5441
tbn,599,0,2,36.04,534.325,58.4471,5.5037
tbn,599,0,3,35.82,536.67,0.0,3.32
tbn,599,0,4,34.16,536.41,90.0,0.52
tbn,599,0,5,35.35,536.15,0.0,2.38
tbn,600,0,0,43.15,533.53,51.7099,2.4207
tbn,600,0,1,43.97,534.585,56.3099,0.2524
tbn,600,0,2,44.09,534.81,67.3795,0.26
tbn,600,0,3,44.17,535.06,77.006,0.2668
tbn,600,0,4,44.21,535.32,85.6012,0.2608
tbn,600,0,5,44.205,535.595,95.9059,0.2915
tbn,600,0,6,44.15,535.875,106.5047,0.2816
tbn,600,0,7,44.045,536.13,118.4426,0.2729
tbn,600,0,8,43.895,536.35,130.3648,0.2625
tbn,600,0,9,43.705,536.53,142.696,0.264
tbn,600,0,10,43.48,536.67,153.4346,0.2683
tbn,600,0,11,43.225,536.77,163.4961,0.2816
tbn,600,0,12,42.945,536.825,174.0933,0.2915
tbn,600,0,13,42.65,536.825,5.711,0.3015
tbn,600,0,14,42.365,536.775,14.5346,0.2789
tbn,600,0,15,42.115,536.68,27.5523,0.2594
tbn,600,0,16,41.895,536.54,37.304,0.264
tbn,600,0,17,41.705,536.36,49.6359,0.2625
tbn,600,0,18,41.555,536.145,60.5239,0.2642
tbn,600,0,19,41.44,535.895,69.6772,0.2879
tbn,600,0,20,41.365,535.61,80.5371,0.3041
tbn,600,0,21,41.63,535.46,0.0,0.58
tbn,600,0,22,41.93,535.545,83.2899,0.1712
tbn,600,0,23,41.97,535.715,70.5609,0.1803
tbn,600,0,24,42.045,535.87,57.2646,0.1664
tbn,600,0,25,42.14,536.005,52.431,0.164
tbn,600,0,26,42.255,536.125,40.2361,0.1703
tbn,600,0,27,42.395,536.22,28.0728,0.17
tbn,600,0,28,42.55,536.285,17.3538,0.1676
tbn,600,0,29,42.715,536.315,3.3671,0.1703
tbn,600,0,30,42.89,536.315,176.8195,0.1803
tbn,600,0,31,43.065,536.28,160.5594,0.1803
tbn,600,0,32,43.225,536.21,151.9283,0.17
tbn,600,0,33,43.37,536.115,141.8425,0.178
tbn,600,0,34,43.495,535.995,130.2363,0.1703
tbn,600,0,35,43.595,535.85,119.3578,0.1836
tbn,600,0,36,43.665,535.685,106.3895,0.1772
tbn,600,0,37,43.7,535.51,96.3403,0.1811
tbn,600,0,38,43.69,535.305,80.134,0.2335
tbn,600,0,39,43.625,535.08,67.7511,0.2377
tbn,600,0,40,43.515,534.87,56.976,0.2385
tbn,600,0,41,43.375,534.675,51.7101,0.2421
tbn,600,0,42,42.29,533.325,51.1735,3.2219
tbn,600,0,43,42.75,532.07,0.0,2.94
tbn,600,0,44,44.22,532.325,90.0,0.51
tbn,600,0,45,43.31,532.58,0.0,1.82
tbn,601,0,0,46.695,533.53,51.5246,2.427
tbn,601,0,1,47.515,534.585,58.2402,0.247
tbn,601,0,2,47.63,534.81,67.3795,0.26
tbn,601,0,3,47.71,535.06,77.006,0.2668
tbn,601,0,4,47.755,535.32,83.4174,0.2617
tbn,601,0,5,47.755,535.595,95.9066,0.2915
tbn,601,0,6,47.695,535.875,108.4349,0.2846
tbn,601,0,7,47.585,536.13,118.4426,0.2729
tbn,601,0,8,47.435,536.35,130.3648,0.2625
tbn,601,0,9,47.245,536.53,142.696,0.264
tbn,601,0,10,47.02,536.67,153.4346,0.2683
tbn,601,0,11,46.765,536.77,163.4961,0.2816
tbn,601,0,12,46.49,536.825,173.8839,0.2816
tbn,601,0,13,46.2,536.825,5.7111,0.3015
tbn,601,0,14,45.915,536.775,14.5344,0.2789
tbn,601,0,15,45.66,536.68,26.5647,0.2683
tbn,601,0,16,45.435,536.54,37.304,0.264
tbn,601,0,17,45.245,536.36,49.6359,0.2625
tbn,601,0,18,45.095,536.145,60.5239,0.2642
tbn,601,0,19,44.985,535.895,71.5651,0.2846
tbn,601,0,20,44.91,535.61,78.6898,0.3059
tbn,601,0,21,45.17,535.46,0.0,0.58
tbn,601,0,22,45.475,535.545,79.9923,0.1726
tbn,601,0,23,45.515,535.715,73.6109,0.1772
tbn,601,0,24,45.585,535.87,57.2646,0.1664
tbn,601,0,25,45.685,536.005,49.7637,0.1703
tbn,601,0,26,45.805,536.125,40.2353,0.1703
tbn,601,0,27,45.94,536.22,29.7456,0.1612
tbn,601,0,28,46.09,536.285,17.3538,0.1676
tbn,601,0,29,46.26,536.315,3.1805,0.1803
tbn,601,0,30,46.435,536.315,176.6329,0.1703
tbn,601,0,31,46.605,536.28,160.5594,0.1803
tbn,601,0,32,46.765,536.21,151.9283,0.17
tbn,601,0,33,46.91,536.115,141.8425,0.178
tbn,601,0,34,47.035,535.995,130.2363,0.1703
tbn,601,0,35,47.135,535.85,119.3578,0.1836
tbn,601,0,36,47.205,535.685,106.3895,0.1772
tbn,601,0,37,47.24,535.51,96.3403,0.1811
tbn,601,0,38,47.235,535.305,82.5679,0.2319
tbn,601,0,39,47.17,535.08,65.5565,0.2417
tbn,601,0,40,47.055,534.87,56.976,0.2385
tbn,601,0,41,46.915,534.675,51.7101,0.2421
tbn,601,0,42,45.83,533.325,51.1735,3.2219
tbn,601,0,43,46.295,532.07,0.0,2.95
tbn,601,0,44,47.77,532.325,90.0,0.51
tbn,601,0,45,46.855,532.58,0.0,1.83
tbn,602,0,0,50.145,533.045,53.6065,2.6461
tbn,602,0,1,51.02,534.255,58.1723,0.3413
tbn,602,0,2,51.18,534.55,64.9834,0.3311
tbn,602,0,3,51.28,534.775,68.1978,0.1616
tbn,602,0,4,51.335,534.93,72.6462,0.1676
tbn,602,0,5,51.37,535.095,83.2901,0.1712
tbn,602,0,6,51.385,535.265,86.6341,0.1703
tbn,602,0,7,51.375,535.5,95.7104,0.3015
tbn,602,0,8,51.315,535.79,107.8188,0.2941
tbn,602,0,9,51.2,536.055,119.2487,0.2865
tbn,602,0,10,51.035,536.29,130.8152,0.2907
tbn,602,0,11,50.83,536.49,140.7107,0.2843
tbn,602,0,12,50.595,536.65,150.7513,0.2865
tbn,602,0,13,50.33,536.765,162.1803,0.2941
tbn,602,0,14,50.045,536.825,174.0941,0.2915
tbn,602,0,15,49.745,536.825,5.5273,0.3114
tbn,602,0,16,49.45,536.765,17.8197,0.2941
tbn,602,0,17,49.185,536.65,29.2487,0.2865
tbn,602,0,18,48.95,536.485,40.8147,0.2907
tbn,602,0,19,48.75,536.28,50.7107,0.2843
tbn,602,0,20,48.595,536.04,63.4346,0.2907
tbn,602,0,21,48.485,535.765,72.7593,0.3036
tbn,602,0,22,48.425,535.465,84.4719,0.3114
tbn,602,0,23,48.425,535.17,96.116,0.2816
tbn,602,0,24,48.475,534.9,105.0685,0.2693
tbn,602,0,25,48.565,534.645,113.7489,0.2731
tbn,602,0,26,48.7,534.41,126.0272,0.272
tbn,602,0,27,48.875,534.21,136.5485,0.2617
tbn,602,0,28,49.08,534.05,147.5291,0.2608
tbn,602,0,29,49.315,533.935,160.2011,0.2657
tbn,602,0,30,49.575,533.875,173.66,0.2717
tbn,602,0,31,49.83,533.865,2.3855,0.2402
tbn,602,0,32,50.055,533.91,20.855,0.2247
tbn,602,0,33,50.165,533.94,116.5694,0.0224
tbn,602,0,34,49.555,533.12,52.7921,2.034
tbn,602,0,35,49.15,532.145,141.8425,0.5341
tbn,602,1,0,49.81,534.38,173.6597,0.1811
tbn,602,1,1,49.635,534.415,163.6109,0.1772
tbn,602,1,2,49.465,534.485,152.1024,0.1924
tbn,602,1,3,49.305,534.59,141.3407,0.1921
tbn,602,1,4,49.17,534.72,130.6004,0.1844
tbn,602,1,5,49.06,534.875,120.4654,0.1972
tbn,602,1,6,48.98,535.05,108.4353,0.1897
tbn,602,1,7,48.935,535.245,98.1298,0.2121
tbn,602,1,8,48.935,535.445,81.0278,0.1924
tbn,602,1,9,48.98,535.63,71.5647,0.1897
tbn,602,1,10,49.055,535.805,62.1024,0.1924
tbn,602,1,11,49.165,535.965,49.0865,0.1985
tbn,602,1,12,49.305,536.1,38.6593,0.1921
tbn,602,1,13,49.465,536.205,27.8976,0.1924
tbn,602,1,14,49.645,536.275,14.7432,0.1965
tbn,602,1,15,49.84,536.31,5.7107,0.201
tbn,602,1,16,50.03,536.31,173.6595,0.1811
tbn,602,1,17,50.21,536.27,161.5658,0.1897
tbn,602,1,18,50.38,536.195,150.6411,0.1836
tbn,602,1,19,50.53,536.085,137.1224,0.1911
tbn,602,1,20,50.66,535.945,128.6593,0.1921
tbn,602,1,21,50.765,535.79,119.3578,0.1836
tbn,602,1,22,50.835,535.62,105.5239,0.1868
tbn,602,1,23,50.87,535.44,96.3403,0.1811
tbn,602,1,24,50.87,535.255,83.9908,0.191
tbn,602,1,25,50.835,535.07,74.4761,0.1868
tbn,602,1,26,50.77,534.895,64.7981,0.1879
tbn,602,1,27,50.67,534.74,49.3996,0.1844
tbn,602,1,28,50.54,534.605,42.8784,0.191
tbn,602,1,29,50.385,534.495,27.897,0.1924
tbn,602,1,30,50.205,534.42,17.5261,0.1992
tbn,602,1,31,50.005,534.38,5.4405,0.2109
tbn,603,0,0,52.405,532.65,8.7463,0.1315
tbn,603,0,1,52.285,532.6,36.0265,0.136
tbn,603,0,2,52.19,532.505,53.9735,0.136
tbn,603,0,3,52.14,532.385,81.2537,0.1315
tbn,603,0,4,52.14,532.255,98.7463,0.1315
tbn,603,0,5,52.19,532.135,126.0265,0.136
tbn,603,0,6,52.285,532.045,147.5291,0.1304
tbn,603,0,7,52.405,531.995,167.006,0.1334
tbn,603,0,8,52.535,531.995,12.994,0.1334
tbn,603,0,9,52.655,532.045,32.4709,0.1304
tbn,603,0,10,52.745,532.135,57.5291,0.1304
tbn,603,0,11,52.795,532.255,77.006,0.1334
tbn,603,0,12,52.795,532.385,102.994,0.1334
tbn,603,0,13,52.745,532.505,122.4709,0.1304
tbn,603,0,14,52.655,532.6,143.9735,0.136
tbn,603,0,15,52.535,532.65,171.2537,0.1315
tbn,604,0,0,56.2,535.08,90.0,3.64
tbn,604,0,1,54.805,534.825,56.0875,5.0007
tbn,604,0,2,54.55,532.75,0.0,2.28
tbn,604,0,3,55.69,532.41,90.0,0.68
tbn,604,0,4,55.945,532.07,0.0,0.51
tbn,604,0,5,56.2,532.41,90.0,0.68
tbn,604,0,6,56.46,532.75,0.0,0.52
tbn,604,0,7,56.72,533.005,90.0,0.51
tbn,604,0,8,56.46,533.26,0.0,0.52
tbn,604,1,0,55.03,533.26,0.0,1.32
tbn,604,1,1,55.02,534.215,55.7596,2.3104
tbn,604,1,2,55.68,535.17,0.0,0.02
tbn,604,1,3,55.69,534.215,90.0,1.91
tbn,605,0,0,22.405,539.99,0.0,0.95
tbn,605,0,1,23.015,539.995,2.1208,0.2702
tbn,605,0,2,23.28,540.015,6.5825,0.2617
tbn,605,0,3,23.535,540.05,9.0905,0.2532
tbn,605,0,4,23.78,540.105,16.2602,0.25
tbn,605,0,5,24.015,540.175,16.9273,0.2404
tbn,605,0,6,24.24,540.26,24.4437,0.2417
tbn,605,0,7,24.45,540.37,30.9637,0.2332
tbn,605,0,8,24.645,540.495,34.3805,0.2302
tbn,605,0,9,24.825,540.64,43.2643,0.2335
tbn,605,0,10,24.985,540.805,48.5764,0.2267
tbn,605,0,11,25.125,540.985,55.6196,0.2302
tbn,605,0,12,25.245,541.185,62.3542,0.2371
tbn,605,0,13,25.345,541.405,68.6293,0.247
tbn,605,0,14,25.42,541.64,75.9635,0.2474
tbn,605,0,15,25.47,541.895,81.5733,0.2729
tbn,605,0,16,25.495,542.175,88.025,0.2902
tbn,605,0,17,25.495,542.46,92.0455,0.2802
tbn,605,0,18,25.47,542.73,98.746,0.2631
tbn,605,0,19,25.415,542.98,106.26,0.25
tbn,605,0,20,25.34,543.21,109.9834,0.2341
tbn,605,0,21,25.24,543.425,119.7448,0.2419
tbn,605,0,22,25.115,543.62,125.8378,0.222
tbn,605,0,23,24.975,543.795,131.4239,0.2267
tbn,605,0,24,24.815,543.955,138.5761,0.2267
tbn,605,0,25,24.635,544.095,145.62,0.2302
tbn,605,0,26,24.44,544.22,149.0358,0.2332
tbn,605,0,27,24.235,544.325,156.8013,0.2285
tbn,605,0,28,24.015,544.41,160.8215,0.2435
tbn,605,0,29,23.78,544.48,165.9634,0.2474
tbn,605,0,30,23.54,544.535,168.2319,0.2452
tbn,605,0,31,23.29,544.57,175.6012,0.2608
tbn,605,0,32,23.03,544.585,177.7978,0.2602
tbn,605,0,33,22.415,544.59,0.0,0.97
tbn,605,0,34,21.93,542.29,90.0,4.6
tbn,605,1,0,22.62,544.08,0.0,0.2
tbn,605,1,1,22.83,544.075,177.3979,0.2202
tbn,605,1,2,23.045,544.065,177.2731,0.2102
tbn,605,1,3,23.255,544.045,171.8703,0.2121
tbn,605,1,4,23.46,544.01,168.6898,0.204
tbn,605,1,5,23.655,543.965,165.2567,0.1965
tbn,605,1,6,23.84,543.905,158.7496,0.1931
tbn,605,1,7,24.015,543.83,154.7984,0.1879
tbn,605,1,8,24.18,543.74,147.995,0.1887
tbn,605,1,9,24.33,543.635,141.8425,0.178
tbn,605,1,10,24.465,543.515,135.0,0.1838
tbn,605,1,11,24.585,543.38,128.157,0.178
tbn,605,1,12,24.685,543.225,117.8976,0.1924
tbn,605,1,13,24.77,543.05,113.9629,0.197
tbn,605,1,14,24.835,542.86,104.036,0.2062
tbn,605,1,15,24.88,542.65,100.3045,0.2236
tbn,605,1,16,24.905,542.415,92.2907,0.2502
tbn,605,1,17,24.905,542.17,87.614,0.2402
tbn,605,1,18,24.88,541.94,79.6955,0.2236
tbn,605,1,19,24.835,541.73,75.964,0.2062
tbn,605,1,20,24.77,541.54,66.0371,0.197
tbn,605,1,21,24.685,541.365,62.1024,0.1924
tbn,605,1,22,24.585,541.21,51.843,0.178
tbn,605,1,23,24.465,541.075,45.0,0.1838
tbn,605,1,24,24.33,540.95,40.6012,0.1844
tbn,605,1,25,24.18,540.845,29.3578,0.1836
tbn,605,1,26,24.015,540.76,25.2016,0.1879
tbn,605,1,27,23.84,540.685,21.2504,0.1931
tbn,605,1,28,23.655,540.62,17.5259,0.1992
tbn,605,1,29,23.46,540.57,11.3092,0.204
tbn,605,1,30,23.255,540.54,5.4404,0.211
tbn,605,1,31,23.045,540.52,5.4405,0.2109
tbn,605,1,32,22.83,540.505,2.6031,0.2202
tbn,605,1,33,22.62,540.5,0.0,0.2
tbn,605,1,34,22.52,542.29,90.0,3.58
tbn,606,0,0,25.92,541.995,90.0,0.43
tbn,606,0,1,26.6,541.78,0.0,1.36
tbn,606,0,2,27.28,541.995,90.0,0.43
tbn,606,0,3,26.6,542.21,0.0,1.36
tbn,607,0,0,31.065,540.59,113.8295,1.3118
tbn,607,0,1,31.64,539.99,0.0,0.62
tbn,607,0,2,30.845,542.41,114.542,5.3207
tbn,607,0,3,28.635,542.41,65.458,5.3207
tbn,607,0,4,27.84,539.99,0.0,0.62
tbn,607,0,5,28.415,540.59,66.1705,1.3118
tbn,607,0,6,29.74,541.19,0.0,2.12
tbn,607,1,0,29.745,541.7,0.0,1.65
tbn,607,1,1,29.33,542.635,66.3225,2.0419
tbn,607,1,2,30.155,542.635,113.934,2.0459
tbn,608,0,0,34.17,544.08,0.0,1.1
tbn,608,0,1,34.72,544.335,90.0,0.51
tbn,608,0,2,33.325,544.59,0.0,2.79
tbn,608,0,3,31.93,544.335,90.0,0.51
tbn,608,0,4,32.48,544.08,0.0,1.1
tbn,608,0,5,33.03,542.035,90.0,4.09
tbn,608,0,6,33.325,539.99,0.0,0.59
tbn,608,0,7,33.62,542.035,90.0,4.09
tbn,609,0,0,35.44,544.59,0.0,0.6
tbn,609,0,1,35.14,542.29,90.0,4.6
tbn,609,0,2,35.44,539.99,0.0,0.6
tbn,609,0,3,35.74,542.29,90.0,4.6
tbn,610,0,0,39.085,544.165,126.2537,0.186
tbn,610,0,1,38.97,544.31,130.6012,0.1844
tbn,610,0,2,38.845,544.435,139.7637,0.1703
tbn,610,0,3,38.705,544.54,146.3099,0.1803
tbn,610,0,4,38.55,544.625,156.3707,0.1746
tbn,610,0,5,38.385,544.69,160.5598,0.1803
tbn,610,0,6,38.215,544.735,169.9923,0.1726
tbn,610,0,7,38.035,544.755,176.9878,0.1903
tbn,610,0,8,37.81,544.75,4.398,0.2608
tbn,610,0,9,37.555,544.71,13.496,0.2571
tbn,610,0,10,37.315,544.635,21.3707,0.247
tbn,610,0,11,37.095,544.52,33.6896,0.2524
tbn,610,0,12,36.905,544.37,43.2646,0.2335
tbn,610,0,13,36.75,544.185,56.3099,0.2524
tbn,610,0,14,36.64,543.965,70.8208,0.2435
tbn,610,0,15,36.58,543.715,81.5727,0.2729
tbn,610,0,16,36.575,543.465,97.4319,0.232
tbn,610,0,17,36.62,543.25,106.6988,0.2088
tbn,610,0,18,36.7,543.06,119.0551,0.2059
tbn,610,0,19,36.815,542.895,130.9143,0.1985
tbn,610,0,20,36.955,542.755,139.085,0.1985
tbn,610,0,21,37.115,542.63,144.783,0.2081
tbn,610,0,22,37.295,542.52,152.2416,0.2147
tbn,610,0,23,37.49,542.425,155.7723,0.2193
tbn,610,0,24,37.745,542.31,155.6954,0.3401
tbn,610,0,25,38.045,542.17,154.2302,0.322
tbn,610,0,26,38.32,542.01,145.3056,0.3162
tbn,610,0,27,38.5,541.865,132.2731,0.1487
tbn,610,0,28,38.585,541.74,116.5651,0.1565
tbn,610,0,29,38.645,541.595,108.4345,0.1581
tbn,610,0,30,38.68,541.43,96.3403,0.1811
tbn,610,0,31,38.685,541.25,86.8207,0.1803
tbn,610,0,32,38.655,541.075,73.6105,0.1772
tbn,610,0,33,38.595,540.91,66.3695,0.1746
tbn,610,0,34,38.505,540.765,49.7647,0.1703
tbn,610,0,35,38.39,540.64,44.9991,0.1697
tbn,610,0,36,38.26,540.535,32.7354,0.1664
tbn,610,0,37,38.11,540.465,17.355,0.1676
tbn,610,0,38,37.94,540.43,6.3391,0.1811
tbn,610,0,39,37.76,540.43,173.6609,0.1811
tbn,610,0,40,37.585,540.465,163.6093,0.1772
tbn,610,0,41,37.425,540.53,151.9283,0.17
tbn,610,0,42,37.28,540.62,144.4616,0.172
tbn,610,0,43,37.155,540.735,130.2371,0.1703
tbn,610,0,44,37.06,540.88,116.5645,0.1789
tbn,610,0,45,36.995,541.045,106.3891,0.1772
tbn,610,0,46,36.96,541.225,96.0092,0.191
tbn,610,0,47,36.655,541.255,12.426,0.6042
tbn,610,0,48,36.39,541.055,102.5285,0.2766
tbn,610,0,49,36.47,540.795,111.8019,0.2693
tbn,610,0,50,36.59,540.56,122.4709,0.2608
tbn,610,0,51,36.745,540.36,133.3631,0.2476
tbn,610,0,52,36.935,540.19,142.6965,0.264
tbn,610,0,53,37.155,540.055,154.4399,0.255
tbn,610,0,54,37.4,539.965,164.9315,0.2693
tbn,610,0,55,37.665,539.92,175.7635,0.2707
tbn,610,0,56,37.95,539.925,5.7104,0.3015
tbn,610,0,57,38.24,539.975,14.0361,0.2886
tbn,610,0,58,38.505,540.075,27.4746,0.2818
tbn,610,0,59,38.74,540.22,36.0277,0.272
tbn,610,0,60,38.94,540.405,49.3985,0.2766
tbn,610,0,61,39.1,540.635,60.7513,0.2865
tbn,610,0,62,39.215,540.895,71.5651,0.2846
tbn,610,0,63,39.275,541.185,84.472,0.3114
tbn,610,0,64,39.28,541.48,94.0857,0.2807
tbn,610,0,65,39.235,541.74,106.26,0.25
tbn,610,0,66,39.145,541.965,117.6462,0.2371
tbn,610,0,67,39.02,542.16,127.8748,0.228
tbn,610,0,68,38.865,542.33,136.7361,0.2335
tbn,610,0,69,38.68,542.48,145.0082,0.2441
tbn,610,0,70,38.47,542.605,153.4346,0.246
tbn,610,0,71,38.245,542.715,154.4399,0.255
tbn,610,0,72,37.965,542.835,158.4985,0.3547
tbn,610,0,73,37.69,542.95,155.5565,0.2417
tbn,610,0,74,37.475,543.07,146.3099,0.2524
tbn,610,0,75,37.33,543.185,131.6328,0.1204
tbn,610,0,76,37.255,543.28,124.9913,0.1221
tbn,610,0,77,37.2,543.39,108.4355,0.1265
tbn,610,0,78,37.17,543.515,98.7463,0.1315
tbn,610,0,79,37.17,543.655,82.4051,0.1513
tbn,610,0,80,37.205,543.795,68.9629,0.1393
tbn,610,0,81,37.27,543.915,53.9735,0.136
tbn,610,0,82,37.36,544.02,44.9989,0.1414
tbn,610,0,83,37.53,544.135,28.4433,0.2729
tbn,610,0,84,37.79,544.225,10.1244,0.2844
tbn,610,0,85,38.045,544.235,172.5689,0.2319
tbn,610,0,86,38.26,544.18,158.1982,0.2154
tbn,610,0,87,38.44,544.07,138.8142,0.2126
tbn,610,0,88,38.59,543.905,126.3844,0.236
tbn,610,0,89,38.9,543.95,30.2564,0.5557
tbn,611,0,0,19.775,26.0,51.5249,2.427
tbn,611,0,1,20.595,27.06,59.4176,0.2555
tbn,611,0,2,20.71,27.29,67.3792,0.26
tbn,611,0,3,20.79,27.535,76.5044,0.2571
tbn,611,0,4,20.835,27.79,83.4182,0.2617
tbn,611,0,5,20.835,28.07,95.711,0.3015
tbn,611,0,6,20.775,28.355,108.4337,0.2846
tbn,611,0,7,20.665,28.605,119.4778,0.2642
tbn,611,0,8,20.515,28.82,130.3628,0.2625
tbn,611,0,9,20.325,29.005,141.0117,0.2702
tbn,611,0,10,20.1,29.15,153.436,0.2683
tbn,611,0,11,19.845,29.245,165.464,0.2789
tbn,611,0,12,19.57,29.295,173.8786,0.2816
tbn,611,0,13,19.28,29.3,3.8178,0.3007
tbn,611,0,14,18.995,29.25,16.5077,0.2816
tbn,611,0,15,18.74,29.155,24.6207,0.264
tbn,611,0,16,18.52,29.02,38.655,0.2561
tbn,611,0,17,18.335,28.84,49.6372,0.2625
tbn,611,0,18,18.18,28.62,59.7427,0.2778
tbn,611,0,19,18.065,28.37,70.9071,0.2751
tbn,611,0,20,17.99,28.09,78.6897,0.3059
tbn,611,0,21,18.25,27.94,0.0,0.58
tbn,611,0,22,18.555,28.025,79.9914,0.1726
tbn,611,0,23,18.595,28.19,72.6429,0.1676
tbn,611,0,24,18.665,28.345,59.0403,0.1749
tbn,611,0,25,18.765,28.485,49.765,0.1703
tbn,611,0,26,18.885,28.6,37.5616,0.164
tbn,611,0,27,19.02,28.69,29.7503,0.1613
tbn,611,0,28,19.175,28.755,16.3857,0.1772
tbn,611,0,29,19.345,28.79,6.7163,0.1712
tbn,611,0,30,19.515,28.79,173.2837,0.1712
tbn,611,0,31,19.685,28.755,163.6143,0.1772
tbn,611,0,32,19.85,28.685,150.6515,0.1836
tbn,611,0,33,19.995,28.585,139.752,0.1703
tbn,611,0,34,20.115,28.465,130.235,0.1703
tbn,611,0,35,20.215,28.325,120.97,0.1749
tbn,611,0,36,20.29,28.165,109.4417,0.1803
tbn,611,0,37,20.33,27.99,96.3385,0.1812
tbn,611,0,38,20.32,27.785,80.1336,0.2334
tbn,611,0,39,20.25,27.56,65.5531,0.2416
tbn,611,0,40,20.135,27.345,58.243,0.247
tbn,611,0,41,19.995,27.145,51.7103,0.2421
tbn,611,0,42,18.91,25.795,51.1737,3.2219
tbn,611,0,43,19.375,24.54,0.0,2.95
tbn,611,0,44,20.85,24.795,90.0,0.51
tbn,611,0,45,19.935,25.05,0.0,1.83
tbn,612,0,0,22.655,28.24,53.7347,2.6542
tbn,612,0,1,21.785,27.03,58.7334,0.3275
tbn,612,0,2,21.625,26.745,62.6533,0.3265
tbn,612,0,3,21.52,26.52,69.4404,0.1709
tbn,612,0,4,21.47,26.36,75.967,0.165
tbn,612,0,5,21.435,26.195,79.9908,0.1726
tbn,612,0,6,21.415,26.025,86.6331,0.1703
tbn,612,0,7,21.425,25.79,95.711,0.3015
tbn,612,0,8,21.485,25.5,107.8172,0.2941
tbn,612,0,9,21.6,25.235,119.2487,0.2865
tbn,612,0,10,21.765,25.0,130.8189,0.2907
tbn,612,0,11,21.97,24.8,140.7116,0.2842
tbn,612,0,12,22.21,24.64,151.6968,0.2953
tbn,612,0,13,22.475,24.53,163.4923,0.2816
tbn,612,0,14,22.76,24.475,174.2954,0.3015
tbn,612,0,15,23.06,24.475,5.7046,0.3015
tbn,612,0,16,23.35,24.535,17.8239,0.2941
tbn,612,0,17,23.615,24.65,29.2407,0.2865
tbn,612,0,18,23.85,24.81,39.2976,0.2843
tbn,612,0,19,24.05,25.015,51.9505,0.292
tbn,612,0,20,24.205,25.26,63.436,0.2907
tbn,612,0,21,24.315,25.53,72.1792,0.2941
tbn,612,0,22,24.375,25.825,84.4723,0.3114
tbn,612,0,23,24.375,26.12,96.115,0.2816
tbn,612,0,24,24.325,26.395,104.5365,0.2789
tbn,612,0,25,24.235,26.65,114.6191,0.2641
tbn,612,0,26,24.105,26.88,124.2904,0.2662
tbn,612,0,27,23.935,27.085,134.9997,0.2687
tbn,612,0,28,23.73,27.25,147.526,0.2608
tbn,612,0,29,23.495,27.365,160.2081,0.2657
tbn,612,0,30,23.23,27.425,173.8786,0.2816
tbn,612,0,31,22.975,27.425,7.4386,0.232
tbn,612,0,32,22.75,27.37,19.9731,0.2341
tbn,612,0,33,22.635,27.335,134.9727,0.0141
tbn,612,0,34,23.245,28.2,54.4304,2.1145
tbn,612,0,35,23.65,29.185,149.2373,0.4888
tbn,612,1,0,22.805,24.98,173.9851,0.1911
tbn,612,1,1,22.615,25.02,162.4751,0.1992
tbn,612,1,2,22.44,25.095,150.6349,0.1836
tbn,612,1,3,22.285,25.2,141.3413,0.1921
tbn,612,1,4,22.15,25.335,128.6668,0.1921
tbn,612,1,5,22.045,25.49,119.3526,0.1836
tbn,612,1,6,21.97,25.665,107.5252,0.1993
tbn,612,1,7,21.93,25.855,96.0091,0.1911
tbn,612,1,8,21.93,26.045,83.9909,0.1911
tbn,612,1,9,21.97,26.23,71.5645,0.1897
tbn,612,1,10,22.05,26.405,59.5318,0.1972
tbn,612,1,11,22.16,26.56,49.4015,0.1844
tbn,612,1,12,22.295,26.69,38.6587,0.1921
tbn,612,1,13,22.45,26.8,31.9991,0.1887
tbn,612,1,14,22.62,26.88,18.4342,0.1897
tbn,612,1,15,22.805,26.92,6.0149,0.1911
tbn,612,1,16,22.99,26.92,173.6537,0.1811
tbn,612,1,17,23.17,26.88,161.5658,0.1897
tbn,612,1,18,23.34,26.805,150.6515,0.1836
tbn,612,1,19,23.495,26.7,141.3413,0.1921
tbn,612,1,20,23.635,26.57,132.8761,0.1911
tbn,612,1,21,23.745,26.415,117.8997,0.1923
tbn,612,1,22,23.825,26.23,109.2889,0.2119
tbn,612,1,23,23.87,26.025,95.4399,0.211
tbn,612,1,24,23.87,25.825,83.9909,0.1911
tbn,612,1,25,23.83,25.64,71.5645,0.1897
tbn,612,1,26,23.75,25.47,57.9902,0.1887
tbn,612,1,27,23.64,25.32,49.4015,0.1844
tbn,612,1,28,23.505,25.19,38.6587,0.1921
tbn,612,1,29,23.35,25.085,29.3651,0.1836
tbn,612,1,30,23.18,25.015,15.5205,0.1868
tbn,612,1,31,22.995,24.98,6.0148,0.1911
tbn,613,0,0,26.55,24.47,5.1995,0.2209
tbn,613,0,1,26.755,24.5,11.8823,0.1942
tbn,613,0,2,26.94,24.56,23.967,0.197
tbn,613,0,3,27.11,24.65,31.9991,0.1887
tbn,613,0,4,27.26,24.765,42.8801,0.1911
tbn,613,0,5,27.395,24.9,47.1239,0.1911
tbn,613,0,6,27.515,25.05,55.4873,0.1941
tbn,613,0,7,27.62,25.22,60.9443,0.2059
tbn,613,0,8,27.75,25.5,67.1666,0.4123
tbn,613,0,9,27.885,25.89,74.6246,0.4149
tbn,613,0,10,27.955,26.195,81.8706,0.2122
tbn,613,0,11,27.985,26.4,81.4675,0.2022
tbn,613,0,12,28.005,26.595,86.9872,0.1903
tbn,613,0,13,28.015,26.78,86.82,0.1803
tbn,613,0,14,28.015,26.965,93.0128,0.1903
tbn,613,0,15,28.005,27.155,93.0128,0.1903
tbn,613,0,16,27.985,27.35,98.5299,0.2022
tbn,613,0,17,27.955,27.555,98.1294,0.2122
tbn,613,0,18,27.885,27.86,105.3777,0.4148
tbn,613,0,19,27.755,28.255,111.0367,0.4179
tbn,613,0,20,27.63,28.54,119.0557,0.2059
tbn,613,0,21,27.52,28.71,126.8638,0.2
tbn,613,0,22,27.395,28.865,130.9215,0.1985
tbn,613,0,23,27.26,29.0,139.3997,0.1844
tbn,613,0,24,27.11,29.115,145.4802,0.1942
tbn,613,0,25,26.94,29.205,158.7475,0.1931
tbn,613,0,26,26.755,29.265,165.2599,0.1965
tbn,613,0,27,26.55,29.3,174.8163,0.2209
tbn,613,0,28,26.335,29.3,5.4291,0.2109
tbn,613,0,29,26.13,29.265,14.0329,0.2062
tbn,613,0,30,25.945,29.205,22.3822,0.1839
tbn,613,0,31,25.775,29.115,32.9162,0.2025
tbn,613,0,32,25.62,29.0,40.6003,0.1844
tbn,613,0,33,25.485,28.865,49.0785,0.1985
tbn,613,0,34,25.365,28.71,55.4975,0.1942
tbn,613,0,35,25.26,28.54,60.9443,0.2059
tbn,613,0,36,25.13,28.255,67.6946,0.4216
tbn,613,0,37,25.0,27.86,75.9625,0.4123
tbn,613,0,38,24.93,27.555,79.2166,0.2138
tbn,613,0,39,24.9,27.35,84.2902,0.201
tbn,613,0,40,24.88,27.155,83.9909,0.1911
tbn,613,0,41,24.87,26.965,90.0,0.19
tbn,613,0,42,24.87,26.78,90.0,0.18
tbn,613,0,43,24.88,26.595,96.0091,0.1911
tbn,613,0,44,24.9,26.4,95.7116,0.2009
tbn,613,0,45,24.93,26.195,100.7834,0.2138
tbn,613,0,46,25.0,25.89,104.0355,0.4123
tbn,613,0,47,25.13,25.5,112.8334,0.4123
tbn,613,0,48,25.26,25.22,119.0557,0.2059
tbn,613,0,49,25.365,25.05,124.5127,0.1941
tbn,613,0,50,25.485,24.9,132.8761,0.1911
tbn,613,0,51,25.625,24.765,139.0845,0.1985
tbn,613,0,52,25.78,24.65,148.0009,0.1887
tbn,613,0,53,25.945,24.56,154.7942,0.1879
tbn,613,0,54,26.13,24.5,168.6962,0.204
tbn,613,0,55,26.335,24.47,174.5544,0.211
tbn,613,1,0,26.515,28.795,176.1822,0.1503
tbn,613,1,1,26.66,28.765,160.3508,0.1487
tbn,613,1,2,26.79,28.71,153.4124,0.1342
tbn,613,1,3,26.905,28.635,140.7214,0.1421
tbn,613,1,4,27.05,28.475,128.0495,0.292
tbn,613,1,5,27.215,28.22,118.176,0.3177
tbn,613,1,6,27.34,27.925,107.8789,0.3257
tbn,613,1,7,27.425,27.61,102.3388,0.3276
tbn,613,1,8,27.475,27.295,95.5274,0.3114
tbn,613,1,9,27.5,27.01,94.3986,0.2608
tbn,613,1,10,27.5,26.745,85.7629,0.2707
tbn,613,1,11,27.475,26.46,84.2906,0.3015
tbn,613,1,12,27.425,26.15,77.659,0.3275
tbn,613,1,13,27.34,25.835,72.1244,0.3258
tbn,613,1,14,27.215,25.54,61.8188,0.3176
tbn,613,1,15,27.05,25.29,50.7146,0.2843
tbn,613,1,16,26.905,25.135,39.2786,0.1421
tbn,613,1,17,26.79,25.055,30.2593,0.1389
tbn,613,1,18,26.66,25.0,15.9369,0.1456
tbn,613,1,19,26.515,24.975,3.8178,0.1503
tbn,613,1,20,26.365,24.975,176.1822,0.1503
tbn,613,1,21,26.225,25.0,162.9063,0.136
tbn,613,1,22,26.1,25.055,149.7407,0.1389
tbn,613,1,23,25.985,25.135,140.7214,0.1421
tbn,613,1,24,25.835,25.29,130.8111,0.2907
tbn,613,1,25,25.67,25.54,116.5675,0.313
tbn,613,1,26,25.55,25.835,107.8756,0.3258
tbn,613,1,27,25.465,26.15,102.341,0.3275
tbn,613,1,28,25.41,26.46,97.5932,0.3027
tbn,613,1,29,25.385,26.745,92.1215,0.2701
tbn,613,1,30,25.385,27.01,87.7974,0.2602
tbn,613,1,31,25.41,27.295,82.6477,0.3126
tbn,613,1,32,25.465,27.61,77.6612,0.3276
tbn,613,1,33,25.55,27.925,72.1211,0.3257
tbn,613,1,34,25.67,28.22,63.4374,0.3131
tbn,613,1,35,25.835,28.475,50.4379,0.2983
tbn,613,1,36,25.985,28.635,39.2786,0.1421
tbn,613,1,37,26.1,28.71,26.5876,0.1342
tbn,613,1,38,26.225,28.765,21.0327,0.1393
tbn,613,1,39,26.365,28.795,3.8178,0.1503
tbn,614,0,0,30.405,26.0,51.5249,2.427
tbn,614,0,1,31.225,27.06,59.4176,0.2555
tbn,614,0,2,31.34,27.29,67.3792,0.26
tbn,614,0,3,31.42,27.535,76.5044,0.2571
tbn,614,0,4,31.465,27.79,83.4182,0.2617
tbn,614,0,5,31.465,28.07,95.711,0.3015
tbn,614,0,6,31.405,28.355,108.4334,0.2846
tbn,614,0,7,31.295,28.605,119.4782,0.2642
tbn,614,0,8,31.145,28.82,130.3628,0.2625
tbn,614,0,9,30.955,29.005,141.0117,0.2702
tbn,614,0,10,30.73,29.15,153.436,0.2683
tbn,614,0,11,30.475,29.245,165.464,0.2789
tbn,614,0,12,30.2,29.295,173.8786,0.2816
tbn,614,0,13,29.91,29.3,3.8178,0.3007
tbn,614,0,14,29.625,29.25,16.5077,0.2816
tbn,614,0,15,29.37,29.155,24.6207,0.264
tbn,614,0,16,29.145,29.02,37.2992,0.264
tbn,614,0,17,28.955,28.84,49.6372,0.2625
tbn,614,0,18,28.805,28.62,61.5562,0.2729
tbn,614,0,19,28.695,28.37,70.9071,0.2751
tbn,614,0,20,28.62,28.09,78.6897,0.3059
tbn,614,0,21,28.88,27.94,0.0,0.58
tbn,614,0,22,29.185,28.025,79.9914,0.1726
tbn,614,0,23,29.225,28.19,72.6429,0.1676
tbn,614,0,24,29.295,28.345,59.0403,0.1749
tbn,614,0,25,29.395,28.485,49.765,0.1703
tbn,614,0,26,29.515,28.6,37.5616,0.164
tbn,614,0,27,29.65,28.69,29.7503,0.1613
tbn,614,0,28,29.8,28.755,17.3501,0.1676
tbn,614,0,29,29.97,28.79,6.3463,0.1811
tbn,614,0,30,30.145,28.79,173.2837,0.1712
tbn,614,0,31,30.315,28.755,163.6143,0.1772
tbn,614,0,32,30.475,28.685,149.0458,0.1749
tbn,614,0,33,30.62,28.585,141.8309,0.1781
tbn,614,0,34,30.745,28.465,130.2355,0.1703
tbn,614,0,35,30.845,28.325,120.97,0.1749
tbn,614,0,36,30.915,28.165,106.3909,0.1772
tbn,614,0,37,30.95,27.99,96.3385,0.1812
tbn,614,0,38,30.945,27.785,82.5683,0.2319
tbn,614,0,39,30.88,27.56,65.5531,0.2416
tbn,614,0,40,30.765,27.345,58.243,0.247
tbn,614,0,41,30.625,27.145,51.7103,0.2421
tbn,614,0,42,29.54,25.795,51.1737,3.2219
tbn,614,0,43,30.005,24.54,0.0,2.95
tbn,614,0,44,31.48,24.795,90.0,0.51
tbn,614,0,45,30.565,25.05,0.0,1.83
tbn,615,0,0,33.95,26.0,51.7102,2.4208
tbn,615,0,1,34.765,27.06,59.4172,0.2555
tbn,615,0,2,34.88,27.29,67.3796,0.26
tbn,615,0,3,34.965,27.535,74.3578,0.2596
tbn,615,0,4,35.01,27.79,85.6014,0.2608
tbn,615,0,5,35.005,28.07,95.7106,0.3015
tbn,615,0,6,34.95,28.355,106.5036,0.2816
tbn,615,0,7,34.845,28.605,119.4775,0.2642
tbn,615,0,8,34.69,28.82,131.9855,0.2691
tbn,615,0,9,34.495,29.005,141.0122,0.2702
tbn,615,0,10,34.27,29.15,153.4357,0.2683
tbn,615,0,11,34.02,29.245,164.9301,0.2693
tbn,615,0,12,33.745,29.295,174.0881,0.2915
tbn,615,0,13,33.45,29.3,3.8177,0.3007
tbn,615,0,14,33.165,29.25,16.5079,0.2816
tbn,615,0,15,32.91,29.155,24.6205,0.264
tbn,615,0,16,32.69,29.02,38.655,0.2561
tbn,615,0,17,32.505,28.84,49.6375,0.2625
tbn,615,0,18,32.35,28.62,59.7427,0.2778
tbn,615,0,19,32.235,28.37,70.9071,0.2751
tbn,615,0,20,32.165,28.09,80.5367,0.3041
tbn,615,0,21,32.425,27.94,0.0,0.57
tbn,615,0,22,32.725,28.025,79.9902,0.1726
tbn,615,0,23,32.77,28.19,69.4416,0.1709
tbn,615,0,24,32.84,28.345,61.9308,0.17
tbn,615,0,25,32.935,28.485,49.7645,0.1703
tbn,615,0,26,33.055,28.6,37.5624,0.164
tbn,615,0,27,33.195,28.69,28.0773,0.17
tbn,615,0,28,33.35,28.755,17.3501,0.1676
tbn,615,0,29,33.515,28.79,6.7163,0.1712
tbn,615,0,30,33.69,28.79,173.6537,0.1811
tbn,615,0,31,33.86,28.755,162.6499,0.1676
tbn,615,0,32,34.02,28.685,150.6515,0.1836
tbn,615,0,33,34.165,28.585,139.7511,0.1703
tbn,615,0,34,34.29,28.465,132.709,0.1769
tbn,615,0,35,34.39,28.325,118.0777,0.17
tbn,615,0,36,34.46,28.165,109.4423,0.1803
tbn,615,0,37,34.5,27.99,96.3385,0.1812
tbn,615,0,38,34.49,27.785,80.1332,0.2334
tbn,615,0,39,34.42,27.56,65.5527,0.2416
tbn,615,0,40,34.305,27.345,58.2437,0.247
tbn,615,0,41,34.17,27.145,53.6161,0.236
tbn,615,0,42,33.085,25.795,51.0354,3.2282
tbn,615,0,43,33.545,24.54,0.0,2.95
tbn,615,0,44,35.02,24.795,90.0,0.51
tbn,615,0,45,34.11,25.05,0.0,1.82
tbn,616,0,0,160.165,402.21,176.5447,2.6548
tbn,616,0,1,158.675,402.29,0.0,0.33
tbn,616,0,2,158.35,402.27,7.1264,0.3225
tbn,616,0,3,158.105,402.23,13.2385,0.1746
tbn,616,0,4,157.945,402.185,18.4367,0.1581
tbn,616,0,5,157.79,402.13,20.5548,0.1709
tbn,616,0,6,157.635,402.055,30.9638,0.1749
tbn,616,0,7,157.44,401.915,38.3672,0.3061
tbn,616,0,8,157.23,401.71,50.7095,0.2843
tbn,616,0,9,157.07,401.47,61.6988,0.2953
tbn,616,0,10,156.96,401.2,74.055,0.2912
tbn,616,0,11,156.905,400.92,83.8847,0.2816
tbn,616,0,12,156.9,400.635,93.9461,0.2907
tbn,616,0,13,156.95,400.35,105.9458,0.2912
tbn,616,0,14,157.06,400.08,118.3012,0.2953
tbn,616,0,15,157.225,399.83,128.3672,0.3061
tbn,616,0,16,157.43,399.615,139.1847,0.2907
tbn,616,0,17,157.67,399.455,153.4336,0.2907
tbn,616,0,18,157.935,399.345,161.566,0.2846
tbn,616,0,19,158.215,399.285,174.094,0.2915
tbn,616,0,20,158.505,399.285,5.9057,0.2916
tbn,616,0,21,158.79,399.345,17.8183,0.2941
tbn,616,0,22,159.07,399.46,26.5651,0.313
tbn,616,0,23,159.32,399.615,37.6963,0.278
tbn,616,0,24,159.525,399.805,47.8609,0.2832
tbn,616,0,25,159.69,400.025,58.6709,0.2693
tbn,616,0,26,159.81,400.26,67.3825,0.26
tbn,616,0,27,159.885,400.51,79.1136,0.2648
tbn,616,0,28,159.91,400.77,90.0,0.26
tbn,616,0,29,159.88,401.03,102.9944,0.2668
tbn,616,0,30,159.79,401.285,115.6401,0.2773
tbn,616,0,31,159.655,401.5,129.806,0.2343
tbn,616,0,32,159.485,401.66,143.6161,0.236
tbn,616,0,33,159.395,401.735,44.9563,0.0141
tbn,616,0,34,160.455,401.69,177.2864,2.1124
tbn,616,0,35,161.5,401.885,92.3378,0.4904
tbn,616,1,0,157.505,400.32,116.5651,0.2012
tbn,616,1,1,157.435,400.5,105.5244,0.1868
tbn,616,1,2,157.405,400.685,93.0113,0.1902
tbn,616,1,3,157.41,400.875,83.9943,0.1911
tbn,616,1,4,157.45,401.06,71.5621,0.1897
tbn,616,1,5,157.525,401.235,62.1034,0.1924
tbn,616,1,6,157.63,401.395,51.3402,0.1921
tbn,616,1,7,157.77,401.53,36.8716,0.2
tbn,616,1,8,157.935,401.63,25.1977,0.1879
tbn,616,1,9,158.11,401.695,15.5244,0.1868
tbn,616,1,10,158.295,401.725,3.0159,0.1903
tbn,616,1,11,158.485,401.715,171.0278,0.1924
tbn,616,1,12,158.67,401.675,164.4756,0.1868
tbn,616,1,13,158.845,401.605,152.0994,0.1924
tbn,616,1,14,159.005,401.5,141.3402,0.1921
tbn,616,1,15,159.14,401.365,128.6634,0.1921
tbn,616,1,16,159.24,401.21,116.5607,0.1789
tbn,616,1,17,159.305,401.04,105.5256,0.1868
tbn,616,1,18,159.335,400.855,93.0157,0.1903
tbn,616,1,19,159.33,400.67,83.6587,0.1811
tbn,616,1,20,159.295,400.485,75.2558,0.1965
tbn,616,1,21,159.225,400.305,62.1034,0.1924
tbn,616,1,22,159.115,400.14,50.9057,0.2062
tbn,616,1,23,158.965,399.995,37.4034,0.214
tbn,616,1,24,158.795,399.885,27.8966,0.1924
tbn,616,1,25,158.62,399.815,15.5244,0.1868
tbn,616,1,26,158.435,399.79,0.0,0.19
tbn,616,1,27,158.25,399.8,173.6635,0.1811
tbn,616,1,28,158.07,399.84,161.5607,0.1897
tbn,616,1,29,157.895,399.915,152.1034,0.1924
tbn,616,1,30,157.74,400.02,139.4028,0.1844
tbn,616,1,31,157.61,400.155,128.657,0.1921
tbn,617,0,0,159.105,396.895,127.4067,0.214
tbn,617,0,1,159.245,396.74,136.9739,0.2052
tbn,617,0,2,159.4,396.615,145.4919,0.1942
tbn,617,0,3,159.565,396.52,154.7981,0.1879
tbn,617,0,4,159.74,396.455,164.4744,0.1868
tbn,617,0,5,159.93,396.415,171.4701,0.2022
tbn,617,0,6,160.125,396.395,176.9887,0.1902
tbn,617,0,7,160.325,396.4,5.4372,0.211
tbn,617,0,8,160.63,396.445,9.9274,0.4061
tbn,617,0,9,161.03,396.545,18.0044,0.4206
tbn,617,0,10,161.325,396.65,22.8339,0.2062
tbn,617,0,11,161.51,396.735,26.5651,0.2012
tbn,617,0,12,161.685,396.825,27.8966,0.1924
tbn,617,0,13,161.85,396.915,29.3562,0.1836
tbn,617,0,14,162.005,397.015,36.2551,0.186
tbn,617,0,15,162.155,397.13,38.6605,0.1921
tbn,617,0,16,162.31,397.25,36.8681,0.2
tbn,617,0,17,162.465,397.385,45.0,0.2121
tbn,617,0,18,162.685,397.615,46.9096,0.4245
tbn,617,0,19,162.945,397.94,55.9224,0.4105
tbn,617,0,20,163.11,398.2,60.9466,0.2059
tbn,617,0,21,163.2,398.38,66.038,0.197
tbn,617,0,22,163.265,398.565,75.2546,0.1965
tbn,617,0,23,163.305,398.755,81.0278,0.1924
tbn,617,0,24,163.32,398.945,90.0,0.19
tbn,617,0,25,163.305,399.135,98.9722,0.1924
tbn,617,0,26,163.255,399.325,110.2266,0.2025
tbn,617,0,27,163.17,399.515,117.7561,0.2147
tbn,617,0,28,163.055,399.695,127.4067,0.214
tbn,617,0,29,162.915,399.85,136.9739,0.2052
tbn,617,0,30,162.76,399.975,145.4919,0.1942
tbn,617,0,31,162.595,400.065,157.6219,0.1838
tbn,617,0,32,162.415,400.13,162.4753,0.1993
tbn,617,0,33,162.225,400.175,171.0234,0.1924
tbn,617,0,34,162.03,400.19,0.0,0.2
tbn,617,0,35,161.83,400.185,2.8652,0.2002
tbn,617,0,36,161.525,400.14,11.0411,0.4177
tbn,617,0,37,161.12,400.035,18.0031,0.4206
tbn,617,0,38,160.825,399.93,22.8339,0.2062
tbn,617,0,39,160.64,399.845,26.5631,0.2013
tbn,617,0,40,160.46,399.755,26.5689,0.2012
tbn,617,0,41,160.295,399.66,33.686,0.1803
tbn,617,0,42,160.145,399.56,33.6928,0.1803
tbn,617,0,43,159.99,399.45,36.8681,0.2
tbn,617,0,44,159.835,399.325,40.9166,0.1985
tbn,617,0,45,159.685,399.19,43.0261,0.2052
tbn,617,0,46,159.47,398.965,47.9092,0.4177
tbn,617,0,47,159.21,398.64,54.7832,0.4162
tbn,617,0,48,159.045,398.385,62.1034,0.1924
tbn,617,0,49,158.96,398.205,67.1661,0.2062
tbn,617,0,50,158.895,398.02,74.4756,0.1868
tbn,617,0,51,158.855,397.835,81.0278,0.1924
tbn,617,0,52,158.84,397.645,90.0,0.19
tbn,617,0,53,158.86,397.455,101.8866,0.1942
tbn,617,0,54,158.91,397.265,107.5247,0.1993
tbn,617,0,55,158.99,397.075,117.7597,0.2147
tbn,617,1,0,162.725,399.265,118.3024,0.1477
tbn,617,1,1,162.78,399.13,105.9429,0.1456
tbn,617,1,2,162.805,398.995,94.4028,0.1304
tbn,617,1,3,162.8,398.86,81.8681,0.1414
tbn,617,1,4,162.745,398.65,72.1817,0.2941
tbn,617,1,5,162.62,398.37,60.2544,0.3225
tbn,617,1,6,162.44,398.105,51.3406,0.3202
tbn,617,1,7,162.225,397.865,45.0,0.3253
tbn,617,1,8,161.99,397.65,39.8045,0.3124
tbn,617,1,9,161.76,397.475,34.2884,0.2663
tbn,617,1,10,161.535,397.33,31.3291,0.2693
tbn,617,1,11,161.285,397.195,25.7104,0.2997
tbn,617,1,12,160.995,397.075,19.5369,0.3289
tbn,617,1,13,160.685,396.975,16.1887,0.3228
tbn,617,1,14,160.375,396.915,5.5271,0.3115
tbn,617,1,15,160.075,396.915,174.094,0.2915
tbn,617,1,16,159.86,396.955,160.345,0.1487
tbn,617,1,17,159.73,397.015,149.7399,0.1389
tbn,617,1,18,159.615,397.095,140.7119,0.1421
tbn,617,1,19,159.515,397.2,126.8746,0.15
tbn,617,1,20,159.435,397.325,118.2971,0.1476
tbn,617,1,21,159.38,397.455,107.1013,0.136
tbn,617,1,22,159.355,397.59,94.0896,0.1404
tbn,617,1,23,159.36,397.73,81.869,0.1414
tbn,617,1,24,159.415,397.94,72.1817,0.2941
tbn,617,1,25,159.535,398.215,60.9429,0.3089
tbn,617,1,26,159.715,398.48,51.0746,0.3342
tbn,617,1,27,159.935,398.725,45.0,0.3253
tbn,617,1,28,160.165,398.935,39.5587,0.2983
tbn,617,1,29,160.39,399.11,36.0278,0.272
tbn,617,1,30,160.615,399.255,29.4744,0.2642
tbn,617,1,31,160.865,399.385,25.7104,0.2997
tbn,617,1,32,161.155,399.51,21.1606,0.3324
tbn,617,1,33,161.47,399.61,14.0369,0.3298
tbn,617,1,34,161.785,399.665,5.5274,0.3114
tbn,617,1,35,162.085,399.665,174.0943,0.2916
tbn,617,1,36,162.3,399.63,164.0571,0.1456
tbn,617,1,37,162.43,399.575,149.7399,0.1389
tbn,617,1,38,162.545,399.495,140.7119,0.1421
tbn,617,1,39,162.645,399.39,126.8699,0.15
tbn,618,0,0,162.905,395.23,121.4307,0.2109
tbn,618,0,1,162.995,395.055,112.3763,0.1839
tbn,618,0,2,163.045,394.88,99.467,0.1825
tbn,618,0,3,163.06,394.7,90.0,0.18
tbn,618,0,4,163.035,394.53,72.6438,0.1676
tbn,618,0,5,162.965,394.37,60.6438,0.1836
tbn,618,0,6,162.86,394.215,51.3366,0.1921
tbn,618,0,7,162.715,394.08,35.2202,0.2081
tbn,618,0,8,162.55,393.975,29.3562,0.1836
tbn,618,0,9,162.385,393.905,16.3907,0.1772
tbn,618,0,10,162.215,393.87,6.7113,0.1712
tbn,618,0,11,162.045,393.87,173.2887,0.1712
tbn,618,0,12,161.88,393.905,162.6454,0.1676
tbn,618,0,13,161.725,393.97,151.926,0.17
tbn,618,0,14,161.58,394.065,141.8425,0.178
tbn,618,0,15,161.455,394.195,126.2551,0.186
tbn,618,0,16,161.36,394.34,119.7456,0.1612
tbn,618,0,17,161.295,394.485,108.4349,0.1581
tbn,618,0,18,161.255,394.64,100.62,0.1628
tbn,618,0,19,161.24,394.795,90.0,0.15
tbn,618,0,20,161.255,394.945,78.6901,0.153
tbn,618,0,21,161.3,395.095,68.2006,0.1616
tbn,618,0,22,161.37,395.235,58.3899,0.1526
tbn,618,0,23,161.47,395.36,45.0036,0.1697
tbn,618,0,24,161.375,395.655,123.4075,0.563
tbn,618,0,25,161.12,395.795,43.532,0.2759
tbn,618,0,26,160.945,395.6,53.1329,0.25
tbn,618,0,27,160.815,395.38,65.3754,0.264
tbn,618,0,28,160.735,395.14,78.2313,0.2452
tbn,618,0,29,160.705,394.895,87.7106,0.2502
tbn,618,0,30,160.72,394.64,98.7449,0.2631
tbn,618,0,31,160.78,394.39,108.4349,0.253
tbn,618,0,32,160.885,394.15,118.4448,0.2729
tbn,618,0,33,161.04,393.91,126.8681,0.3
tbn,618,0,34,161.235,393.695,137.863,0.2832
tbn,618,0,35,161.455,393.53,148.6709,0.2693
tbn,618,0,36,161.695,393.415,160.2019,0.2657
tbn,618,0,37,161.95,393.35,171.2518,0.2631
tbn,618,0,38,162.215,393.34,4.2372,0.2707
tbn,618,0,39,162.485,393.39,16.5045,0.2816
tbn,618,0,40,162.755,393.5,27.4084,0.3041
tbn,618,0,41,162.965,393.625,36.2523,0.186
tbn,618,0,42,163.105,393.74,42.7072,0.1769
tbn,618,0,43,163.225,393.86,47.4958,0.1628
tbn,618,0,44,163.33,393.99,54.4606,0.172
tbn,618,0,45,163.415,394.135,64.9799,0.1655
tbn,618,0,46,163.475,394.29,72.6503,0.1676
tbn,618,0,47,163.515,394.455,79.9923,0.1726
tbn,618,0,48,163.53,394.63,90.0,0.18
tbn,618,0,49,163.675,394.675,162.7597,0.3037
tbn,618,0,50,163.97,394.63,0.0,0.3
tbn,618,0,51,164.195,394.64,7.5966,0.1513
tbn,618,0,52,164.34,394.675,19.655,0.1487
tbn,618,0,53,164.485,394.73,21.7994,0.1616
tbn,618,0,54,164.63,394.805,32.7343,0.1664
tbn,618,0,55,164.81,394.935,37.6938,0.278
tbn,618,0,56,165.005,395.115,48.1805,0.255
tbn,618,0,57,165.15,395.32,61.3907,0.2506
tbn,618,0,58,165.24,395.54,74.7456,0.228
tbn,618,0,59,165.28,395.77,85.2355,0.2408
tbn,618,0,60,165.275,396.015,96.8425,0.2518
tbn,618,0,61,165.22,396.26,108.436,0.253
tbn,618,0,62,165.115,396.495,119.4773,0.2642
tbn,618,0,63,164.97,396.72,126.0278,0.272
tbn,618,0,64,164.8,396.92,134.9976,0.2546
tbn,618,0,65,164.61,397.075,146.9747,0.2385
tbn,618,0,66,164.405,397.18,159.1494,0.2247
tbn,618,0,67,164.19,397.245,167.195,0.2256
tbn,618,0,68,163.96,397.265,2.3847,0.2402
tbn,618,0,69,163.715,397.235,11.3106,0.255
tbn,618,0,70,163.46,397.165,19.0921,0.2751
tbn,618,0,71,163.485,396.88,122.8557,0.5714
tbn,618,0,72,163.71,396.665,19.6495,0.1487
tbn,618,0,73,163.85,396.7,8.131,0.1414
tbn,618,0,74,163.985,396.71,0.0,0.13
tbn,618,0,75,164.115,396.7,171.2523,0.1315
tbn,618,0,76,164.245,396.665,158.9679,0.1393
tbn,618,0,77,164.365,396.605,147.5262,0.1304
tbn,618,0,78,164.47,396.52,134.9956,0.1414
tbn,618,0,79,164.57,396.41,129.8084,0.1562
tbn,618,0,80,164.655,396.275,115.0153,0.1655
tbn,618,0,81,164.715,396.125,108.4349,0.1581
tbn,618,0,82,164.75,395.975,97.5966,0.1513
tbn,618,0,83,164.75,395.825,82.4042,0.1513
tbn,618,0,84,164.72,395.68,74.0571,0.1456
tbn,618,0,85,164.66,395.54,60.2544,0.1612
tbn,618,0,86,164.57,395.41,50.1916,0.1562
tbn,618,0,87,164.455,395.3,37.5692,0.164
tbn,618,0,88,164.3,395.205,26.5651,0.2012
tbn,618,0,89,164.13,395.14,14.0337,0.1649
tbn,618,0,90,163.975,395.12,0.0,0.15
tbn,618,0,91,163.825,395.14,165.0718,0.1552
tbn,618,0,92,163.685,395.195,151.6948,0.1476
tbn,618,0,93,163.555,395.28,142.435,0.164
tbn,618,0,94,163.435,395.395,130.2355,0.1703
tbn,618,0,95,163.325,395.535,126.2551,0.186
tbn,618,0,96,163.06,395.465,34.6237,0.5104
tbn,619,0,0,164.61,392.495,1.1356,4.5409
tbn,619,0,1,162.33,392.175,87.917,0.5504
tbn,619,0,2,165.065,391.965,1.3565,5.4915
tbn,619,0,3,166.91,393.425,122.8284,3.3202
tbn,619,0,4,165.795,394.68,33.0701,0.5131
tbn,619,0,5,166.23,393.54,123.0239,2.3854
tbn,620,0,0,166.36,388.16,3.5034,2.9455
tbn,620,0,1,165.065,387.805,123.4396,0.6352
tbn,620,0,2,166.395,387.61,3.4682,2.3142
tbn,620,0,3,166.995,386.68,60.9697,2.2874
tbn,620,0,4,166.615,385.41,122.95,0.6435
tbn,620,0,5,167.49,386.425,61.421,2.9266
tbn,620,0,6,169.4,387.7,179.5264,2.4201
tbn,620,0,7,170.43,387.965,123.2065,0.6573
tbn,620,0,8,169.34,388.245,179.6854,1.82
tbn,620,0,9,168.815,389.06,64.5781,1.7937
tbn,620,0,10,169.025,390.145,122.4704,0.6519
tbn,620,0,11,168.34,389.335,64.8242,2.3978
tbn,621,0,0,170.31,383.45,32.8361,4.0941
tbn,621,0,1,168.73,382.125,123.071,0.5131
tbn,621,0,2,170.8,383.16,32.9299,4.5989
tbn,621,0,3,172.46,384.825,123.0482,0.9902
tbn,621,0,4,171.89,385.235,0.9543,0.6001
tbn,621,0,5,171.81,384.895,123.2938,0.8016
tbn,622,0,0,175.055,380.34,33.071,0.5131
tbn,622,0,1,174.775,381.24,123.0765,1.814
tbn,622,0,2,173.095,381.66,16.0094,2.4656
tbn,622,0,3,171.94,381.275,123.6901,0.1082
tbn,622,0,4,172.09,381.2,165.9638,0.2474
tbn,622,0,5,172.32,381.115,153.4349,0.246
tbn,622,0,6,172.525,380.985,141.7113,0.2421
tbn,622,0,7,172.7,380.815,130.1012,0.2484
tbn,622,0,8,172.83,380.625,117.7561,0.2147
tbn,622,0,9,172.91,380.425,105.9481,0.2184
tbn,622,0,10,172.945,380.215,92.7249,0.2102
tbn,622,0,11,172.94,380.005,84.5587,0.211
tbn,622,0,12,172.9,379.795,74.0546,0.2184
tbn,622,0,13,172.82,379.6,60.945,0.2059
tbn,622,0,14,172.7,379.425,50.5274,0.2202
tbn,622,0,15,172.545,379.27,39.4726,0.2202
tbn,622,0,16,172.36,379.15,26.5668,0.2236
tbn,622,0,17,172.155,379.07,15.9454,0.2184
tbn,622,0,18,171.94,379.03,5.1916,0.2209
tbn,622,0,19,171.725,379.035,171.8705,0.2121
tbn,622,0,20,171.52,379.08,163.3012,0.2088
tbn,622,0,21,171.32,379.16,153.4367,0.2236
tbn,622,0,22,171.14,379.28,138.8148,0.2126
tbn,622,0,23,170.985,379.44,129.8032,0.2343
tbn,622,0,24,170.875,379.6,116.5675,0.1565
tbn,622,0,25,170.815,379.745,108.4367,0.1581
tbn,622,0,26,170.77,379.9,104.0337,0.1649
tbn,622,0,27,170.745,380.065,93.3698,0.1703
tbn,622,0,28,170.745,380.235,86.6302,0.1703
tbn,622,0,29,170.77,380.4,75.9663,0.1649
tbn,622,0,30,170.82,380.555,68.1986,0.1615
tbn,622,0,31,170.89,380.695,58.3929,0.1526
tbn,622,0,32,170.645,380.83,166.2004,0.5869
tbn,622,0,33,170.315,380.805,64.6513,0.2102
tbn,622,0,34,170.245,380.61,75.9668,0.2061
tbn,622,0,35,170.205,380.405,81.8699,0.2121
tbn,622,0,36,170.19,380.195,90.0,0.21
tbn,622,0,37,170.205,379.985,98.1295,0.2121
tbn,622,0,38,170.25,379.78,106.6988,0.2088
tbn,622,0,39,170.32,379.58,111.8022,0.2154
tbn,622,0,40,170.41,379.385,117.7561,0.2147
tbn,622,0,41,170.51,379.22,125.5394,0.172
tbn,622,0,42,170.615,379.085,130.2388,0.1703
tbn,622,0,43,170.73,378.96,134.9964,0.1697
tbn,622,0,44,170.855,378.85,142.435,0.164
tbn,622,0,45,171.055,378.72,149.3492,0.3139
tbn,622,0,46,171.335,378.585,159.2272,0.3102
tbn,622,0,47,171.635,378.51,172.646,0.3126
tbn,622,0,48,171.945,378.5,3.6922,0.3106
tbn,622,0,49,172.18,378.53,14.0388,0.1649
tbn,622,0,50,172.335,378.575,18.4297,0.1581
tbn,622,0,51,172.49,378.64,26.5672,0.1789
tbn,622,0,52,172.645,378.725,30.9655,0.1749
tbn,622,0,53,172.845,378.865,37.233,0.314
tbn,622,0,54,173.075,379.07,46.3335,0.3041
tbn,622,0,55,173.265,379.305,55.7846,0.3023
tbn,622,0,56,173.405,379.565,67.8339,0.2916
tbn,622,0,57,173.49,379.84,77.9057,0.2864
tbn,622,0,58,173.52,380.13,90.0,0.3
tbn,622,0,59,173.505,380.35,102.0943,0.1432
tbn,622,0,60,173.465,380.495,108.4315,0.1581
tbn,622,0,61,173.41,380.64,113.2031,0.1523
tbn,622,0,62,173.34,380.78,119.7408,0.1612
tbn,622,0,63,173.205,380.985,125.1341,0.3302
tbn,622,0,64,173.59,381.255,15.709,0.9972
tbn,622,0,65,174.455,380.795,122.9053,1.4174
tbn,623,0,0,172.545,376.075,127.4067,0.214
tbn,623,0,1,172.68,375.925,137.1199,0.1911
tbn,623,0,2,172.83,375.805,145.4894,0.1942
tbn,623,0,3,173.0,375.71,156.038,0.197
tbn,623,0,4,173.18,375.645,164.4789,0.1868
tbn,623,0,5,173.365,375.605,171.0234,0.1924
tbn,623,0,6,173.56,375.585,177.1391,0.2002
tbn,623,0,7,173.76,375.585,2.8607,0.2003
tbn,623,0,8,174.065,375.63,11.0415,0.4177
tbn,623,0,9,174.465,375.73,17.1041,0.408
tbn,623,0,10,174.755,375.83,22.8339,0.2062
tbn,623,0,11,174.94,375.915,26.5631,0.2013
tbn,623,0,12,175.115,376.005,27.8966,0.1924
tbn,623,0,13,175.28,376.1,32.0064,0.1887
tbn,623,0,14,175.435,376.2,33.6887,0.1803
tbn,623,0,15,175.59,376.31,36.8716,0.2
tbn,623,0,16,175.745,376.435,40.9133,0.1985
tbn,623,0,17,175.9,376.57,41.1852,0.2126
tbn,623,0,18,176.12,376.795,47.9107,0.4177
tbn,623,0,19,176.38,377.12,54.7827,0.4162
tbn,623,0,20,176.55,377.38,60.9466,0.2059
tbn,623,0,21,176.635,377.56,68.7483,0.1931
tbn,623,0,22,176.7,377.745,72.474,0.1992
tbn,623,0,23,176.74,377.935,83.9898,0.1911
tbn,623,0,24,176.75,378.125,90.0,0.19
tbn,623,0,25,176.735,378.32,98.5306,0.2022
tbn,623,0,26,176.69,378.515,107.5289,0.1993
tbn,623,0,27,176.61,378.7,119.0513,0.2059
tbn,623,0,28,176.495,378.875,127.4067,0.214
tbn,623,0,29,176.355,379.03,136.9739,0.2052
tbn,623,0,30,176.2,379.155,145.4919,0.1942
tbn,623,0,31,176.03,379.25,156.0362,0.197
tbn,623,0,32,175.85,379.315,164.4801,0.1868
tbn,623,0,33,175.66,379.355,171.4652,0.2022
tbn,623,0,34,175.465,379.375,176.9889,0.1903
tbn,623,0,35,175.265,379.37,5.4413,0.211
tbn,623,0,36,174.955,379.325,9.688,0.4159
tbn,623,0,37,174.55,379.22,19.2896,0.4238
tbn,623,0,38,174.255,379.11,22.8339,0.2062
tbn,623,0,39,174.07,379.025,26.5651,0.2012
tbn,623,0,40,173.895,378.935,27.9006,0.1924
tbn,623,0,41,173.73,378.845,29.3562,0.1836
tbn,623,0,42,173.575,378.745,36.2551,0.186
tbn,623,0,43,173.425,378.635,36.2523,0.186
tbn,623,0,44,173.27,378.515,39.0969,0.2061
tbn,623,0,45,173.115,378.38,43.0232,0.2052
tbn,623,0,46,172.9,378.155,47.9107,0.4177
tbn,623,0,47,172.645,377.83,55.923,0.4105
tbn,623,0,48,172.48,377.57,60.9429,0.2059
tbn,623,0,49,172.395,377.39,68.7525,0.1931
tbn,623,0,50,172.335,377.205,75.2558,0.1965
tbn,623,0,51,172.295,377.015,81.0278,0.1924
tbn,623,0,52,172.28,376.825,90.0,0.19
tbn,623,0,53,172.295,376.635,98.9722,0.1924
tbn,623,0,54,172.345,376.445,110.2225,0.2025
tbn,623,0,55,172.43,376.255,117.7597,0.2147
tbn,623,1,0,176.16,378.45,113.2031,0.1523
tbn,623,1,1,176.21,378.315,107.0994,0.136
tbn,623,1,2,176.235,378.18,94.0834,0.1404
tbn,623,1,3,176.235,378.04,85.9166,0.1404
tbn,623,1,4,176.185,377.83,72.1817,0.2941
tbn,623,1,5,176.06,377.555,59.3492,0.3139
tbn,623,1,6,175.875,377.29,51.071,0.3342
tbn,623,1,7,175.655,377.045,45.0,0.3253
tbn,623,1,8,175.425,376.835,39.5606,0.2983
tbn,623,1,9,175.2,376.66,36.0278,0.272
tbn,623,1,10,174.975,376.515,29.4773,0.2642
tbn,623,1,11,174.72,376.38,26.5651,0.313
tbn,623,1,12,174.43,376.255,20.1362,0.3195
tbn,623,1,13,174.125,376.16,14.4681,0.3202
tbn,623,1,14,173.81,376.105,5.3582,0.3214
tbn,623,1,15,173.505,376.105,174.091,0.2915
tbn,623,1,16,173.295,376.14,162.9006,0.136
tbn,623,1,17,173.17,376.195,149.7399,0.1389
tbn,623,1,18,173.055,376.275,140.7119,0.1421
tbn,623,1,19,172.955,376.38,126.8746,0.15
tbn,623,1,20,172.875,376.505,118.2971,0.1476
tbn,623,1,21,172.82,376.64,105.9429,0.1456
tbn,623,1,22,172.795,376.78,94.0896,0.1404
tbn,623,1,23,172.795,376.92,85.9104,0.1404
tbn,623,1,24,172.845,377.13,72.1817,0.2941
tbn,623,1,25,172.97,377.405,59.3492,0.3139
tbn,623,1,26,173.15,377.665,51.3406,0.3202
tbn,623,1,27,173.365,377.905,45.0,0.3253
tbn,623,1,28,173.6,378.12,39.8045,0.3124
tbn,623,1,29,173.825,378.295,35.5404,0.2581
tbn,623,1,30,174.045,378.435,29.4744,0.2642
tbn,623,1,31,174.3,378.57,26.5638,0.3131
tbn,623,1,32,174.595,378.695,19.5369,0.3289
tbn,623,1,33,174.905,378.795,16.1887,0.3228
tbn,623,1,34,175.22,378.855,5.3584,0.3214
tbn,623,1,35,175.525,378.855,174.0913,0.2916
tbn,623,1,36,175.735,378.815,158.9679,0.1393
tbn,623,1,37,175.86,378.76,153.4349,0.1342
tbn,623,1,38,175.975,378.68,137.7247,0.1487
tbn,623,1,39,176.08,378.575,132.2709,0.1487
tbn,624,0,0,256.84,247.075,90.0,4.09
tbn,624,0,1,257.095,245.03,0.0,0.51
tbn,624,0,2,257.35,247.33,90.0,4.6
tbn,624,0,3,256.85,249.63,0.0,1.0
tbn,624,0,4,256.19,249.375,57.8936,0.6021
tbn,624,0,5,256.435,249.12,0.0,0.81
tbn,625,0,0,260.38,247.075,90.0,4.09
tbn,625,0,1,260.635,245.03,0.0,0.51
tbn,625,0,2,260.89,247.33,90.0,4.6
tbn,625,0,3,260.39,249.63,0.0,1.0
tbn,625,0,4,259.735,249.375,58.7076,0.5968
tbn,625,0,5,259.98,249.12,0.0,0.8
tbn,626,0,0,265.56,249.375,90.0,0.51
tbn,626,0,1,264.655,249.63,0.0,1.81
tbn,626,0,2,263.395,248.45,73.2565,2.4645
tbn,626,0,3,263.095,247.27,0.0,0.11
tbn,626,0,4,263.235,247.355,45.0,0.2404
tbn,626,0,5,263.425,247.5,29.7449,0.2419
tbn,626,0,6,263.65,247.605,20.556,0.2563
tbn,626,0,7,263.89,247.66,4.7606,0.2409
tbn,626,0,8,264.12,247.66,174.8084,0.2209
tbn,626,0,9,264.33,247.62,163.3,0.2088
tbn,626,0,10,264.525,247.535,149.9282,0.2196
tbn,626,0,11,264.7,247.415,140.9123,0.2061
tbn,626,0,12,264.85,247.27,131.1821,0.2126
tbn,626,0,13,264.97,247.095,117.7597,0.2147
tbn,626,0,14,265.055,246.9,109.2908,0.2119
tbn,626,0,15,265.1,246.695,95.4376,0.2109
tbn,626,0,16,265.1,246.475,85.0332,0.2309
tbn,626,0,17,265.06,246.255,74.0546,0.2184
tbn,626,0,18,264.98,246.055,62.2403,0.2147
tbn,626,0,19,264.86,245.875,50.5279,0.2202
tbn,626,0,20,264.71,245.72,41.1882,0.2126
tbn,626,0,21,264.535,245.6,27.7597,0.2147
tbn,626,0,22,264.335,245.515,18.4374,0.2214
tbn,626,0,23,264.115,245.47,4.9668,0.2309
tbn,626,0,24,263.92,245.465,176.4203,0.1603
tbn,626,0,25,263.76,245.49,165.9612,0.1649
tbn,626,0,26,263.605,245.54,158.1986,0.1615
tbn,626,0,27,263.455,245.61,151.9305,0.17
tbn,626,0,28,263.315,245.7,142.4308,0.164
tbn,626,0,29,263.195,245.81,132.5157,0.1628
tbn,626,0,30,263.09,245.935,127.5608,0.164
tbn,626,0,31,263.005,246.07,116.57,0.1565
tbn,626,0,32,262.755,245.94,42.93,0.5873
tbn,626,0,33,262.6,245.65,123.6901,0.2163
tbn,626,0,34,262.73,245.485,133.023,0.2052
tbn,626,0,35,262.88,245.34,138.8118,0.2126
tbn,626,0,36,263.05,245.215,148.5728,0.2109
tbn,626,0,37,263.235,245.115,154.655,0.2102
tbn,626,0,38,263.43,245.035,160.7092,0.2119
tbn,626,0,39,263.635,244.98,169.213,0.2138
tbn,626,0,40,263.845,244.955,177.2713,0.2103
tbn,626,0,41,264.04,244.955,3.1831,0.1803
tbn,626,0,42,264.215,244.97,6.7069,0.1712
tbn,626,0,43,264.38,245.0,14.0388,0.1649
tbn,626,0,44,264.54,245.045,17.3596,0.1676
tbn,626,0,45,264.76,245.14,26.5626,0.313
tbn,626,0,46,265.025,245.305,37.2352,0.314
tbn,626,0,47,265.25,245.515,48.9905,0.3048
tbn,626,0,48,265.425,245.77,61.8223,0.3176
tbn,626,0,49,265.525,245.985,71.5685,0.1581
tbn,626,0,50,265.57,246.14,75.9612,0.1649
tbn,626,0,51,265.605,246.305,79.9914,0.1726
tbn,626,0,52,265.62,246.48,90.0,0.18
tbn,626,0,53,265.61,246.725,93.6894,0.3106
tbn,626,0,54,265.56,247.03,104.935,0.3105
tbn,626,0,55,265.46,247.315,113.9625,0.2955
tbn,626,0,56,265.32,247.57,123.6884,0.2885
tbn,626,0,57,265.135,247.795,135.0,0.297
tbn,626,0,58,264.905,247.975,149.0373,0.2915
tbn,626,0,59,264.715,248.08,155.2266,0.1432
tbn,626,0,60,264.575,248.13,165.065,0.1552
tbn,626,0,61,264.425,248.16,172.4092,0.1513
tbn,626,0,62,264.265,248.175,176.6305,0.1703
tbn,626,0,63,264.02,248.175,1.7916,0.3202
tbn,626,0,64,264.0,248.645,73.5781,0.9904
tbn,626,0,65,264.85,249.12,0.0,1.42
tbn,627,0,0,269.1,249.375,90.0,0.51
tbn,627,0,1,268.195,249.63,0.0,1.81
tbn,627,0,2,266.935,248.45,73.2565,2.4645
tbn,627,0,3,266.635,247.27,0.0,0.11
tbn,627,0,4,266.775,247.355,45.0,0.2404
tbn,627,0,5,266.965,247.5,29.7449,0.2419
tbn,627,0,6,267.19,247.605,20.556,0.2563
tbn,627,0,7,267.43,247.66,4.7606,0.2409
tbn,627,0,8,267.66,247.66,174.8084,0.2209
tbn,627,0,9,267.875,247.62,164.0546,0.2184
tbn,627,0,10,268.07,247.535,148.5657,0.211
tbn,627,0,11,268.245,247.415,142.6023,0.214
tbn,627,0,12,268.395,247.27,129.0877,0.2061
tbn,627,0,13,268.515,247.095,120.0718,0.2196
tbn,627,0,14,268.6,246.9,106.6976,0.2088
tbn,627,0,15,268.645,246.695,98.1301,0.2121
tbn,627,0,16,268.645,246.475,82.5692,0.232
tbn,627,0,17,268.6,246.255,74.0546,0.2184
tbn,627,0,18,268.52,246.055,62.2403,0.2147
tbn,627,0,19,268.4,245.875,50.5279,0.2202
tbn,627,0,20,268.25,245.72,41.1882,0.2126
tbn,627,0,21,268.075,245.6,27.7597,0.2147
tbn,627,0,22,267.875,245.515,18.4374,0.2214
tbn,627,0,23,267.655,245.47,4.9668,0.2309
tbn,627,0,24,267.46,245.465,176.4203,0.1603
tbn,627,0,25,267.305,245.49,165.065,0.1552
tbn,627,0,26,267.15,245.54,159.4452,0.1709
tbn,627,0,27,267.0,245.61,150.2618,0.1613
tbn,627,0,28,266.86,245.7,144.4576,0.172
tbn,627,0,29,266.735,245.81,132.5157,0.1628
tbn,627,0,30,266.63,245.935,127.5608,0.164
tbn,627,0,31,266.55,246.07,113.2001,0.1523
tbn,627,0,32,266.305,245.94,42.928,0.5873
tbn,627,0,33,266.145,245.65,121.4343,0.211
tbn,627,0,34,266.27,245.485,133.023,0.2052
tbn,627,0,35,266.42,245.34,138.8118,0.2126
tbn,627,0,36,266.59,245.215,148.5728,0.2109
tbn,627,0,37,266.775,245.115,154.655,0.2102
tbn,627,0,38,266.97,245.035,160.7092,0.2119
tbn,627,0,39,267.175,244.98,169.213,0.2138
tbn,627,0,40,267.39,244.955,177.3949,0.2202
tbn,627,0,41,267.585,244.955,3.3695,0.1703
tbn,627,0,42,267.755,244.97,6.7069,0.1712
tbn,627,0,43,267.92,245.0,14.0388,0.1649
tbn,627,0,44,268.08,245.045,17.3596,0.1676
tbn,627,0,45,268.3,245.14,26.5626,0.313
tbn,627,0,46,268.565,245.305,37.2352,0.314
tbn,627,0,47,268.79,245.515,48.9905,0.3048
tbn,627,0,48,268.965,245.77,61.8223,0.3176
tbn,627,0,49,269.065,245.985,71.5685,0.1581
tbn,627,0,50,269.11,246.14,75.9612,0.1649
tbn,627,0,51,269.145,246.305,79.9914,0.1726
tbn,627,0,52,269.165,246.48,86.8175,0.1803
tbn,627,0,53,269.155,246.725,95.5274,0.3114
tbn,627,0,54,269.105,247.03,103.1359,0.308
tbn,627,0,55,269.01,247.315,113.9625,0.2955
tbn,627,0,56,268.865,247.57,125.311,0.2941
tbn,627,0,57,268.675,247.795,135.0,0.297
tbn,627,0,58,268.45,247.975,147.9946,0.283
tbn,627,0,59,268.26,248.08,156.8044,0.1523
tbn,627,0,60,268.115,248.13,165.065,0.1552
tbn,627,0,61,267.965,248.16,172.4092,0.1513
tbn,627,0,62,267.805,248.175,176.6305,0.1703
tbn,627,0,63,267.56,248.175,1.7916,0.3202
tbn,627,0,64,267.545,248.645,73.0242,0.9933
tbn,627,0,65,268.395,249.12,0.0,1.41
tbn,628,0,0,257.7,251.88,0.0,2.5
tbn,628,0,1,258.95,252.135,90.0,0.51
tbn,628,0,2,258.0,252.39,0.0,1.9
tbn,628,0,3,257.05,253.285,90.0,1.79
tbn,628,0,4,257.975,254.18,0.0,1.85
tbn,628,0,5,258.9,254.435,90.0,0.51
tbn,628,0,6,257.975,254.69,0.0,1.85
tbn,628,0,7,257.05,255.33,90.0,1.28
tbn,628,0,8,258.0,255.97,0.0,1.9
tbn,628,0,9,258.95,256.225,90.0,0.51
tbn,628,0,10,257.7,256.48,0.0,2.5
tbn,628,0,11,256.45,254.18,90.0,4.6
tbn,629,0,0,259.94,256.48,0.0,0.6
tbn,629,0,1,259.64,254.18,90.0,4.6
tbn,629,0,2,260.64,251.88,0.0,2.0
tbn,629,0,3,261.64,252.135,90.0,0.51
tbn,629,0,4,260.94,252.39,0.0,1.4
tbn,629,0,5,260.24,254.435,90.0,4.09
tbn,630,0,0,263.255,251.88,0.0,2.51
tbn,630,0,1,264.51,252.135,90.0,0.51
tbn,630,0,2,263.555,252.39,0.0,1.91
tbn,630,0,3,262.6,253.285,90.0,1.79
tbn,630,0,4,263.525,254.18,0.0,1.85
tbn,630,0,5,264.45,254.435,90.0,0.51
tbn,630,0,6,263.525,254.69,0.0,1.85
tbn,630,0,7,262.6,255.33,90.0,1.28
tbn,630,0,8,263.555,255.97,0.0,1.91
tbn,630,0,9,264.51,256.225,90.0,0.51
tbn,630,0,10,263.255,256.48,0.0,2.51
tbn,630,0,11,262.0,254.18,90.0,4.6
tbn,631,0,0,265.0,256.48,0.0,0.62
tbn,631,0,1,265.69,254.065,112.4935,5.2277
tbn,631,0,2,267.69,254.065,67.5065,5.2277
tbn,631,0,3,268.375,256.48,0.0,0.63
tbn,631,0,4,267.375,254.785,67.9951,3.6564
tbn,631,0,5,266.0,254.785,112.1502,3.6601
tbn,632,0,0,85.81,502.935,122.9122,4.0857
tbn,632,0,1,84.485,504.515,32.1247,0.5077
tbn,632,0,2,85.52,502.45,122.9299,4.5989
tbn,632,0,3,87.19,500.79,32.7348,0.9986
tbn,632,0,4,87.605,501.36,90.955,0.6001
tbn,632,0,5,87.26,501.44,32.9054,0.8099
tbn,633,0,0,82.71,498.195,123.0705,0.5131
tbn,633,0,1,83.61,498.47,32.8114,1.8085
tbn,633,0,2,84.025,500.15,106.1678,2.478
tbn,633,0,3,83.635,501.31,33.6878,0.1082
tbn,633,0,4,83.565,501.16,78.233,0.2452
tbn,633,0,5,83.485,500.93,63.4342,0.246
tbn,633,0,6,83.355,500.72,53.1305,0.25
tbn,633,0,7,83.185,500.54,40.0998,0.2484
tbn,633,0,8,82.99,500.415,24.229,0.2193
tbn,633,0,9,82.785,500.34,15.9448,0.2184
tbn,633,0,10,82.575,500.3,5.4415,0.2109
tbn,633,0,11,82.365,500.305,171.8681,0.2121
tbn,633,0,12,82.16,500.35,163.3018,0.2088
tbn,633,0,13,81.965,500.43,152.2412,0.2147
tbn,633,0,14,81.79,500.545,140.9074,0.2062
tbn,633,0,15,81.64,500.695,129.4714,0.2202
tbn,633,0,16,81.52,500.88,116.5651,0.2236
tbn,633,0,17,81.44,501.085,105.9468,0.2184
tbn,633,0,18,81.4,501.3,95.1935,0.2209
tbn,633,0,19,81.4,501.515,84.5606,0.2109
tbn,633,0,20,81.44,501.725,74.0532,0.2184
tbn,633,0,21,81.525,501.925,59.9316,0.2195
tbn,633,0,22,81.65,502.105,50.5274,0.2202
tbn,633,0,23,81.81,502.26,37.8748,0.228
tbn,633,0,24,81.965,502.365,28.3012,0.1476
tbn,633,0,25,82.11,502.43,20.5572,0.1709
tbn,633,0,26,82.27,502.475,10.6195,0.1628
tbn,633,0,27,82.435,502.495,3.3647,0.1703
tbn,633,0,28,82.6,502.495,176.4257,0.1603
tbn,633,0,29,82.76,502.47,165.9631,0.1649
tbn,633,0,30,82.915,502.425,161.5642,0.1581
tbn,633,0,31,83.055,502.355,145.3069,0.1581
tbn,633,0,32,83.195,502.595,75.257,0.5894
tbn,633,0,33,83.17,502.925,155.7728,0.2193
tbn,633,0,34,82.97,503.0,163.2992,0.2088
tbn,633,0,35,82.765,503.04,174.5607,0.211
tbn,633,0,36,82.555,503.05,0.0,0.21
tbn,633,0,37,82.345,503.035,8.1298,0.2121
tbn,633,0,38,82.14,502.995,14.0373,0.2062
tbn,633,0,39,81.94,502.93,21.7995,0.2154
tbn,633,0,40,81.745,502.835,30.0694,0.2195
tbn,633,0,41,81.58,502.73,35.5394,0.172
tbn,633,0,42,81.445,502.625,40.2335,0.1703
tbn,633,0,43,81.32,502.51,45.0018,0.1697
tbn,633,0,44,81.21,502.385,52.4291,0.164
tbn,633,0,45,81.08,502.185,59.3504,0.3138
tbn,633,0,46,80.95,501.905,70.9747,0.3068
tbn,633,0,47,80.88,501.605,82.6474,0.3126
tbn,633,0,48,80.87,501.295,93.6908,0.3106
tbn,633,0,49,80.9,501.06,104.0362,0.1649
tbn,633,0,50,80.945,500.905,108.4358,0.1581
tbn,633,0,51,81.005,500.75,113.6298,0.1746
tbn,633,0,52,81.085,500.595,120.9625,0.1749
tbn,633,0,53,81.225,500.395,127.2352,0.314
tbn,633,0,54,81.435,500.165,137.6031,0.3115
tbn,633,0,55,81.675,499.98,147.3802,0.2968
tbn,633,0,56,81.935,499.84,156.0381,0.2955
tbn,633,0,57,82.21,499.75,167.9042,0.2864
tbn,633,0,58,82.495,499.725,1.9753,0.2902
tbn,633,0,59,82.715,499.74,7.5933,0.1513
tbn,633,0,60,82.86,499.775,19.655,0.1487
tbn,633,0,61,83.005,499.83,21.8004,0.1616
tbn,633,0,62,83.15,499.9,29.7456,0.1612
tbn,633,0,63,83.35,500.035,36.1583,0.322
tbn,633,0,64,83.62,499.655,106.422,0.9904
tbn,633,0,65,83.165,498.795,32.9051,1.4174
tbn,634,0,0,252.68,236.775,31.4272,0.2109
tbn,634,0,1,252.855,236.865,22.3807,0.1839
tbn,634,0,2,253.03,236.915,9.4623,0.1825
tbn,634,0,3,253.205,236.925,176.6405,0.1703
tbn,634,0,4,253.375,236.9,166.7566,0.1746
tbn,634,0,5,253.54,236.835,150.6438,0.1836
tbn,634,0,6,253.69,236.73,139.3997,0.1844
tbn,634,0,7,253.825,236.585,127.4042,0.214
tbn,634,0,8,253.935,236.42,119.3562,0.1836
tbn,634,0,9,254.005,236.255,106.392,0.1772
tbn,634,0,10,254.04,236.085,96.7107,0.1712
tbn,634,0,11,254.04,235.915,83.2893,0.1712
tbn,634,0,12,254.005,235.75,72.6422,0.1676
tbn,634,0,13,253.94,235.595,61.9308,0.17
tbn,634,0,14,253.845,235.45,51.8395,0.178
tbn,634,0,15,253.715,235.325,36.2589,0.186
tbn,634,0,16,253.57,235.23,29.7408,0.1612
tbn,634,0,17,253.425,235.165,18.4297,0.1581
tbn,634,0,18,253.27,235.125,10.62,0.1628
tbn,634,0,19,253.115,235.11,0.0,0.15
tbn,634,0,20,252.965,235.125,168.6901,0.153
tbn,634,0,21,252.815,235.165,161.5703,0.1581
tbn,634,0,22,252.675,235.235,145.3038,0.1581
tbn,634,0,23,252.55,235.335,137.4879,0.1628
tbn,634,0,24,252.26,235.24,33.1134,0.5492
tbn,634,0,25,252.12,234.99,131.9887,0.2691
tbn,634,0,26,252.315,234.81,142.6963,0.264
tbn,634,0,27,252.535,234.68,156.4998,0.2508
tbn,634,0,28,252.77,234.6,165.9646,0.2474
tbn,634,0,29,253.015,234.57,0.0,0.25
tbn,634,0,30,253.27,234.59,8.7482,0.2631
tbn,634,0,31,253.525,234.65,17.7419,0.2625
tbn,634,0,32,253.765,234.755,29.4773,0.2642
tbn,634,0,33,254.0,234.91,36.8681,0.3
tbn,634,0,34,254.215,235.105,47.8609,0.2832
tbn,634,0,35,254.38,235.325,58.6726,0.2693
tbn,634,0,36,254.495,235.56,69.444,0.2563
tbn,634,0,37,254.56,235.815,81.5719,0.273
tbn,634,0,38,254.57,236.08,94.4,0.2607
tbn,634,0,39,254.52,236.35,105.9458,0.2912
tbn,634,0,40,254.41,236.625,117.4058,0.3042
tbn,634,0,41,254.285,236.835,126.2551,0.186
tbn,634,0,42,254.17,236.975,132.7072,0.1769
tbn,634,0,43,254.045,237.095,139.7685,0.1703
tbn,634,0,44,253.91,237.2,144.4606,0.172
tbn,634,0,45,253.77,237.285,153.4325,0.1565
tbn,634,0,46,253.62,237.345,162.6503,0.1676
tbn,634,0,47,253.455,237.38,173.2836,0.1712
tbn,634,0,48,253.28,237.39,0.0,0.18
tbn,634,0,49,253.235,237.54,73.3008,0.3132
tbn,634,0,50,253.28,237.835,90.0,0.29
tbn,634,0,51,253.265,238.055,101.3099,0.153
tbn,634,0,52,253.23,238.205,104.935,0.1552
tbn,634,0,53,253.175,238.355,115.0153,0.1655
tbn,634,0,54,253.1,238.5,119.7429,0.1613
tbn,634,0,55,252.975,238.68,127.6938,0.278
tbn,634,0,56,252.795,238.87,139.8988,0.2484
tbn,634,0,57,252.59,239.01,151.3907,0.2506
tbn,634,0,58,252.365,239.105,163.0705,0.2404
tbn,634,0,59,252.13,239.145,177.6191,0.2402
tbn,634,0,60,251.89,239.135,7.1246,0.2419
tbn,634,0,61,251.65,239.08,18.4328,0.253
tbn,634,0,62,251.41,238.98,26.5636,0.2683
tbn,634,0,63,251.185,238.835,38.9943,0.2702
tbn,634,0,64,250.99,238.66,44.9976,0.2546
tbn,634,0,65,250.835,238.475,55.619,0.2302
tbn,634,0,66,250.725,238.275,66.8014,0.2285
tbn,634,0,67,250.66,238.055,80.1363,0.2335
tbn,634,0,68,250.645,237.82,92.3847,0.2402
tbn,634,0,69,250.675,237.58,101.768,0.2452
tbn,634,0,70,250.745,237.33,109.0942,0.2751
tbn,634,0,71,251.03,237.355,32.8557,0.5714
tbn,634,0,72,251.245,237.58,109.6515,0.1486
tbn,634,0,73,251.21,237.715,98.7477,0.1315
tbn,634,0,74,251.2,237.85,90.0,0.14
tbn,634,0,75,251.21,237.985,81.2503,0.1315
tbn,634,0,76,251.245,238.11,67.3894,0.13
tbn,634,0,77,251.305,238.225,57.5226,0.1304
tbn,634,0,78,251.39,238.335,47.7287,0.1487
tbn,634,0,79,251.5,238.435,36.8699,0.15
tbn,634,0,80,251.63,238.52,29.7408,0.1612
tbn,634,0,81,251.78,238.58,14.0388,0.1649
tbn,634,0,82,251.935,238.61,7.5908,0.1513
tbn,634,0,83,252.085,238.615,176.194,0.1503
tbn,634,0,84,252.23,238.585,160.3395,0.1487
tbn,634,0,85,252.365,238.525,151.6948,0.1476
tbn,634,0,86,252.49,238.435,137.4958,0.1628
tbn,634,0,87,252.605,238.315,130.2355,0.1703
tbn,634,0,88,252.705,238.165,117.8944,0.1924
tbn,634,0,89,252.77,238.0,104.0362,0.1649
tbn,634,0,90,252.79,237.84,90.0,0.16
tbn,634,0,91,252.77,237.69,74.0587,0.1456
tbn,634,0,92,252.715,237.55,63.43,0.1565
tbn,634,0,93,252.625,237.42,47.4882,0.1628
tbn,634,0,94,252.51,237.3,45.0073,0.1697
tbn,634,0,95,252.375,237.19,33.6847,0.1803
tbn,634,0,96,252.445,236.93,124.6227,0.5104
tbn,635,0,0,255.655,238.695,32.902,0.2025
tbn,635,0,1,255.83,238.785,21.2517,0.1931
tbn,635,0,2,256.005,238.84,13.2445,0.1746
tbn,635,0,3,256.18,238.855,176.8175,0.1803
tbn,635,0,4,256.355,238.825,163.6127,0.1772
tbn,635,0,5,256.515,238.76,151.9215,0.17
tbn,635,0,6,256.665,238.655,139.0958,0.1985
tbn,635,0,7,256.805,238.51,129.0877,0.2061
tbn,635,0,8,256.91,238.345,115.2041,0.1879
tbn,635,0,9,256.975,238.18,107.3497,0.1676
tbn,635,0,10,257.01,238.01,96.3466,0.1811
tbn,635,0,11,257.015,237.84,86.4203,0.1603
tbn,635,0,12,256.985,237.675,73.6127,0.1772
tbn,635,0,13,256.92,237.515,61.9263,0.17
tbn,635,0,14,256.82,237.375,47.2861,0.1769
tbn,635,0,15,256.69,237.25,40.6044,0.1844
tbn,635,0,16,256.545,237.15,28.0695,0.17
tbn,635,0,17,256.395,237.085,18.4315,0.1581
tbn,635,0,18,256.245,237.045,11.3099,0.153
tbn,635,0,19,256.09,237.03,0.0,0.16
tbn,635,0,20,255.935,237.045,168.6912,0.153
tbn,635,0,21,255.79,237.09,156.8022,0.1523
tbn,635,0,22,255.655,237.16,148.3947,0.1526
tbn,635,0,23,255.53,237.26,135.0036,0.1697
tbn,635,0,24,255.235,237.165,33.4075,0.563
tbn,635,0,25,255.09,236.91,131.9911,0.2691
tbn,635,0,26,255.285,236.735,144.4588,0.2581
tbn,635,0,27,255.505,236.605,154.4426,0.2549
tbn,635,0,28,255.745,236.525,168.686,0.255
tbn,635,0,29,255.995,236.495,177.714,0.2502
tbn,635,0,30,256.245,236.51,9.0922,0.2532
tbn,635,0,31,256.495,236.57,17.7419,0.2625
tbn,635,0,32,256.74,236.675,28.4418,0.273
tbn,635,0,33,256.975,236.83,38.0483,0.292
tbn,635,0,34,257.19,237.025,46.3943,0.29
tbn,635,0,35,257.36,237.245,58.6754,0.2693
tbn,635,0,36,257.475,237.485,70.1957,0.2657
tbn,635,0,37,257.535,237.74,83.4186,0.2617
tbn,635,0,38,257.54,238.005,94.2407,0.2707
tbn,635,0,39,257.49,238.275,106.5024,0.2816
tbn,635,0,40,257.38,238.545,117.4083,0.3042
tbn,635,0,41,257.255,238.755,126.2513,0.186
tbn,635,0,42,257.145,238.895,130.2394,0.1703
tbn,635,0,43,257.025,239.02,137.2861,0.1769
tbn,635,0,44,256.89,239.125,147.2686,0.1664
tbn,635,0,45,256.745,239.205,154.9799,0.1655
tbn,635,0,46,256.59,239.265,162.6503,0.1676
tbn,635,0,47,256.425,239.305,169.9932,0.1726
tbn,635,0,48,256.255,239.32,0.0,0.17
tbn,635,0,49,256.21,239.465,74.5807,0.3008
tbn,635,0,50,256.255,239.76,88.0889,0.3002
tbn,635,0,51,256.245,239.985,101.3077,0.153
tbn,635,0,52,256.205,240.135,108.4419,0.1581
tbn,635,0,53,256.15,240.28,113.2001,0.1523
tbn,635,0,54,256.08,240.425,118.0695,0.17
tbn,635,0,55,255.95,240.605,130.5996,0.2766
tbn,635,0,56,255.765,240.795,138.1808,0.2549
tbn,635,0,57,255.56,240.94,151.3907,0.2506
tbn,635,0,58,255.34,241.03,164.7382,0.228
tbn,635,0,59,255.11,241.07,175.2391,0.2408
tbn,635,0,60,254.87,241.065,7.1246,0.2419
tbn,635,0,61,254.625,241.01,17.7482,0.2625
tbn,635,0,62,254.385,240.905,29.4715,0.2642
tbn,635,0,63,254.16,240.76,36.0278,0.272
tbn,635,0,64,253.965,240.59,46.6406,0.2476
tbn,635,0,65,253.81,240.4,55.0056,0.2441
tbn,635,0,66,253.7,240.195,69.1443,0.2247
tbn,635,0,67,253.64,239.98,79.6969,0.2236
tbn,635,0,68,253.62,239.75,90.0,0.24
tbn,635,0,69,253.645,239.505,101.3106,0.255
tbn,635,0,70,253.72,239.25,111.0373,0.2785
tbn,635,0,71,254.01,239.275,32.8557,0.5714
tbn,635,0,72,254.225,239.5,109.6515,0.1486
tbn,635,0,73,254.185,239.64,102.0931,0.1432
tbn,635,0,74,254.17,239.775,90.0,0.13
tbn,635,0,75,254.18,239.905,81.2569,0.1315
tbn,635,0,76,254.215,240.03,67.3832,0.13
tbn,635,0,77,254.275,240.15,59.7399,0.1389
tbn,635,0,78,254.36,240.26,45.0044,0.1414
tbn,635,0,79,254.47,240.355,36.8664,0.15
tbn,635,0,80,254.605,240.44,28.0695,0.17
tbn,635,0,81,254.755,240.505,18.4419,0.1581
tbn,635,0,82,254.905,240.54,7.5901,0.1513
tbn,635,0,83,255.055,240.54,172.4092,0.1513
tbn,635,0,84,255.2,240.51,164.0513,0.1456
tbn,635,0,85,255.34,240.45,150.2497,0.1613
tbn,635,0,86,255.47,240.36,140.2037,0.1562
tbn,635,0,87,255.58,240.245,127.565,0.164
tbn,635,0,88,255.675,240.095,117.8944,0.1924
tbn,635,0,89,255.74,239.925,103.2445,0.1746
tbn,635,0,90,255.76,239.765,90.0,0.15
tbn,635,0,91,255.74,239.615,75.065,0.1552
tbn,635,0,92,255.685,239.475,61.7029,0.1476
tbn,635,0,93,255.6,239.345,52.4243,0.164
tbn,635,0,94,255.485,239.225,40.2427,0.1703
tbn,635,0,95,255.345,239.115,36.2485,0.186
tbn,635,0,96,255.42,238.85,125.5371,0.5162
tbn,636,0,0,97.52,500.575,90.0,4.09
tbn,636,0,1,97.775,498.53,0.0,0.51
tbn,636,0,2,98.03,500.83,90.0,4.6
tbn,636,0,3,97.535,503.13,0.0,0.99
tbn,636,0,4,96.88,502.875,57.8939,0.6021
tbn,636,0,5,97.12,502.62,0.0,0.8
tbn,637,0,0,101.06,500.575,90.0,4.09
tbn,637,0,1,101.315,498.53,0.0,0.51
tbn,637,0,2,101.57,500.83,90.0,4.6
tbn,637,0,3,101.075,503.13,0.0,0.99
tbn,637,0,4,100.42,502.875,57.8939,0.6021
tbn,637,0,5,100.66,502.62,0.0,0.8
tbn,638,0,0,106.25,502.875,90.0,0.51
tbn,638,0,1,105.34,503.13,0.0,1.82
tbn,638,0,2,104.075,501.945,73.323,2.4741
tbn,638,0,3,103.775,500.76,0.0,0.11
tbn,638,0,4,103.92,500.845,43.3631,0.2476
tbn,638,0,5,104.115,500.995,31.7606,0.247
tbn,638,0,6,104.335,501.1,19.178,0.2435
tbn,638,0,7,104.575,501.155,6.8442,0.2518
tbn,638,0,8,104.805,501.16,174.5587,0.211
tbn,638,0,9,105.015,501.115,161.5651,0.2214
tbn,638,0,10,105.215,501.03,152.2412,0.2147
tbn,638,0,11,105.39,500.915,140.9074,0.2062
tbn,638,0,12,105.54,500.765,129.4714,0.2202
tbn,638,0,13,105.66,500.59,119.0542,0.2059
tbn,638,0,14,105.745,500.4,109.2902,0.2119
tbn,638,0,15,105.79,500.19,95.1955,0.2209
tbn,638,0,16,105.79,499.97,84.8045,0.2209
tbn,638,0,17,105.745,499.755,71.5651,0.2214
tbn,638,0,18,105.66,499.55,63.4349,0.2236
tbn,638,0,19,105.545,499.37,50.9074,0.2062
tbn,638,0,20,105.395,499.22,39.4714,0.2202
tbn,638,0,21,105.215,499.095,30.0694,0.2195
tbn,638,0,22,105.015,499.01,15.9448,0.2184
tbn,638,0,23,104.795,498.97,4.9707,0.2309
tbn,638,0,24,104.605,498.965,176.1852,0.1503
tbn,638,0,25,104.45,498.99,165.9631,0.1649
tbn,638,0,26,104.295,499.04,158.1996,0.1616
tbn,638,0,27,104.145,499.11,151.9272,0.17
tbn,638,0,28,104.005,499.2,142.4312,0.164
tbn,638,0,29,103.88,499.31,135.0,0.1697
tbn,638,0,30,103.775,499.435,124.6946,0.1581
tbn,638,0,31,103.695,499.57,116.5651,0.1565
tbn,638,0,32,103.445,499.44,42.9295,0.5873
tbn,638,0,33,103.285,499.15,121.4279,0.2109
tbn,638,0,34,103.41,498.98,131.1867,0.2126
tbn,638,0,35,103.56,498.835,140.906,0.2062
tbn,638,0,36,103.73,498.71,146.3094,0.2163
tbn,638,0,37,103.915,498.605,154.655,0.2102
tbn,638,0,38,104.115,498.53,164.0532,0.2184
tbn,638,0,39,104.325,498.48,169.2154,0.2138
tbn,638,0,40,104.535,498.455,177.2752,0.2102
tbn,638,0,41,104.73,498.45,0.0,0.18
tbn,638,0,42,104.9,498.465,10.619,0.1628
tbn,638,0,43,105.065,498.495,10.0077,0.1726
tbn,638,0,44,105.225,498.535,18.4358,0.1581
tbn,638,0,45,105.445,498.63,25.7697,0.322
tbn,638,0,46,105.71,498.795,38.3661,0.3061
tbn,638,0,47,105.93,499.01,50.1955,0.3124
tbn,638,0,48,106.105,499.265,60.9448,0.3089
tbn,638,0,49,106.21,499.475,68.1996,0.1616
tbn,638,0,50,106.26,499.635,76.7591,0.1746
tbn,638,0,51,106.29,499.805,83.2887,0.1712
tbn,638,0,52,106.305,499.975,86.6355,0.1703
tbn,638,0,53,106.295,500.215,95.5274,0.3114
tbn,638,0,54,106.245,500.52,103.1338,0.3081
tbn,638,0,55,106.15,500.81,113.1992,0.3046
tbn,638,0,56,106.005,501.07,125.3112,0.2941
tbn,638,0,57,105.82,501.29,135.0,0.2828
tbn,638,0,58,105.595,501.47,147.3802,0.2968
tbn,638,0,59,105.4,501.575,160.345,0.1487
tbn,638,0,60,105.26,501.625,160.3478,0.1487
tbn,638,0,61,105.11,501.66,172.8736,0.1612
tbn,638,0,62,104.95,501.675,176.4255,0.1603
tbn,638,0,63,104.705,501.67,3.4676,0.3306
tbn,638,0,64,104.685,502.14,73.1912,1.0028
tbn,638,0,65,105.54,502.62,0.0,1.42
tbn,639,0,0,108.685,499.51,53.4776,2.6381
tbn,639,0,1,109.56,500.715,58.1726,0.3413
tbn,639,0,2,109.725,501.01,63.4344,0.3354
tbn,639,0,3,109.83,501.24,69.4452,0.1709
tbn,639,0,4,109.88,501.4,75.9631,0.1649
tbn,639,0,5,109.915,501.56,79.381,0.1628
tbn,639,0,6,109.935,501.725,86.6328,0.1703
tbn,639,0,7,109.925,501.96,95.7103,0.3015
tbn,639,0,8,109.865,502.25,107.8197,0.2941
tbn,639,0,9,109.745,502.52,119.9824,0.3002
tbn,639,0,10,109.58,502.76,129.2893,0.2843
tbn,639,0,11,109.375,502.96,141.9524,0.2921
tbn,639,0,12,109.135,503.115,152.5247,0.2818
tbn,639,0,13,108.87,503.225,162.1817,0.2941
tbn,639,0,14,108.585,503.285,174.0941,0.2915
tbn,639,0,15,108.29,503.285,5.7103,0.3015
tbn,639,0,16,108.0,503.225,17.8183,0.2941
tbn,639,0,17,107.73,503.11,28.3018,0.2953
tbn,639,0,18,107.495,502.945,42.1369,0.2832
tbn,639,0,19,107.3,502.74,50.7107,0.2843
tbn,639,0,20,107.14,502.5,61.6995,0.2953
tbn,639,0,21,107.03,502.225,74.5775,0.3008
tbn,639,0,22,106.975,501.925,84.4726,0.3114
tbn,639,0,23,106.97,501.63,94.0865,0.2807
tbn,639,0,24,107.015,501.36,105.0683,0.2693
tbn,639,0,25,107.11,501.105,115.6401,0.2773
tbn,639,0,26,107.245,500.875,125.5381,0.2581
tbn,639,0,27,107.415,500.675,135.0,0.2687
tbn,639,0,28,107.62,500.51,147.5291,0.2608
tbn,639,0,29,107.855,500.395,160.2019,0.2657
tbn,639,0,30,108.12,500.335,173.8847,0.2816
tbn,639,0,31,108.375,500.33,4.969,0.2309
tbn,639,0,32,108.595,500.375,18.4343,0.2214
tbn,639,0,33,108.71,500.405,153.4262,0.0224
tbn,639,0,34,108.105,499.585,52.9616,2.042
tbn,639,0,35,107.695,498.61,142.0287,0.5201
tbn,639,1,0,108.36,500.84,173.6585,0.1811
tbn,639,1,1,108.18,500.875,164.4773,0.1868
tbn,639,1,2,108.01,500.945,150.6417,0.1836
tbn,639,1,3,107.855,501.05,141.3398,0.1921
tbn,639,1,4,107.715,501.18,132.8784,0.191
tbn,639,1,5,107.6,501.335,120.4654,0.1972
tbn,639,1,6,107.52,501.515,107.5268,0.1993
tbn,639,1,7,107.48,501.71,95.7097,0.201
tbn,639,1,8,107.48,501.905,83.9921,0.1911
tbn,639,1,9,107.52,502.095,72.4726,0.1992
tbn,639,1,10,107.595,502.27,60.6438,0.1836
tbn,639,1,11,107.705,502.425,49.0848,0.1985
tbn,639,1,12,107.845,502.56,38.6598,0.1921
tbn,639,1,13,108.005,502.665,27.8975,0.1924
tbn,639,1,14,108.185,502.74,17.5253,0.1992
tbn,639,1,15,108.38,502.78,5.7095,0.201
tbn,639,1,16,108.575,502.775,171.0275,0.1923
tbn,639,1,17,108.755,502.73,160.5613,0.1803
tbn,639,1,18,108.92,502.655,150.6426,0.1836
tbn,639,1,19,109.07,502.545,137.1199,0.1911
tbn,639,1,20,109.2,502.41,130.6021,0.1844
tbn,639,1,21,109.305,502.255,117.8966,0.1924
tbn,639,1,22,109.38,502.08,108.4364,0.1897
tbn,639,1,23,109.42,501.9,96.3391,0.1811
tbn,639,1,24,109.42,501.715,83.9921,0.1911
tbn,639,1,25,109.385,501.53,74.475,0.1868
tbn,639,1,26,109.315,501.36,60.6426,0.1836
tbn,639,1,27,109.215,501.205,53.7463,0.186
tbn,639,1,28,109.09,501.065,42.8784,0.191
tbn,639,1,29,108.935,500.955,27.8975,0.1924
tbn,639,1,30,108.755,500.88,17.5253,0.1992
tbn,639,1,31,108.555,500.84,5.4415,0.2109
tbn,640,0,0,98.52,505.38,0.0,2.5
tbn,640,0,1,99.77,505.635,90.0,0.51
tbn,640,0,2,98.82,505.89,0.0,1.9
tbn,640,0,3,97.87,506.78,90.0,1.78
tbn,640,0,4,98.795,507.67,0.0,1.85
tbn,640,0,5,99.72,507.925,90.0,0.51
tbn,640,0,6,98.795,508.18,0.0,1.85
tbn,640,0,7,97.87,508.82,90.0,1.28
tbn,640,0,8,98.82,509.46,0.0,1.9
tbn,640,0,9,99.77,509.715,90.0,0.51
tbn,640,0,10,98.52,509.97,0.0,2.5
tbn,640,0,11,97.27,507.675,90.0,4.59
tbn,641,0,0,100.76,509.97,0.0,0.6
tbn,641,0,1,100.46,507.675,90.0,4.59
tbn,641,0,2,101.46,505.38,0.0,2.0
tbn,641,0,3,102.46,505.635,90.0,0.51
tbn,641,0,4,101.76,505.89,0.0,1.4
tbn,641,0,5,101.06,507.93,90.0,4.08
tbn,642,0,0,104.075,505.38,0.0,2.51
tbn,642,0,1,105.33,505.635,90.0,0.51
tbn,642,0,2,104.375,505.89,0.0,1.91
tbn,642,0,3,103.42,506.78,90.0,1.78
tbn,642,0,4,104.345,507.67,0.0,1.85
tbn,642,0,5,105.27,507.925,90.0,0.51
tbn,642,0,6,104.345,508.18,0.0,1.85
tbn,642,0,7,103.42,508.82,90.0,1.28
tbn,642,0,8,104.375,509.46,0.0,1.91
tbn,642,0,9,105.33,509.715,90.0,0.51
tbn,642,0,10,104.075,509.97,0.0,2.51
tbn,642,0,11,102.82,507.675,90.0,4.59
tbn,643,0,0,105.825,509.97,0.0,0.63
tbn,643,0,1,106.51,507.555,112.4934,5.2277
tbn,643,0,2,108.51,507.555,67.5066,5.2277
tbn,643,0,3,109.195,509.97,0.0,0.63
tbn,643,0,4,108.195,508.28,67.9361,3.6471
tbn,643,0,5,106.825,508.28,112.064,3.6471
tbn,644,0,0,97.72,296.96,0.0,0.34
tbn,644,0,1,98.055,296.97,3.4663,0.3306
tbn,644,0,2,98.37,297.01,11.3094,0.3059
tbn,644,0,3,98.66,297.085,17.8239,0.2941
tbn,644,0,4,98.92,297.2,30.2538,0.2778
tbn,644,0,5,99.135,297.36,43.4503,0.2617
tbn,644,0,6,99.305,297.565,56.8896,0.2746
tbn,644,0,7,99.41,297.745,65.2266,0.1432
tbn,644,0,8,99.46,297.885,75.0677,0.1552
tbn,644,0,9,99.49,298.04,82.8763,0.1612
tbn,644,0,10,99.505,298.205,86.6325,0.1703
tbn,644,0,11,99.5,298.435,93.9444,0.2907
tbn,644,0,12,99.455,298.71,105.0679,0.2693
tbn,644,0,13,99.36,298.955,117.5553,0.2594
tbn,644,0,14,99.21,299.165,133.4515,0.2617
tbn,644,0,15,99.06,299.295,149.7415,0.1389
tbn,644,0,16,98.935,299.365,151.6962,0.1476
tbn,644,0,17,98.795,299.43,158.1996,0.1616
tbn,644,0,18,98.63,299.485,164.4795,0.1868
tbn,644,0,19,98.445,299.53,168.1086,0.1942
tbn,644,0,20,98.245,299.565,171.8705,0.2121
tbn,644,0,21,98.02,299.59,175.2317,0.2408
tbn,644,0,22,97.77,299.6,0.0,0.26
tbn,644,0,23,97.295,299.6,0.0,0.69
tbn,644,0,24,96.95,297.305,90.0,4.59
tbn,644,0,25,97.25,295.01,0.0,0.6
tbn,644,0,26,97.55,295.985,90.0,1.95
tbn,644,1,0,97.63,299.09,0.0,0.16
tbn,644,1,1,97.82,299.09,0.0,0.22
tbn,644,1,2,98.045,299.08,175.0255,0.2309
tbn,644,1,3,98.265,299.05,169.2214,0.2138
tbn,644,1,4,98.47,298.995,160.7078,0.2119
tbn,644,1,5,98.655,298.91,149.5338,0.1972
tbn,644,1,6,98.81,298.79,135.0031,0.198
tbn,644,1,7,98.905,298.68,121.9975,0.0944
tbn,644,1,8,98.95,298.59,111.8007,0.1077
tbn,644,1,9,98.98,298.485,100.3083,0.1118
tbn,644,1,10,98.995,298.365,94.3961,0.1304
tbn,644,1,11,98.995,298.235,85.6039,0.1304
tbn,644,1,12,98.98,298.115,79.6917,0.1118
tbn,644,1,13,98.95,298.01,68.1993,0.1077
tbn,644,1,14,98.91,297.915,66.0362,0.0985
tbn,644,1,15,98.825,297.795,49.0851,0.1985
tbn,644,1,16,98.675,297.67,30.4673,0.1972
tbn,644,1,17,98.495,297.585,20.2266,0.2025
tbn,644,1,18,98.295,297.525,13.3894,0.2159
tbn,644,1,19,98.08,297.49,5.1994,0.2209
tbn,644,1,20,97.855,297.475,2.4844,0.2302
tbn,644,1,21,97.645,297.47,0.0,0.19
tbn,644,1,22,97.55,298.28,90.0,1.62
tbn,645,0,0,103.24,299.535,155.0943,0.3087
tbn,645,0,1,102.955,299.65,160.9734,0.3068
tbn,645,0,2,102.66,299.725,170.54,0.3041
tbn,645,0,3,102.36,299.76,176.188,0.3007
tbn,645,0,4,102.085,299.765,2.2859,0.2502
tbn,645,0,5,101.835,299.74,9.0922,0.2532
tbn,645,0,6,101.595,299.695,12.2617,0.2354
tbn,645,0,7,101.365,299.625,21.3768,0.247
tbn,645,0,8,101.14,299.53,24.4386,0.2417
tbn,645,0,9,100.93,299.42,30.9621,0.2332
tbn,645,0,10,100.735,299.29,36.388,0.236
tbn,645,0,11,100.55,299.145,39.8044,0.2343
tbn,645,0,12,100.38,298.985,46.7373,0.2335
tbn,645,0,13,100.23,298.805,53.6161,0.236
tbn,645,0,14,100.095,298.61,56.9743,0.2385
tbn,645,0,15,99.98,298.4,65.5565,0.2417
tbn,645,0,16,99.885,298.175,68.6294,0.247
tbn,645,0,17,99.81,297.945,75.3804,0.2377
tbn,645,0,18,99.765,297.705,83.1575,0.2518
tbn,645,0,19,99.74,297.45,85.6,0.2607
tbn,645,0,20,99.74,297.195,94.5749,0.2508
tbn,645,0,21,99.765,296.95,97.1241,0.2419
tbn,645,0,22,99.81,296.71,104.0362,0.2474
tbn,645,0,23,99.885,296.48,112.2498,0.2377
tbn,645,0,24,99.98,296.265,115.4639,0.2326
tbn,645,0,25,100.09,296.06,120.9612,0.2332
tbn,645,0,26,100.22,295.87,127.8775,0.228
tbn,645,0,27,100.37,295.695,133.2665,0.2334
tbn,645,0,28,100.54,295.535,140.1899,0.2343
tbn,645,0,29,100.72,295.39,142.1282,0.228
tbn,645,0,30,100.91,295.26,149.0369,0.2332
tbn,645,0,31,101.12,295.15,155.5548,0.2417
tbn,645,0,32,101.34,295.06,160.0131,0.2341
tbn,645,0,33,101.565,294.995,167.7383,0.2354
tbn,645,0,34,101.8,294.95,170.5356,0.2433
tbn,645,0,35,102.04,294.925,177.619,0.2402
tbn,645,0,36,102.315,294.93,3.6894,0.3106
tbn,645,0,37,102.63,294.97,10.619,0.3256
tbn,645,0,38,102.94,295.05,18.4363,0.3162
tbn,645,0,39,103.235,295.165,24.1463,0.3178
tbn,645,0,40,103.38,295.575,90.0,0.69
tbn,645,0,41,103.24,295.815,36.8729,0.35
tbn,645,0,42,102.95,295.635,26.5639,0.3354
tbn,645,0,43,102.64,295.51,17.355,0.3353
tbn,645,0,44,102.31,295.445,5.0423,0.3413
tbn,645,0,45,102.045,295.435,176.9843,0.1903
tbn,645,0,46,101.86,295.455,170.5381,0.1825
tbn,645,0,47,101.68,295.495,164.4795,0.1868
tbn,645,0,48,101.51,295.55,159.4443,0.1709
tbn,645,0,49,101.275,295.67,149.8558,0.3585
tbn,645,0,50,100.985,295.88,138.3673,0.3612
tbn,645,0,51,100.74,296.14,128.1575,0.3561
tbn,645,0,52,100.55,296.445,115.8657,0.3668
tbn,645,0,53,100.44,296.695,109.4411,0.1803
tbn,645,0,54,100.385,296.87,105.5234,0.1868
tbn,645,0,55,100.35,297.055,96.0102,0.1911
tbn,645,0,56,100.335,297.245,93.0134,0.1903
tbn,645,0,57,100.335,297.435,86.9866,0.1903
tbn,645,0,58,100.355,297.625,81.0278,0.1924
tbn,645,0,59,100.39,297.81,77.4704,0.1844
tbn,645,0,60,100.44,297.99,71.5651,0.1897
tbn,645,0,61,100.55,298.245,64.1343,0.3668
tbn,645,0,62,100.74,298.55,51.8425,0.3561
tbn,645,0,63,100.985,298.81,41.6327,0.3612
tbn,645,0,64,101.275,299.02,30.1442,0.3585
tbn,645,0,65,101.515,299.14,19.4395,0.1803
tbn,645,0,66,101.69,299.195,15.5205,0.1868
tbn,645,0,67,101.87,299.235,9.4619,0.1825
tbn,645,0,68,102.06,299.255,2.8652,0.2002
tbn,645,0,69,102.32,299.245,174.6444,0.3214
tbn,645,0,70,102.64,299.185,164.292,0.3324
tbn,645,0,71,102.955,299.07,155.6936,0.3402
tbn,645,0,72,103.245,298.9,143.4691,0.336
tbn,645,0,73,103.38,299.135,90.0,0.67
tbn,646,0,0,105.62,297.05,14.0358,0.2474
tbn,646,0,1,105.85,297.125,22.2481,0.2377
tbn,646,0,2,106.05,297.235,35.8386,0.222
tbn,646,0,3,106.22,297.38,45.0,0.2263
tbn,646,0,4,106.365,297.555,55.6206,0.2302
tbn,646,0,5,106.475,297.75,65.7712,0.2193
tbn,646,0,6,106.55,297.965,75.3786,0.2377
tbn,646,0,7,106.585,298.195,87.5119,0.2302
tbn,646,0,8,106.575,298.47,95.356,0.3214
tbn,646,0,9,106.5,298.78,111.7994,0.3231
tbn,646,0,10,106.35,299.06,124.6942,0.3162
tbn,646,0,11,106.135,299.29,141.3428,0.3201
tbn,646,0,12,105.865,299.45,157.5215,0.3138
tbn,646,0,13,105.56,299.54,169.3808,0.3256
tbn,646,0,14,105.24,299.585,174.6444,0.3214
tbn,646,0,15,104.92,299.6,0.0,0.32
tbn,646,0,16,104.4,299.6,0.0,0.72
tbn,646,0,17,104.04,297.305,90.0,4.59
tbn,646,0,18,104.34,295.01,0.0,0.6
tbn,646,0,19,104.64,295.985,90.0,1.95
tbn,646,0,20,104.76,296.96,0.0,0.24
tbn,646,0,21,105.57,295.985,125.2867,2.3889
tbn,646,0,22,106.6,295.01,0.0,0.68
tbn,646,0,23,106.22,296.015,125.6184,2.4726
tbn,646,1,0,104.715,299.09,0.0,0.15
tbn,646,1,1,104.905,299.085,177.508,0.2302
tbn,646,1,2,105.13,299.07,174.8084,0.2209
tbn,646,1,3,105.35,299.04,169.6931,0.2236
tbn,646,1,4,105.56,298.985,160.7085,0.2119
tbn,646,1,5,105.745,298.9,149.5327,0.1972
tbn,646,1,6,105.895,298.78,132.8815,0.191
tbn,646,1,7,106.005,298.62,116.567,0.2012
tbn,646,1,8,106.065,298.41,97.1241,0.2419
tbn,646,1,9,106.065,298.17,82.875,0.2419
tbn,646,1,10,106.01,297.955,67.1661,0.2062
tbn,646,1,11,105.905,297.79,47.1168,0.191
tbn,646,1,12,105.76,297.67,32.0076,0.1887
tbn,646,1,13,105.585,297.58,22.8378,0.2062
tbn,646,1,14,105.385,297.52,10.7786,0.2138
tbn,646,1,15,105.165,297.49,4.9747,0.2309
tbn,646,1,16,104.94,297.475,2.5972,0.2202
tbn,646,1,17,104.735,297.47,0.0,0.19
tbn,646,1,18,104.64,298.28,90.0,1.62
tbn,647,0,0,110.48,297.22,0.0,0.2
tbn,647,0,1,110.675,297.2,168.109,0.1942
tbn,647,0,2,110.855,297.145,157.6263,0.1838
tbn,647,0,3,111.01,297.06,144.4606,0.172
tbn,647,0,4,111.14,296.945,132.709,0.1769
tbn,647,0,5,111.24,296.8,116.5651,0.1789
tbn,647,0,6,111.305,296.63,105.5234,0.1868
tbn,647,0,7,111.34,296.435,95.4409,0.211
tbn,647,0,8,111.345,296.24,86.8194,0.1803
tbn,647,0,9,111.315,296.065,73.6103,0.1772
tbn,647,0,10,111.25,295.905,61.9308,0.17
tbn,647,0,11,111.155,295.76,51.8395,0.178
tbn,647,0,12,111.04,295.635,42.5139,0.1628
tbn,647,0,13,110.905,295.54,28.0683,0.17
tbn,647,0,14,110.745,295.475,16.3859,0.1772
tbn,647,0,15,110.565,295.44,6.0148,0.1911
tbn,647,0,16,110.39,295.435,176.4201,0.1603
tbn,647,0,17,110.23,295.46,165.9612,0.1649
tbn,647,0,18,110.08,295.51,156.8022,0.1523
tbn,647,0,19,109.945,295.585,145.3054,0.1581
tbn,647,0,20,109.825,295.68,137.7247,0.1487
tbn,647,0,21,109.725,295.795,124.6931,0.1581
tbn,647,0,22,109.645,295.93,116.5675,0.1565
tbn,647,0,23,109.595,296.08,100.6216,0.1628
tbn,647,0,24,109.3,296.16,0.0,0.56
tbn,647,0,25,109.04,296.025,98.4275,0.2729
tbn,647,0,26,109.105,295.77,110.5537,0.2563
tbn,647,0,27,109.22,295.545,123.6925,0.2524
tbn,647,0,28,109.38,295.35,135.0,0.2545
tbn,647,0,29,109.57,295.185,143.1319,0.25
tbn,647,0,30,109.79,295.06,157.3787,0.26
tbn,647,0,31,110.035,294.975,164.3562,0.2596
tbn,647,0,32,110.295,294.93,175.766,0.2707
tbn,647,0,33,110.58,294.93,3.812,0.3007
tbn,647,0,34,110.865,294.98,16.5015,0.2816
tbn,647,0,35,111.125,295.075,23.7525,0.2731
tbn,647,0,36,111.355,295.21,37.3047,0.264
tbn,647,0,37,111.545,295.39,49.6332,0.2625
tbn,647,0,38,111.695,295.61,61.5597,0.273
tbn,647,0,39,111.8,295.865,73.4946,0.2816
tbn,647,0,40,111.85,296.155,86.3078,0.3106
tbn,647,0,41,111.855,296.4,93.1806,0.1803
tbn,647,0,42,111.84,296.575,96.7107,0.1712
tbn,647,0,43,111.805,296.745,106.3897,0.1772
tbn,647,0,44,111.75,296.905,111.7999,0.1616
tbn,647,0,45,111.675,297.05,122.7371,0.1664
tbn,647,0,46,111.58,297.185,127.5671,0.164
tbn,647,0,47,111.465,297.31,137.2928,0.1769
tbn,647,0,48,111.325,297.415,149.0362,0.1749
tbn,647,0,49,111.365,297.56,41.0113,0.3048
tbn,647,0,50,111.56,297.785,57.3802,0.2968
tbn,647,0,51,111.67,297.98,66.7999,0.1523
tbn,647,0,52,111.725,298.125,71.5668,0.1581
tbn,647,0,53,111.76,298.275,82.4063,0.1513
tbn,647,0,54,111.775,298.435,86.6325,0.1703
tbn,647,0,55,111.765,298.66,96.1153,0.2816
tbn,647,0,56,111.715,298.92,106.2588,0.25
tbn,647,0,57,111.62,299.15,118.6109,0.2506
tbn,647,0,58,111.485,299.35,129.807,0.2343
tbn,647,0,59,111.315,299.51,143.6191,0.236
tbn,647,0,60,111.11,299.635,153.431,0.246
tbn,647,0,61,110.875,299.72,166.5048,0.2571
tbn,647,0,62,110.615,299.76,175.766,0.2707
tbn,647,0,63,110.345,299.76,4.2341,0.2707
tbn,647,0,64,110.09,299.725,11.7652,0.2452
tbn,647,0,65,109.86,299.65,24.4459,0.2417
tbn,647,0,66,109.655,299.535,34.381,0.2302
tbn,647,0,67,109.485,299.39,46.848,0.2193
tbn,647,0,68,109.345,299.205,58.24,0.247
tbn,647,0,69,109.235,298.985,68.6294,0.247
tbn,647,0,70,109.16,298.735,77.4712,0.2766
tbn,647,0,71,109.415,298.6,0.0,0.57
tbn,647,0,72,109.715,298.67,77.9044,0.1432
tbn,647,0,73,109.76,298.805,65.2238,0.1432
tbn,647,0,74,109.825,298.925,57.5327,0.1304
tbn,647,0,75,109.905,299.03,48.007,0.1345
tbn,647,0,76,110.005,299.12,36.033,0.136
tbn,647,0,77,110.12,299.185,22.6144,0.13
tbn,647,0,78,110.245,299.23,17.1065,0.136
tbn,647,0,79,110.39,299.255,3.5799,0.1603
tbn,647,0,80,110.55,299.255,176.4203,0.1603
tbn,647,0,81,110.705,299.225,161.5694,0.1581
tbn,647,0,82,110.85,299.165,153.4325,0.1565
tbn,647,0,83,110.98,299.085,143.1319,0.15
tbn,647,0,84,111.09,298.985,132.2691,0.1487
tbn,647,0,85,111.175,298.86,116.5675,0.1565
tbn,647,0,86,111.23,298.715,104.9323,0.1552
tbn,647,0,87,111.26,298.555,96.7082,0.1712
tbn,647,0,88,111.26,298.375,83.9921,0.1911
tbn,647,0,89,111.225,298.2,72.6454,0.1676
tbn,647,0,90,111.155,298.055,55.3069,0.1581
tbn,647,0,91,111.055,297.94,42.2666,0.1486
tbn,647,0,92,110.935,297.855,28.3024,0.1477
tbn,647,0,93,110.79,297.795,17.3604,0.1676
tbn,647,0,94,110.625,297.755,10.0077,0.1726
tbn,647,0,95,110.45,297.735,3.1732,0.1803
tbn,647,0,96,110.37,297.475,92.2453,0.5104
tbn,648,0,0,114.105,294.93,5.4374,0.2109
tbn,648,0,1,114.31,294.96,11.312,0.204
tbn,648,0,2,114.5,295.02,23.9679,0.197
tbn,648,0,3,114.67,295.11,31.9985,0.1887
tbn,648,0,4,114.82,295.225,42.8801,0.1911
tbn,648,0,5,114.955,295.36,47.1247,0.1911
tbn,648,0,6,115.075,295.51,55.4919,0.1942
tbn,648,0,7,115.18,295.68,60.9429,0.2059
tbn,648,0,8,115.31,295.96,67.1671,0.4123
tbn,648,0,9,115.445,296.355,74.9817,0.4245
tbn,648,0,10,115.515,296.66,81.4688,0.2022
tbn,648,0,11,115.545,296.86,81.4701,0.2022
tbn,648,0,12,115.565,297.055,86.9866,0.1903
tbn,648,0,13,115.575,297.24,86.8194,0.1803
tbn,648,0,14,115.575,297.425,93.0134,0.1903
tbn,648,0,15,115.565,297.615,93.0134,0.1903
tbn,648,0,16,115.545,297.81,98.5312,0.2022
tbn,648,0,17,115.515,298.015,98.1289,0.2122
tbn,648,0,18,115.445,298.32,105.3766,0.4148
tbn,648,0,19,115.315,298.715,111.0385,0.4178
tbn,648,0,20,115.19,299.0,119.0511,0.2059
tbn,648,0,21,115.08,299.17,126.8751,0.2
tbn,648,0,22,114.955,299.325,130.9092,0.1985
tbn,648,0,23,114.82,299.465,137.1266,0.191
tbn,648,0,24,114.67,299.58,147.9936,0.1887
tbn,648,0,25,114.5,299.67,156.0321,0.197
tbn,648,0,26,114.315,299.73,168.1178,0.1942
tbn,648,0,27,114.11,299.76,174.8006,0.2209
tbn,648,0,28,113.895,299.76,5.4456,0.211
tbn,648,0,29,113.69,299.73,11.3036,0.204
tbn,648,0,30,113.505,299.67,25.2061,0.1879
tbn,648,0,31,113.335,299.58,30.4673,0.1972
tbn,648,0,32,113.18,299.465,42.8734,0.191
tbn,648,0,33,113.045,299.325,49.0908,0.1985
tbn,648,0,34,112.925,299.17,55.4868,0.1941
tbn,648,0,35,112.82,299.0,60.947,0.2059
tbn,648,0,36,112.69,298.715,67.6935,0.4215
tbn,648,0,37,112.56,298.32,75.9638,0.4123
tbn,648,0,38,112.49,298.015,79.2166,0.2138
tbn,648,0,39,112.46,297.81,84.2877,0.201
tbn,648,0,40,112.44,297.615,83.9921,0.1911
tbn,648,0,41,112.43,297.425,90.0,0.19
tbn,648,0,42,112.43,297.24,90.0,0.18
tbn,648,0,43,112.44,297.055,96.0079,0.1911
tbn,648,0,44,112.46,296.86,95.7115,0.201
tbn,648,0,45,112.49,296.66,101.3112,0.2039
tbn,648,0,46,112.56,296.355,103.7066,0.422
tbn,648,0,47,112.69,295.96,112.8329,0.4123
tbn,648,0,48,112.82,295.68,119.0571,0.2059
tbn,648,0,49,112.925,295.51,124.5081,0.1942
tbn,648,0,50,113.045,295.36,132.8753,0.1911
tbn,648,0,51,113.185,295.225,139.0848,0.1985
tbn,648,0,52,113.34,295.11,148.0003,0.1887
tbn,648,0,53,113.505,295.02,154.7939,0.1879
tbn,648,0,54,113.69,294.96,168.688,0.204
tbn,648,0,55,113.895,294.93,174.5626,0.2109
tbn,648,1,0,114.075,299.255,176.1823,0.1503
tbn,648,1,1,114.22,299.23,164.0629,0.1456
tbn,648,1,2,114.35,299.175,149.7415,0.1389
tbn,648,1,3,114.465,299.095,140.7099,0.1421
tbn,648,1,4,114.61,298.935,128.0458,0.2921
tbn,648,1,5,114.775,298.68,118.1789,0.3176
tbn,648,1,6,114.9,298.385,107.8786,0.3257
tbn,648,1,7,114.985,298.07,102.3388,0.3276
tbn,648,1,8,115.035,297.76,95.712,0.3015
tbn,648,1,9,115.06,297.475,94.2359,0.2707
tbn,648,1,10,115.06,297.205,85.7646,0.2708
tbn,648,1,11,115.035,296.92,84.288,0.3015
tbn,648,1,12,114.985,296.61,77.6612,0.3276
tbn,648,1,13,114.9,296.295,72.1214,0.3257
tbn,648,1,14,114.775,296.005,60.9442,0.3089
tbn,648,1,15,114.61,295.755,51.9542,0.2921
tbn,648,1,16,114.465,295.595,39.2901,0.1421
tbn,648,1,17,114.35,295.52,26.5636,0.1342
tbn,648,1,18,114.22,295.465,19.6605,0.1487
tbn,648,1,19,114.075,295.435,3.8061,0.1503
tbn,648,1,20,113.925,295.435,176.1939,0.1503
tbn,648,1,21,113.785,295.465,158.9551,0.1393
tbn,648,1,22,113.66,295.52,153.4364,0.1342
tbn,648,1,23,113.545,295.595,140.7119,0.1421
tbn,648,1,24,113.395,295.755,129.5576,0.2983
tbn,648,1,25,113.23,296.005,117.4084,0.3041
tbn,648,1,26,113.11,296.295,107.8799,0.3257
tbn,648,1,27,113.025,296.61,102.3388,0.3276
tbn,648,1,28,112.97,296.92,97.5951,0.3026
tbn,648,1,29,112.945,297.205,92.1198,0.2702
tbn,648,1,30,112.945,297.475,87.88,0.2702
tbn,648,1,31,112.97,297.76,82.4049,0.3026
tbn,648,1,32,113.025,298.07,77.6612,0.3276
tbn,648,1,33,113.11,298.385,72.1201,0.3257
tbn,648,1,34,113.23,298.68,63.4349,0.313
tbn,648,1,35,113.395,298.935,50.4424,0.2983
tbn,648,1,36,113.545,299.095,39.2881,0.1421
tbn,648,1,37,113.66,299.175,30.2585,0.1389
tbn,648,1,38,113.785,299.23,17.0942,0.136
tbn,648,1,39,113.925,299.255,3.8177,0.1503
tbn,649,0,0,117.655,294.93,5.4374,0.2109
tbn,649,0,1,117.855,294.96,11.891,0.1942
tbn,649,0,2,118.04,295.02,23.967,0.197
tbn,649,0,3,118.21,295.11,31.9997,0.1887
tbn,649,0,4,118.36,295.225,42.8801,0.1911
tbn,649,0,5,118.495,295.36,47.123,0.1911
tbn,649,0,6,118.62,295.51,53.1319,0.2
tbn,649,0,7,118.73,295.68,60.9429,0.2059
tbn,649,0,8,118.855,295.96,68.4601,0.4085
tbn,649,0,9,118.985,296.355,74.9817,0.4245
tbn,649,0,10,119.06,296.66,78.6888,0.2039
tbn,649,0,11,119.09,296.86,84.2885,0.201
tbn,649,0,12,119.11,297.055,83.9921,0.1911
tbn,649,0,13,119.12,297.24,90.0,0.18
tbn,649,0,14,119.12,297.425,90.0,0.19
tbn,649,0,15,119.11,297.615,96.0079,0.1911
tbn,649,0,16,119.09,297.81,95.7123,0.201
tbn,649,0,17,119.06,298.015,100.7834,0.2138
tbn,649,0,18,118.99,298.32,104.0362,0.4123
tbn,649,0,19,118.86,298.715,112.3065,0.4215
tbn,649,0,20,118.73,299.0,119.053,0.2059
tbn,649,0,21,118.625,299.17,124.5132,0.1941
tbn,649,0,22,118.505,299.325,130.9092,0.1985
tbn,649,0,23,118.365,299.465,139.0915,0.1985
tbn,649,0,24,118.21,299.58,147.9924,0.1887
tbn,649,0,25,118.04,299.67,156.033,0.197
tbn,649,0,26,117.855,299.73,168.1178,0.1942
tbn,649,0,27,117.655,299.76,174.5544,0.211
tbn,649,0,28,117.44,299.76,5.1994,0.2209
tbn,649,0,29,117.235,299.73,11.8822,0.1942
tbn,649,0,30,117.05,299.67,23.9679,0.197
tbn,649,0,31,116.88,299.58,32.0064,0.1887
tbn,649,0,32,116.725,299.465,40.9085,0.1985
tbn,649,0,33,116.585,299.325,49.0908,0.1985
tbn,649,0,34,116.465,299.17,55.4868,0.1941
tbn,649,0,35,116.36,299.0,60.9489,0.2059
tbn,649,0,36,116.23,298.715,67.6925,0.4215
tbn,649,0,37,116.1,298.32,75.9638,0.4123
tbn,649,0,38,116.03,298.015,79.2166,0.2138
tbn,649,0,39,116.0,297.81,84.2898,0.201
tbn,649,0,40,115.98,297.615,83.9898,0.1911
tbn,649,0,41,115.97,297.425,90.0,0.19
tbn,649,0,42,115.97,297.24,90.0,0.18
tbn,649,0,43,115.98,297.055,96.0102,0.1911
tbn,649,0,44,116.0,296.86,95.7093,0.201
tbn,649,0,45,116.03,296.66,101.3112,0.2039
tbn,649,0,46,116.105,296.355,105.0183,0.4245
tbn,649,0,47,116.235,295.96,111.5409,0.4085
tbn,649,0,48,116.36,295.68,119.0552,0.2059
tbn,649,0,49,116.47,295.51,126.8699,0.2
tbn,649,0,50,116.595,295.36,132.8753,0.1911
tbn,649,0,51,116.73,295.225,137.1199,0.1911
tbn,649,0,52,116.88,295.11,148.0015,0.1887
tbn,649,0,53,117.05,295.02,156.0321,0.197
tbn,649,0,54,117.235,294.96,168.109,0.1942
tbn,649,0,55,117.44,294.93,174.8084,0.2209
tbn,649,1,0,117.62,299.255,175.9104,0.1404
tbn,649,1,1,117.76,299.23,164.0629,0.1456
tbn,649,1,2,117.89,299.175,149.7415,0.1389
tbn,649,1,3,118.005,299.095,140.7119,0.1421
tbn,649,1,4,118.155,298.935,129.5576,0.2983
tbn,649,1,5,118.32,298.68,116.5651,0.313
tbn,649,1,6,118.44,298.385,107.8799,0.3257
tbn,649,1,7,118.525,298.07,102.3388,0.3276
tbn,649,1,8,118.58,297.76,97.5951,0.3026
tbn,649,1,9,118.605,297.475,92.12,0.2702
tbn,649,1,10,118.605,297.205,87.8802,0.2702
tbn,649,1,11,118.58,296.92,82.4049,0.3026
tbn,649,1,12,118.525,296.61,77.6612,0.3276
tbn,649,1,13,118.44,296.295,72.1201,0.3257
tbn,649,1,14,118.32,296.005,62.5916,0.3041
tbn,649,1,15,118.155,295.755,50.4424,0.2983
tbn,649,1,16,118.005,295.595,39.2881,0.1421
tbn,649,1,17,117.89,295.52,26.5636,0.1342
tbn,649,1,18,117.76,295.465,19.6605,0.1487
tbn,649,1,19,117.62,295.435,4.0772,0.1404
tbn,649,1,20,117.475,295.435,176.1939,0.1503
tbn,649,1,21,117.33,295.465,160.3395,0.1487
tbn,649,1,22,117.2,295.52,153.4364,0.1342
tbn,649,1,23,117.085,295.595,140.7099,0.1421
tbn,649,1,24,116.935,295.755,129.5587,0.2983
tbn,649,1,25,116.77,296.005,117.4084,0.3041
tbn,649,1,26,116.65,296.295,107.8786,0.3257
tbn,649,1,27,116.565,296.61,102.3388,0.3276
tbn,649,1,28,116.51,296.92,97.5951,0.3026
tbn,649,1,29,116.485,297.205,92.1214,0.2702
tbn,649,1,30,116.485,297.475,87.8784,0.2702
tbn,649,1,31,116.51,297.76,82.4049,0.3026
tbn,649,1,32,116.565,298.07,77.6612,0.3276
tbn,649,1,33,116.65,298.385,72.1214,0.3257
tbn,649,1,34,116.77,298.68,63.4349,0.313
tbn,649,1,35,116.935,298.935,50.4413,0.2983
tbn,649,1,36,117.085,299.095,39.2901,0.1421
tbn,649,1,37,117.2,299.175,30.2585,0.1389
tbn,649,1,38,117.33,299.23,15.9371,0.1456
tbn,649,1,39,117.475,299.255,3.8177,0.1503
tbn,650,0,0,123.8,299.345,90.0,0.51
tbn,650,0,1,122.67,299.6,0.0,2.26
tbn,650,0,2,121.54,297.305,90.0,4.59
tbn,650,0,3,121.84,295.01,0.0,0.6
tbn,650,0,4,122.14,296.155,90.0,2.29
tbn,650,0,5,122.94,297.3,0.0,1.6
tbn,650,0,6,123.74,297.555,90.0,0.51
tbn,650,0,7,122.94,297.81,0.0,1.6
tbn,650,0,8,122.14,298.45,90.0,1.28
tbn,650,0,9,122.97,299.09,0.0,1.66
tbn,651,0,0,125.46,297.35,66.5658,6.3868
tbn,651,0,1,124.405,294.325,156.161,0.4701
tbn,651,0,2,125.895,297.175,66.5903,6.4183
tbn,651,0,3,126.95,300.2,160.0166,0.4682
tbn,652,0,0,131.075,299.535,154.2896,0.2997
tbn,652,0,1,130.795,299.65,160.9729,0.3068
tbn,652,0,2,130.5,299.725,170.54,0.3041
tbn,652,0,3,130.2,299.76,176.1881,0.3007
tbn,652,0,4,129.92,299.765,2.1981,0.2602
tbn,652,0,5,129.67,299.74,9.4641,0.2433
tbn,652,0,6,129.43,299.695,11.766,0.2451
tbn,652,0,7,129.195,299.625,21.3755,0.247
tbn,652,0,8,128.975,299.53,25.4588,0.2326
tbn,652,0,9,128.765,299.42,29.7431,0.2419
tbn,652,0,10,128.565,299.29,36.3869,0.236
tbn,652,0,11,128.385,299.145,41.4228,0.2267
tbn,652,0,12,128.22,298.985,46.7373,0.2335
tbn,652,0,13,128.065,298.805,51.7113,0.2421
tbn,652,0,14,127.93,298.61,59.035,0.2332
tbn,652,0,15,127.815,298.4,63.4349,0.246
tbn,652,0,16,127.72,298.175,70.8214,0.2435
tbn,652,0,17,127.65,297.945,75.3804,0.2377
tbn,652,0,18,127.6,297.705,80.9095,0.2532
tbn,652,0,19,127.575,297.45,87.7968,0.2602
tbn,652,0,20,127.575,297.195,92.2911,0.2502
tbn,652,0,21,127.6,296.95,99.4617,0.2433
tbn,652,0,22,127.65,296.71,104.0362,0.2474
tbn,652,0,23,127.72,296.48,109.9834,0.2341
tbn,652,0,24,127.815,296.265,117.6471,0.2371
tbn,652,0,25,127.93,296.06,120.9612,0.2332
tbn,652,0,26,128.06,295.87,127.876,0.228
tbn,652,0,27,128.21,295.695,133.2678,0.2334
tbn,652,0,28,128.375,295.535,138.5714,0.2267
tbn,652,0,29,128.555,295.39,143.6191,0.236
tbn,652,0,30,128.75,295.26,149.0369,0.2332
tbn,652,0,31,128.955,295.15,154.536,0.2326
tbn,652,0,32,129.17,295.06,160.0131,0.2341
tbn,652,0,33,129.395,294.995,167.7379,0.2354
tbn,652,0,34,129.63,294.95,170.5353,0.2433
tbn,652,0,35,129.875,294.925,177.7141,0.2502
tbn,652,0,36,130.155,294.93,3.6892,0.3107
tbn,652,0,37,130.465,294.97,10.9537,0.3158
tbn,652,0,38,130.775,295.05,17.8799,0.3257
tbn,652,0,39,131.07,295.165,24.9057,0.3087
tbn,652,0,40,131.21,295.575,90.0,0.69
tbn,652,0,41,131.075,295.815,37.8774,0.3421
tbn,652,0,42,130.79,295.635,26.5639,0.3354
tbn,652,0,43,130.475,295.51,16.86,0.3448
tbn,652,0,44,130.145,295.445,5.1942,0.3314
tbn,652,0,45,129.885,295.435,176.9843,0.1903
tbn,652,0,46,129.695,295.455,171.0278,0.1924
tbn,652,0,47,129.515,295.495,163.6141,0.1772
tbn,652,0,48,129.345,295.55,160.5605,0.1803
tbn,652,0,49,129.105,295.67,149.8552,0.3585
tbn,652,0,50,128.815,295.88,138.3681,0.3612
tbn,652,0,51,128.575,296.14,126.8709,0.35
tbn,652,0,52,128.385,296.445,117.2539,0.3712
tbn,652,0,53,128.27,296.695,109.4411,0.1803
tbn,652,0,54,128.22,296.87,102.5273,0.1844
tbn,652,0,55,128.185,297.055,98.9722,0.1924
tbn,652,0,56,128.165,297.245,93.0157,0.1903
tbn,652,0,57,128.165,297.435,86.9843,0.1903
tbn,652,0,58,128.185,297.625,81.0278,0.1924
tbn,652,0,59,128.22,297.81,77.4727,0.1844
tbn,652,0,60,128.27,297.99,71.5651,0.1897
tbn,652,0,61,128.385,298.245,62.7461,0.3712
tbn,652,0,62,128.58,298.55,51.8425,0.3561
tbn,652,0,63,128.825,298.81,41.6319,0.3612
tbn,652,0,64,129.115,299.02,30.1448,0.3585
tbn,652,0,65,129.355,299.14,19.4395,0.1803
tbn,652,0,66,129.525,299.195,16.3859,0.1772
tbn,652,0,67,129.705,299.235,8.9722,0.1924
tbn,652,0,68,129.895,299.255,3.0157,0.1903
tbn,652,0,69,130.155,299.245,174.8058,0.3314
tbn,652,0,70,130.48,299.185,164.2916,0.3324
tbn,652,0,71,130.79,299.07,154.981,0.3311
tbn,652,0,72,131.075,298.9,143.4699,0.336
tbn,652,0,73,131.21,299.135,90.0,0.67
tbn,653,0,0,132.89,297.35,66.5658,6.3868
tbn,653,0,1,131.835,294.325,156.1606,0.4701
tbn,653,0,2,133.325,297.175,66.5903,6.4183
tbn,653,0,3,134.38,300.2,160.0166,0.4682
tbn,654,0,0,135.55,296.29,60.6422,2.9372
tbn,654,0,1,135.15,295.01,0.0,0.64
tbn,654,0,2,136.03,296.015,60.8727,2.301
tbn,654,0,3,137.135,296.015,118.4703,2.2865
tbn,654,0,4,138.0,295.01,0.0,0.64
tbn,654,0,5,137.62,296.29,118.6733,2.9178
tbn,654,0,6,137.58,298.585,56.9661,2.4214
tbn,654,0,7,137.915,299.6,0.0,0.65
tbn,654,0,8,137.09,298.835,56.8316,1.8278
tbn,654,0,9,136.12,298.835,121.5658,1.7957
tbn,654,0,10,135.325,299.6,0.0,0.65
tbn,654,0,11,135.635,298.585,122.0308,2.3945
tbn,655,0,0,139.79,297.35,66.5658,6.3868
tbn,655,0,1,138.735,294.325,156.1606,0.4701
tbn,655,0,2,140.22,297.175,66.6724,6.4143
tbn,655,0,3,141.275,300.2,159.5894,0.4588
tbn,656,0,0,142.06,298.15,90.0,2.9
tbn,656,0,1,142.065,296.605,93.0111,0.1903
tbn,656,0,2,142.08,296.42,96.3418,0.1811
tbn,656,0,3,142.11,296.24,102.5298,0.1844
tbn,656,0,4,142.155,296.07,107.3528,0.1676
tbn,656,0,5,142.25,295.835,114.3025,0.3402
tbn,656,0,6,142.42,295.55,127.5725,0.328
tbn,656,0,7,142.64,295.315,138.8099,0.3189
tbn,656,0,8,142.91,295.13,151.9317,0.34
tbn,656,0,9,143.14,295.025,162.6404,0.1676
tbn,656,0,10,143.305,294.975,163.6141,0.1772
tbn,656,0,11,143.48,294.94,173.6534,0.1811
tbn,656,0,12,143.67,294.925,177.1437,0.2003
tbn,656,0,13,143.865,294.925,3.0067,0.1902
tbn,656,0,14,144.05,294.94,6.3461,0.1811
tbn,656,0,15,144.225,294.975,16.3859,0.1772
tbn,656,0,16,144.395,295.025,16.3954,0.1772
tbn,656,0,17,144.625,295.13,28.8818,0.3312
tbn,656,0,18,144.89,295.315,41.1901,0.3189
tbn,656,0,19,145.11,295.55,52.4296,0.328
tbn,656,0,20,145.28,295.835,65.6975,0.3402
tbn,656,0,21,145.375,296.07,72.6422,0.1676
tbn,656,0,22,145.42,296.24,77.4702,0.1844
tbn,656,0,23,145.45,296.42,83.663,0.1811
tbn,656,0,24,145.465,296.605,86.9843,0.1903
tbn,656,0,25,145.47,298.15,90.0,2.9
tbn,656,0,26,145.17,299.6,0.0,0.6
tbn,656,0,27,144.87,298.245,90.0,2.71
tbn,656,0,28,144.865,296.75,87.9557,0.2802
tbn,656,0,29,144.84,296.475,81.5719,0.273
tbn,656,0,30,144.785,296.22,73.7409,0.25
tbn,656,0,31,144.7,295.99,65.5548,0.2417
tbn,656,0,32,144.575,295.785,51.7113,0.2421
tbn,656,0,33,144.405,295.62,36.3809,0.236
tbn,656,0,34,144.255,295.525,24.4517,0.1208
tbn,656,0,35,144.135,295.48,17.1056,0.136
tbn,656,0,36,143.995,295.45,7.5908,0.1513
tbn,656,0,37,143.845,295.435,3.8179,0.1503
tbn,656,0,38,143.69,295.435,176.4203,0.1603
tbn,656,0,39,143.535,295.45,172.4099,0.1513
tbn,656,0,40,143.4,295.48,161.5607,0.1265
tbn,656,0,41,143.28,295.525,157.3719,0.13
tbn,656,0,42,143.125,295.62,143.6191,0.236
tbn,656,0,43,142.955,295.785,128.2887,0.2421
tbn,656,0,44,142.83,295.99,114.4452,0.2417
tbn,656,0,45,142.745,296.22,106.2624,0.25
tbn,656,0,46,142.69,296.475,98.425,0.273
tbn,656,0,47,142.665,296.75,92.0443,0.2802
tbn,656,0,48,142.66,298.245,90.0,2.71
tbn,656,0,49,142.36,299.6,0.0,0.6
tbn,657,0,0,82.59,304.975,11.7656,0.2451
tbn,657,0,1,82.82,305.05,24.4452,0.2417
tbn,657,0,2,83.025,305.165,34.381,0.2302
tbn,657,0,3,83.195,305.31,46.848,0.2193
tbn,657,0,4,83.335,305.48,54.1618,0.222
tbn,657,0,5,83.445,305.675,66.8014,0.2285
tbn,657,0,6,83.52,305.89,74.7437,0.228
tbn,657,0,7,83.56,306.12,85.2376,0.2409
tbn,657,0,8,83.55,306.4,97.1257,0.3225
tbn,657,0,9,83.475,306.705,110.7718,0.3102
tbn,657,0,10,83.325,306.98,126.1564,0.322
tbn,657,0,11,83.11,307.215,138.8159,0.3189
tbn,657,0,12,82.84,307.38,158.1991,0.3231
tbn,657,0,13,82.535,307.47,169.0463,0.3158
tbn,657,0,14,82.22,307.51,176.4203,0.3206
tbn,657,0,15,81.9,307.525,178.2138,0.3202
tbn,657,0,16,81.375,307.53,0.0,0.73
tbn,657,0,17,81.01,305.23,90.0,4.6
tbn,657,0,18,81.31,302.93,0.0,0.6
tbn,657,0,19,81.61,303.91,90.0,1.96
tbn,657,0,20,81.735,304.89,0.0,0.25
tbn,657,0,21,82.55,303.91,125.1487,2.3971
tbn,657,0,22,83.58,302.93,0.0,0.68
tbn,657,0,23,83.195,303.94,125.6717,2.4865
tbn,657,1,0,81.69,307.02,0.0,0.16
tbn,657,1,1,81.88,307.015,177.3948,0.2202
tbn,657,1,2,82.105,307.0,175.033,0.2309
tbn,657,1,3,82.325,306.97,169.2134,0.2138
tbn,657,1,4,82.53,306.915,160.7085,0.2119
tbn,657,1,5,82.715,306.83,149.5327,0.1972
tbn,657,1,6,82.87,306.71,135.0031,0.198
tbn,657,1,7,82.985,306.545,115.345,0.2102
tbn,657,1,8,83.045,306.335,97.4308,0.232
tbn,657,1,9,83.045,306.1,82.875,0.2419
tbn,657,1,10,82.99,305.885,67.1681,0.2062
tbn,657,1,11,82.885,305.72,47.1168,0.191
tbn,657,1,12,82.735,305.595,32.9093,0.2025
tbn,657,1,13,82.555,305.505,20.2266,0.2025
tbn,657,1,14,82.355,305.45,10.7786,0.2138
tbn,657,1,15,82.14,305.42,5.1994,0.2209
tbn,657,1,16,81.915,305.405,2.4844,0.2302
tbn,657,1,17,81.705,305.4,0.0,0.19
tbn,657,1,18,81.61,306.21,90.0,1.62
tbn,658,0,0,84.145,307.53,0.0,0.63
tbn,658,0,1,84.795,305.145,112.0289,5.1456
tbn,658,0,2,86.415,304.455,68.8719,3.6343
tbn,658,0,3,87.725,304.455,111.1281,3.6343
tbn,658,0,4,89.34,305.145,68.0743,5.1419
tbn,658,0,5,89.985,307.53,0.0,0.63
tbn,658,0,6,89.025,305.895,68.4709,3.5152
tbn,658,0,7,87.725,305.98,110.8475,3.681
tbn,658,0,8,86.415,306.015,68.7579,3.6157
tbn,658,0,9,85.11,305.93,112.1094,3.454
tbn,659,0,0,91.66,303.95,90.0,2.04
tbn,659,0,1,91.955,302.93,0.0,0.59
tbn,659,0,2,92.25,303.95,90.0,2.04
tbn,659,0,3,93.005,306.25,59.466,2.9722
tbn,659,0,4,93.43,307.53,0.0,0.66
tbn,659,0,5,92.53,306.565,59.4307,2.2415
tbn,659,0,6,91.385,306.565,120.7889,2.2466
tbn,659,0,7,90.48,307.53,0.0,0.66
tbn,659,0,8,90.905,306.25,120.534,2.9722
tbn,660,0,0,97.03,304.975,90.0,4.09
tbn,660,0,1,97.285,302.93,0.0,0.51
tbn,660,0,2,97.54,305.23,90.0,4.6
tbn,660,0,3,97.04,307.53,0.0,1.0
tbn,660,0,4,96.38,307.275,57.8943,0.6021
tbn,660,0,5,96.625,307.02,0.0,0.81
tbn,661,0,0,102.21,307.275,90.0,0.51
tbn,661,0,1,101.305,307.53,0.0,1.81
tbn,661,0,2,100.04,306.345,73.1013,2.4769
tbn,661,0,3,99.735,305.16,0.0,0.11
tbn,661,0,4,99.88,305.245,43.3605,0.2476
tbn,661,0,5,100.075,305.395,31.7606,0.247
tbn,661,0,6,100.295,305.5,19.1764,0.2435
tbn,661,0,7,100.535,305.555,6.8425,0.2518
tbn,661,0,8,100.77,305.56,174.8084,0.2209
tbn,661,0,9,100.98,305.515,160.7085,0.2119
tbn,661,0,10,101.175,305.43,152.2394,0.2147
tbn,661,0,11,101.35,305.315,140.9123,0.2061
tbn,661,0,12,101.5,305.165,129.4701,0.2202
tbn,661,0,13,101.62,304.99,119.0552,0.2059
tbn,661,0,14,101.705,304.8,109.2889,0.2119
tbn,661,0,15,101.75,304.59,95.1955,0.2209
tbn,661,0,16,101.75,304.37,84.8045,0.2209
tbn,661,0,17,101.71,304.155,74.0546,0.2184
tbn,661,0,18,101.625,303.955,59.9316,0.2195
tbn,661,0,19,101.505,303.775,52.5924,0.214
tbn,661,0,20,101.355,303.62,39.4744,0.2202
tbn,661,0,21,101.175,303.5,27.7606,0.2147
tbn,661,0,22,100.975,303.415,18.4368,0.2214
tbn,661,0,23,100.76,303.37,5.1916,0.2209
tbn,661,0,24,100.57,303.365,176.4203,0.1603
tbn,661,0,25,100.41,303.39,165.9605,0.1649
tbn,661,0,26,100.255,303.44,158.1996,0.1616
tbn,661,0,27,100.105,303.51,151.9317,0.17
tbn,661,0,28,99.965,303.6,142.4291,0.164
tbn,661,0,29,99.84,303.71,135.0018,0.1697
tbn,661,0,30,99.735,303.835,124.6931,0.1581
tbn,661,0,31,99.655,303.97,116.5675,0.1565
tbn,661,0,32,99.405,303.84,42.9295,0.5873
tbn,661,0,33,99.25,303.55,123.6901,0.2163
tbn,661,0,34,99.38,303.38,131.1852,0.2126
tbn,661,0,35,99.53,303.235,140.9057,0.2062
tbn,661,0,36,99.7,303.11,146.3111,0.2163
tbn,661,0,37,99.885,303.005,154.6541,0.2102
tbn,661,0,38,100.08,302.93,163.3018,0.2088
tbn,661,0,39,100.285,302.88,169.2134,0.2138
tbn,661,0,40,100.495,302.855,177.271,0.2102
tbn,661,0,41,100.69,302.85,0.0,0.18
tbn,661,0,42,100.865,302.865,10.0077,0.1726
tbn,661,0,43,101.03,302.895,10.6296,0.1628
tbn,661,0,44,101.19,302.935,17.3504,0.1676
tbn,661,0,45,101.41,303.03,26.5626,0.313
tbn,661,0,46,101.67,303.195,38.3672,0.3061
tbn,661,0,47,101.895,303.41,48.8167,0.3189
tbn,661,0,48,102.075,303.665,60.9442,0.3089
tbn,661,0,49,102.175,303.875,71.5659,0.1581
tbn,661,0,50,102.22,304.035,76.7602,0.1747
tbn,661,0,51,102.25,304.205,83.2881,0.1712
tbn,661,0,52,102.265,304.375,86.6356,0.1703
tbn,661,0,53,102.26,304.615,93.6908,0.3106
tbn,661,0,54,102.21,304.92,104.9323,0.3105
tbn,661,0,55,102.11,305.21,113.1992,0.3046
tbn,661,0,56,101.97,305.47,123.6871,0.2885
tbn,661,0,57,101.785,305.69,136.3997,0.29
tbn,661,0,58,101.555,305.87,147.3802,0.2968
tbn,661,0,59,101.365,305.975,158.9562,0.1393
tbn,661,0,60,101.225,306.025,161.5685,0.1581
tbn,661,0,61,101.07,306.06,172.879,0.1612
tbn,661,0,62,100.91,306.075,176.4201,0.1603
tbn,661,0,63,100.67,306.07,3.5744,0.3206
tbn,661,0,64,100.65,306.54,73.7397,1.0
tbn,661,0,65,101.5,307.02,0.0,1.42
tbn,662,0,0,102.92,304.93,90.0,0.42
tbn,662,0,1,103.6,304.72,0.0,1.36
tbn,662,0,2,104.28,304.93,90.0,0.42
tbn,662,0,3,103.6,305.14,0.0,1.36
tbn,663,0,0,106.385,305.14,0.0,0.21
tbn,663,0,1,106.58,305.125,170.5381,0.1825
tbn,663,0,2,106.755,305.075,157.6175,0.1838
tbn,663,0,3,106.91,304.99,144.4606,0.172
tbn,663,0,4,107.04,304.875,132.7157,0.1769
tbn,663,0,5,107.14,304.73,116.5651,0.1789
tbn,663,0,6,107.21,304.555,107.5247,0.1993
tbn,663,0,7,107.245,304.36,92.8628,0.2003
tbn,663,0,8,107.245,304.165,86.9866,0.1903
tbn,663,0,9,107.215,303.99,72.6478,0.1676
tbn,663,0,10,107.15,303.83,63.4349,0.1789
tbn,663,0,11,107.06,303.685,52.4264,0.164
tbn,663,0,12,106.945,303.565,40.2394,0.1703
tbn,663,0,13,106.805,303.47,28.0683,0.17
tbn,663,0,14,106.645,303.4,19.4395,0.1803
tbn,663,0,15,106.465,303.365,3.0157,0.1903
tbn,663,0,16,106.29,303.365,176.4201,0.1603
tbn,663,0,17,106.13,303.39,165.9715,0.1649
tbn,663,0,18,105.98,303.44,156.8022,0.1523
tbn,663,0,19,105.845,303.51,148.3865,0.1526
tbn,663,0,20,105.725,303.605,135.004,0.1556
tbn,663,0,21,105.625,303.72,126.8629,0.15
tbn,663,0,22,105.545,303.855,115.0177,0.1655
tbn,663,0,23,105.495,304.01,100.6216,0.1628
tbn,663,0,24,105.2,304.09,0.0,0.56
tbn,663,0,25,104.94,303.955,98.4266,0.273
tbn,663,0,26,105.005,303.695,109.7981,0.2657
tbn,663,0,27,105.12,303.465,123.6925,0.2524
tbn,663,0,28,105.28,303.27,135.0,0.2545
tbn,663,0,29,105.47,303.11,145.0058,0.2441
tbn,663,0,30,105.69,302.985,155.3791,0.264
tbn,663,0,31,105.935,302.9,166.5048,0.2571
tbn,663,0,32,106.195,302.86,175.7596,0.2707
tbn,663,0,33,106.48,302.86,3.8178,0.3007
tbn,663,0,34,106.765,302.905,14.5296,0.2789
tbn,663,0,35,107.025,303.0,25.6458,0.2773
tbn,663,0,36,107.255,303.14,37.2994,0.264
tbn,663,0,37,107.445,303.32,49.6375,0.2625
tbn,663,0,38,107.595,303.535,60.5258,0.2642
tbn,663,0,39,107.7,303.79,74.0542,0.2912
tbn,663,0,40,107.755,304.08,84.2894,0.3015
tbn,663,0,41,107.765,304.32,93.1782,0.1803
tbn,663,0,42,107.745,304.5,99.4631,0.1825
tbn,663,0,43,107.705,304.67,107.3553,0.1676
tbn,663,0,44,107.65,304.83,110.5572,0.1709
tbn,663,0,45,107.575,304.98,122.7314,0.1664
tbn,663,0,46,107.48,305.115,127.5671,0.164
tbn,663,0,47,107.365,305.235,139.7685,0.1703
tbn,663,0,48,107.225,305.34,146.3072,0.1803
tbn,663,0,49,107.265,305.49,41.0113,0.3048
tbn,663,0,50,107.465,305.71,54.688,0.2941
tbn,663,0,51,107.575,305.9,70.343,0.1486
tbn,663,0,52,107.625,306.045,71.5668,0.1581
tbn,663,0,53,107.66,306.2,82.8763,0.1612
tbn,663,0,54,107.675,306.365,86.6325,0.1703
tbn,663,0,55,107.665,306.585,96.3402,0.2717
tbn,663,0,56,107.615,306.845,105.6422,0.2596
tbn,663,0,57,107.52,307.075,119.7429,0.2419
tbn,663,0,58,107.385,307.27,129.807,0.2343
tbn,663,0,59,107.215,307.435,141.7113,0.2421
tbn,663,0,60,107.01,307.56,155.5541,0.2417
tbn,663,0,61,106.775,307.645,164.3562,0.2596
tbn,663,0,62,106.515,307.69,175.766,0.2707
tbn,663,0,63,106.245,307.69,4.2341,0.2707
tbn,663,0,64,105.99,307.65,14.0354,0.2474
tbn,663,0,65,105.76,307.575,22.2488,0.2377
tbn,663,0,66,105.555,307.465,34.381,0.2302
tbn,663,0,67,105.385,307.315,48.5783,0.2267
tbn,663,0,68,105.245,307.13,56.9743,0.2385
tbn,663,0,69,105.135,306.91,69.4448,0.2563
tbn,663,0,70,105.06,306.66,77.0049,0.2668
tbn,663,0,71,105.315,306.53,0.0,0.57
tbn,663,0,72,105.615,306.6,77.9044,0.1432
tbn,663,0,73,105.66,306.735,65.2238,0.1432
tbn,663,0,74,105.725,306.855,57.5255,0.1304
tbn,663,0,75,105.805,306.96,48.0157,0.1345
tbn,663,0,76,105.905,307.045,32.4738,0.1304
tbn,663,0,77,106.02,307.11,26.5636,0.1342
tbn,663,0,78,106.15,307.16,15.9487,0.1456
tbn,663,0,79,106.295,307.185,3.8063,0.1503
tbn,663,0,80,106.45,307.18,172.879,0.1612
tbn,663,0,81,106.61,307.15,165.9612,0.1649
tbn,663,0,82,106.755,307.095,151.7067,0.1476
tbn,663,0,83,106.88,307.015,143.1225,0.15
tbn,663,0,84,106.99,306.91,129.8063,0.1562
tbn,663,0,85,107.075,306.785,118.2998,0.1477
tbn,663,0,86,107.13,306.64,104.0388,0.1649
tbn,663,0,87,107.16,306.48,97.1237,0.1612
tbn,663,0,88,107.16,306.3,84.2907,0.201
tbn,663,0,89,107.125,306.125,71.5633,0.1581
tbn,663,0,90,107.055,305.985,55.3069,0.1581
tbn,663,0,91,106.955,305.87,42.2753,0.1487
tbn,663,0,92,106.835,305.78,31.6022,0.1526
tbn,663,0,93,106.69,305.715,17.3604,0.1676
tbn,663,0,94,106.525,305.675,10.0077,0.1726
tbn,663,0,95,106.35,305.655,3.1732,0.1803
tbn,663,0,96,106.27,305.395,92.2453,0.5104
tbn,664,0,0,109.925,305.14,0.0,0.21
tbn,664,0,1,110.125,305.125,171.0278,0.1924
tbn,664,0,2,110.3,305.075,156.3679,0.1746
tbn,664,0,3,110.45,304.99,144.4606,0.172
tbn,664,0,4,110.58,304.875,132.7157,0.1769
tbn,664,0,5,110.685,304.73,119.3583,0.1836
tbn,664,0,6,110.755,304.555,104.7421,0.1965
tbn,664,0,7,110.79,304.36,95.7115,0.201
tbn,664,0,8,110.79,304.165,83.9898,0.1911
tbn,664,0,9,110.755,303.99,72.6478,0.1676
tbn,664,0,10,110.69,303.83,63.4349,0.1789
tbn,664,0,11,110.6,303.685,52.4264,0.164
tbn,664,0,12,110.485,303.565,40.2394,0.1703
tbn,664,0,13,110.345,303.47,28.0683,0.17
tbn,664,0,14,110.185,303.4,19.4395,0.1803
tbn,664,0,15,110.01,303.365,3.1829,0.1803
tbn,664,0,16,109.835,303.365,176.6302,0.1703
tbn,664,0,17,109.675,303.39,165.0766,0.1552
tbn,664,0,18,109.525,303.44,158.1996,0.1616
tbn,664,0,19,109.385,303.51,148.3865,0.1526
tbn,664,0,20,109.265,303.605,135.004,0.1556
tbn,664,0,21,109.165,303.72,126.8629,0.15
tbn,664,0,22,109.09,303.855,111.8039,0.1616
tbn,664,0,23,109.04,304.01,104.0362,0.1649
tbn,664,0,24,108.74,304.09,0.0,0.56
tbn,664,0,25,108.48,303.955,98.4266,0.273
tbn,664,0,26,108.55,303.695,111.8011,0.2693
tbn,664,0,27,108.665,303.465,121.7615,0.247
tbn,664,0,28,108.82,303.27,135.0,0.2545
tbn,664,0,29,109.015,303.11,146.308,0.2524
tbn,664,0,30,109.235,302.985,154.4426,0.2549
tbn,664,0,31,109.475,302.9,166.5048,0.2571
tbn,664,0,32,109.735,302.86,175.7596,0.2707
tbn,664,0,33,110.02,302.86,3.8178,0.3007
tbn,664,0,34,110.31,302.905,14.0318,0.2886
tbn,664,0,35,110.57,303.0,26.5694,0.2683
tbn,664,0,36,110.795,303.14,37.2994,0.264
tbn,664,0,37,110.985,303.32,49.6375,0.2625
tbn,664,0,38,111.135,303.535,60.5258,0.2642
tbn,664,0,39,111.24,303.79,74.0542,0.2912
tbn,664,0,40,111.295,304.08,84.2894,0.3015
tbn,664,0,41,111.305,304.32,93.1782,0.1803
tbn,664,0,42,111.285,304.5,99.4631,0.1825
tbn,664,0,43,111.25,304.67,104.0362,0.1649
tbn,664,0,44,111.195,304.83,113.6311,0.1746
tbn,664,0,45,111.12,304.98,119.7405,0.1613
tbn,664,0,46,111.025,305.115,130.2355,0.1703
tbn,664,0,47,110.905,305.235,139.7685,0.1703
tbn,664,0,48,110.765,305.34,146.3072,0.1803
tbn,664,0,49,110.805,305.49,41.0113,0.3048
tbn,664,0,50,111.005,305.71,54.688,0.2941
tbn,664,0,51,111.12,305.9,66.7973,0.1523
tbn,664,0,52,111.17,306.045,75.0706,0.1553
tbn,664,0,53,111.2,306.2,82.8763,0.1612
tbn,664,0,54,111.215,306.365,86.6325,0.1703
tbn,664,0,55,111.21,306.585,94.2375,0.2707
tbn,664,0,56,111.16,306.845,107.7435,0.2625
tbn,664,0,57,111.065,307.075,117.6436,0.2371
tbn,664,0,58,110.93,307.27,131.6353,0.2408
tbn,664,0,59,110.755,307.435,141.7113,0.2421
tbn,664,0,60,110.55,307.56,155.5541,0.2417
tbn,664,0,61,110.315,307.645,164.3562,0.2596
tbn,664,0,62,110.06,307.69,175.6037,0.2608
tbn,664,0,63,109.795,307.69,4.234,0.2707
tbn,664,0,64,109.535,307.65,13.4952,0.2571
tbn,664,0,65,109.3,307.575,22.2488,0.2377
tbn,664,0,66,109.1,307.465,35.8386,0.222
tbn,664,0,67,108.93,307.315,46.7373,0.2335
tbn,664,0,68,108.785,307.13,56.9743,0.2385
tbn,664,0,69,108.675,306.91,69.4448,0.2563
tbn,664,0,70,108.6,306.66,77.0049,0.2668
tbn,664,0,71,108.855,306.53,0.0,0.57
tbn,664,0,72,109.16,306.6,74.0525,0.1456
tbn,664,0,73,109.205,306.735,68.962,0.1393
tbn,664,0,74,109.265,306.855,57.5255,0.1304
tbn,664,0,75,109.345,306.96,48.0157,0.1345
tbn,664,0,76,109.445,307.045,32.4738,0.1304
tbn,664,0,77,109.56,307.11,26.5636,0.1342
tbn,664,0,78,109.69,307.16,15.9487,0.1456
tbn,664,0,79,109.835,307.185,3.8063,0.1503
tbn,664,0,80,109.995,307.18,173.294,0.1712
tbn,664,0,81,110.155,307.15,165.0657,0.1552
tbn,664,0,82,110.3,307.095,153.4424,0.1565
tbn,664,0,83,110.425,307.015,140.7024,0.1421
tbn,664,0,84,110.53,306.91,129.8063,0.1562
tbn,664,0,85,110.615,306.785,118.2998,0.1477
tbn,664,0,86,110.675,306.64,107.3553,0.1676
tbn,664,0,87,110.705,306.48,93.577,0.1603
tbn,664,0,88,110.7,306.3,84.2907,0.201
tbn,664,0,89,110.665,306.125,71.5633,0.1581
tbn,664,0,90,110.6,305.985,58.3929,0.1526
tbn,664,0,91,110.5,305.87,39.8084,0.1562
tbn,664,0,92,110.375,305.78,31.6022,0.1526
tbn,664,0,93,110.235,305.715,18.4411,0.1581
tbn,664,0,94,110.075,305.675,10.0077,0.1726
tbn,664,0,95,109.9,305.655,3.1732,0.1803
tbn,664,0,96,109.815,305.395,91.1235,0.5101
tbn,665,0,0,239.76,224.395,90.0,0.51
tbn,665,0,1,238.63,224.65,0.0,2.26
tbn,665,0,2,237.5,222.35,90.0,4.6
tbn,665,0,3,237.8,220.05,0.0,0.6
tbn,665,0,4,238.1,221.2,90.0,2.3
tbn,665,0,5,238.905,222.35,0.0,1.61
tbn,665,0,6,239.71,222.605,90.0,0.51
tbn,665,0,7,238.905,222.86,0.0,1.61
tbn,665,0,8,238.1,223.5,90.0,1.28
tbn,665,0,9,238.93,224.14,0.0,1.66
tbn,666,0,0,240.71,224.65,0.0,0.6
tbn,666,0,1,240.41,222.35,90.0,4.6
tbn,666,0,2,240.71,220.05,0.0,0.6
tbn,666,0,3,241.01,222.35,90.0,4.6
tbn,667,0,0,243.41,222.095,11.7652,0.2452
tbn,667,0,1,243.64,222.165,22.2549,0.2377
tbn,667,0,2,243.84,222.275,35.8334,0.222
tbn,667,0,3,244.01,222.42,45.0,0.2263
tbn,667,0,4,244.155,222.595,55.6221,0.2302
tbn,667,0,5,244.265,222.795,66.7979,0.2285
tbn,667,0,6,244.34,223.01,74.7456,0.228
tbn,667,0,7,244.38,223.24,85.2358,0.2409
tbn,667,0,8,244.37,223.52,97.127,0.3225
tbn,667,0,9,244.295,223.825,110.7718,0.3102
tbn,667,0,10,244.145,224.1,126.1575,0.322
tbn,667,0,11,243.93,224.33,140.1959,0.3124
tbn,667,0,12,243.66,224.49,158.1946,0.3231
tbn,667,0,13,243.355,224.585,167.2796,0.3178
tbn,667,0,14,243.035,224.63,176.5284,0.3306
tbn,667,0,15,242.71,224.645,178.2138,0.3202
tbn,667,0,16,242.19,224.65,0.0,0.72
tbn,667,0,17,241.83,222.35,90.0,4.6
tbn,667,0,18,242.13,220.05,0.0,0.6
tbn,667,0,19,242.43,221.03,90.0,1.96
tbn,667,0,20,242.55,222.01,0.0,0.24
tbn,667,0,21,243.365,221.03,125.3437,2.4028
tbn,667,0,22,244.4,220.05,0.0,0.68
tbn,667,0,23,244.015,221.06,125.6717,2.4865
tbn,667,1,0,242.51,224.14,0.0,0.16
tbn,667,1,1,242.7,224.135,177.3949,0.2202
tbn,667,1,2,242.92,224.12,174.8084,0.2209
tbn,667,1,3,243.14,224.09,169.6931,0.2236
tbn,667,1,4,243.35,224.035,160.7078,0.2119
tbn,667,1,5,243.535,223.95,149.5327,0.1972
tbn,667,1,6,243.69,223.83,135.0031,0.198
tbn,667,1,7,243.8,223.665,112.8339,0.2062
tbn,667,1,8,243.86,223.455,99.8637,0.2335
tbn,667,1,9,243.865,223.22,82.875,0.2419
tbn,667,1,10,243.805,223.005,64.655,0.2102
tbn,667,1,11,243.7,222.835,51.3402,0.1921
tbn,667,1,12,243.555,222.71,30.4651,0.1972
tbn,667,1,13,243.375,222.625,20.2281,0.2025
tbn,667,1,14,243.175,222.57,10.7782,0.2138
tbn,667,1,15,242.955,222.535,7.4312,0.2319
tbn,667,1,16,242.73,222.52,0.0,0.22
tbn,667,1,17,242.525,222.52,0.0,0.19
tbn,667,1,18,242.43,223.33,90.0,1.62
tbn,668,0,0,246.41,220.05,0.0,2.5
tbn,668,0,1,247.66,220.305,90.0,0.51
tbn,668,0,2,246.71,220.56,0.0,1.9
tbn,668,0,3,245.76,221.455,90.0,1.79
tbn,668,0,4,246.685,222.35,0.0,1.85
tbn,668,0,5,247.61,222.605,90.0,0.51
tbn,668,0,6,246.685,222.86,0.0,1.85
tbn,668,0,7,245.76,223.5,90.0,1.28
tbn,668,0,8,246.71,224.14,0.0,1.9
tbn,668,0,9,247.66,224.395,90.0,0.51
tbn,668,0,10,246.41,224.65,0.0,2.5
tbn,668,0,11,245.16,222.35,90.0,4.6
tbn,669,0,0,252.645,224.22,124.5081,0.1942
tbn,669,0,1,252.53,224.365,132.7072,0.1769
tbn,669,0,2,252.405,224.49,137.2928,0.1769
tbn,669,0,3,252.265,224.595,149.0362,0.1749
tbn,669,0,4,252.11,224.68,153.4393,0.1789
tbn,669,0,5,251.95,224.745,162.6404,0.1676
tbn,669,0,6,251.78,224.79,167.4681,0.1844
tbn,669,0,7,251.595,224.815,176.9935,0.1903
tbn,669,0,8,251.37,224.81,4.3961,0.2608
tbn,669,0,9,251.115,224.77,13.4952,0.2571
tbn,669,0,10,250.875,224.69,23.5002,0.2508
tbn,669,0,11,250.655,224.575,31.7615,0.247
tbn,669,0,12,250.465,224.425,44.9949,0.2404
tbn,669,0,13,250.31,224.24,55.0097,0.2441
tbn,669,0,14,250.2,224.02,71.5672,0.253
tbn,669,0,15,250.145,223.765,83.6573,0.2717
tbn,669,0,16,250.14,223.515,94.9712,0.2308
tbn,669,0,17,250.18,223.3,106.6976,0.2088
tbn,669,0,18,250.26,223.115,120.4696,0.1972
tbn,669,0,19,250.375,222.95,129.0943,0.2062
tbn,669,0,20,250.515,222.805,139.0834,0.1985
tbn,669,0,21,250.675,222.685,147.0907,0.2025
tbn,669,0,22,250.855,222.58,152.2475,0.2147
tbn,669,0,23,251.05,222.48,153.4332,0.2236
tbn,669,0,24,251.305,222.365,157.2481,0.3362
tbn,669,0,25,251.605,222.23,154.229,0.322
tbn,669,0,26,251.88,222.065,143.8409,0.322
tbn,669,0,27,252.06,221.915,132.2792,0.1487
tbn,669,0,28,252.15,221.795,121.6071,0.1526
tbn,669,0,29,252.215,221.655,108.4315,0.1581
tbn,669,0,30,252.245,221.49,93.1831,0.1803
tbn,669,0,31,252.245,221.31,86.8175,0.1803
tbn,669,0,32,252.215,221.13,74.4789,0.1868
tbn,669,0,33,252.155,220.965,64.9799,0.1655
tbn,669,0,34,252.07,220.82,54.4676,0.1721
tbn,669,0,35,251.955,220.695,40.2315,0.1703
tbn,669,0,36,251.82,220.595,32.7343,0.1664
tbn,669,0,37,251.67,220.52,20.5548,0.1709
tbn,669,0,38,251.5,220.48,6.3466,0.1811
tbn,669,0,39,251.32,220.48,173.6539,0.1811
tbn,669,0,40,251.145,220.515,163.6141,0.1772
tbn,669,0,41,250.985,220.58,151.9215,0.17
tbn,669,0,42,250.84,220.675,141.8464,0.178
tbn,669,0,43,250.715,220.795,130.2355,0.1703
tbn,669,0,44,250.62,220.935,118.074,0.17
tbn,669,0,45,250.555,221.095,106.3893,0.1772
tbn,669,0,46,250.52,221.275,96.0102,0.1911
tbn,669,0,47,250.215,221.31,11.499,0.6021
tbn,669,0,48,249.95,221.11,102.0943,0.2864
tbn,669,0,49,250.03,220.85,112.6219,0.26
tbn,669,0,50,250.15,220.62,122.4709,0.2608
tbn,669,0,51,250.31,220.415,133.4503,0.2617
tbn,669,0,52,250.5,220.245,143.1308,0.25
tbn,669,0,53,250.715,220.115,154.4441,0.255
tbn,669,0,54,250.96,220.025,164.9297,0.2693
tbn,669,0,55,251.225,219.975,173.6602,0.2717
tbn,669,0,56,251.51,219.975,5.7103,0.3015
tbn,669,0,57,251.8,220.03,15.9429,0.2912
tbn,669,0,58,252.065,220.13,25.6401,0.2773
tbn,669,0,59,252.3,220.275,37.6963,0.278
tbn,669,0,60,252.5,220.465,49.3987,0.2766
tbn,669,0,61,252.66,220.69,59.7458,0.2779
tbn,669,0,62,252.775,220.95,72.1817,0.2941
tbn,669,0,63,252.835,221.245,84.4726,0.3114
tbn,669,0,64,252.84,221.54,94.0834,0.2807
tbn,669,0,65,252.795,221.8,106.2624,0.25
tbn,669,0,66,252.705,222.025,117.6471,0.2371
tbn,669,0,67,252.58,222.22,127.8713,0.2281
tbn,669,0,68,252.425,222.39,136.7402,0.2334
tbn,669,0,69,252.245,222.535,145.619,0.2302
tbn,669,0,70,252.04,222.66,151.3907,0.2506
tbn,669,0,71,251.81,222.77,157.3781,0.26
tbn,669,0,72,251.525,222.89,157.0092,0.3585
tbn,669,0,73,251.25,223.01,155.5548,0.2417
tbn,669,0,74,251.035,223.13,146.3138,0.2524
tbn,669,0,75,250.89,223.245,131.6353,0.1204
tbn,669,0,76,250.815,223.34,124.9873,0.1221
tbn,669,0,77,250.76,223.445,109.9895,0.117
tbn,669,0,78,250.73,223.565,98.7411,0.1315
tbn,669,0,79,250.73,223.705,82.4107,0.1514
tbn,669,0,80,250.765,223.845,68.9575,0.1393
tbn,669,0,81,250.83,223.97,56.315,0.1442
tbn,669,0,82,250.92,224.08,44.9913,0.1414
tbn,669,0,83,251.09,224.195,28.4448,0.2729
tbn,669,0,84,251.35,224.285,10.1283,0.2844
tbn,669,0,85,251.605,224.295,172.5692,0.232
tbn,669,0,86,251.82,224.235,155.7655,0.2193
tbn,669,0,87,252.005,224.12,140.5304,0.2202
tbn,669,0,88,252.155,223.955,124.381,0.2302
tbn,669,0,89,252.46,224.0,30.2566,0.5557
tbn,670,0,0,255.24,224.14,0.0,1.1
tbn,670,0,1,255.79,224.395,90.0,0.51
tbn,670,0,2,254.395,224.65,0.0,2.79
tbn,670,0,3,253.0,224.395,90.0,0.51
tbn,670,0,4,253.55,224.14,0.0,1.1
tbn,670,0,5,254.1,222.095,90.0,4.09
tbn,670,0,6,254.395,220.05,0.0,0.59
tbn,670,0,7,254.69,222.095,90.0,4.09
tbn,671,0,0,259.245,220.645,114.0071,1.3027
tbn,671,0,1,259.82,220.05,0.0,0.62
tbn,671,0,2,259.02,222.465,114.6847,5.3158
tbn,671,0,3,256.805,222.465,65.4134,5.3116
tbn,671,0,4,256.01,220.05,0.0,0.62
tbn,671,0,5,256.585,220.645,65.9929,1.3027
tbn,671,0,6,257.915,221.24,0.0,2.13
tbn,671,1,0,257.915,221.75,0.0,1.65
tbn,671,1,1,257.5,222.685,66.3222,2.0419
tbn,671,1,2,258.325,222.685,113.9345,2.0459
tbn,672,0,0,262.345,224.14,0.0,1.09
tbn,672,0,1,262.89,224.395,90.0,0.51
tbn,672,0,2,261.495,224.65,0.0,2.79
tbn,672,0,3,260.1,224.395,90.0,0.51
tbn,672,0,4,260.65,224.14,0.0,1.1
tbn,672,0,5,261.2,222.095,90.0,4.09
tbn,672,0,6,261.5,220.05,0.0,0.6
tbn,672,0,7,261.8,222.095,90.0,4.09
tbn,673,0,0,263.61,224.65,0.0,0.6
tbn,673,0,1,263.31,222.35,90.0,4.6
tbn,673,0,2,263.61,220.05,0.0,0.6
tbn,673,0,3,263.91,222.35,90.0,4.6
tbn,674,0,0,266.7,224.81,4.7612,0.2408
tbn,674,0,1,266.46,224.785,7.1241,0.2419
tbn,674,0,2,266.225,224.74,14.6215,0.2377
tbn,674,0,3,266.0,224.67,19.9869,0.2341
tbn,674,0,4,265.785,224.58,25.4624,0.2326
tbn,674,0,5,265.58,224.47,30.965,0.2332
tbn,674,0,6,265.385,224.34,36.3809,0.236
tbn,674,0,7,265.205,224.19,43.2627,0.2335
tbn,674,0,8,265.04,224.025,46.7428,0.2334
tbn,674,0,9,264.89,223.845,53.6131,0.236
tbn,674,0,10,264.755,223.65,56.9728,0.2385
tbn,674,0,11,264.64,223.445,64.5376,0.2326
tbn,674,0,12,264.55,223.23,70.0201,0.2341
tbn,674,0,13,264.48,223.0,75.9638,0.2474
tbn,674,0,14,264.43,222.76,80.5353,0.2433
tbn,674,0,15,264.405,222.515,87.7072,0.2502
tbn,674,0,16,264.405,222.26,92.2047,0.2602
tbn,674,0,17,264.43,222.005,99.0922,0.2532
tbn,674,0,18,264.48,221.76,104.0362,0.2474
tbn,674,0,19,264.55,221.53,109.9799,0.2341
tbn,674,0,20,264.64,221.31,114.4452,0.2417
tbn,674,0,21,264.75,221.1,120.9612,0.2332
tbn,674,0,22,264.88,220.91,127.879,0.228
tbn,674,0,23,265.03,220.735,133.2627,0.2335
tbn,674,0,24,265.2,220.575,140.1944,0.2343
tbn,674,0,25,265.38,220.43,142.127,0.228
tbn,674,0,26,265.57,220.3,149.0388,0.2332
tbn,674,0,27,265.775,220.195,156.7944,0.2285
tbn,674,0,28,265.995,220.11,160.8248,0.2435
tbn,674,0,29,266.225,220.04,165.3785,0.2377
tbn,674,0,30,266.46,219.995,172.8759,0.2419
tbn,674,0,31,266.7,219.97,175.2388,0.2408
tbn,674,0,32,266.945,219.97,4.5714,0.2508
tbn,674,0,33,267.19,219.995,7.125,0.2419
tbn,674,0,34,267.425,220.04,14.6196,0.2377
tbn,674,0,35,267.65,220.11,19.9799,0.2341
tbn,674,0,36,267.865,220.195,23.2056,0.2285
tbn,674,0,37,268.07,220.3,30.9612,0.2332
tbn,674,0,38,268.265,220.43,36.3809,0.236
tbn,674,0,39,268.445,220.575,41.4254,0.2267
tbn,674,0,40,268.61,220.735,46.7373,0.2335
tbn,674,0,41,268.76,220.91,52.121,0.228
tbn,674,0,42,268.89,221.1,59.0388,0.2332
tbn,674,0,43,269.005,221.31,63.4381,0.246
tbn,674,0,44,269.1,221.53,70.0131,0.2341
tbn,674,0,45,269.17,221.76,75.9638,0.2474
tbn,674,0,46,269.22,222.005,80.9078,0.2532
tbn,674,0,47,269.245,222.26,87.8021,0.2602
tbn,674,0,48,269.245,222.515,92.2859,0.2502
tbn,674,0,49,269.22,222.76,99.4647,0.2433
tbn,674,0,50,269.17,223.0,104.0362,0.2474
tbn,674,0,51,269.095,223.23,112.2481,0.2377
tbn,674,0,52,269.0,223.445,115.4624,0.2326
tbn,674,0,53,268.89,223.65,120.965,0.2332
tbn,674,0,54,268.76,223.845,126.3869,0.236
tbn,674,0,55,268.61,224.025,133.2627,0.2335
tbn,674,0,56,268.44,224.19,138.3647,0.2408
tbn,674,0,57,268.26,224.34,142.127,0.228
tbn,674,0,58,268.07,224.47,149.0388,0.2332
tbn,674,0,59,267.865,224.58,154.5344,0.2326
tbn,674,0,60,267.645,224.67,160.818,0.2435
tbn,674,0,61,267.415,224.74,165.3785,0.2377
tbn,674,0,62,267.185,224.785,172.5692,0.232
tbn,674,0,63,266.945,224.81,175.4286,0.2508
tbn,674,1,0,266.73,220.475,176.8169,0.1803
tbn,674,1,1,266.55,220.495,170.5377,0.1825
tbn,674,1,2,266.375,220.535,163.6155,0.1772
tbn,674,1,3,266.205,220.59,160.5621,0.1803
tbn,674,1,4,265.965,220.71,149.8552,0.3585
tbn,674,1,5,265.675,220.915,139.5752,0.3547
tbn,674,1,6,265.425,221.17,129.4021,0.3624
tbn,674,1,7,265.225,221.47,117.9765,0.3624
tbn,674,1,8,265.11,221.72,108.4349,0.1897
tbn,674,1,9,265.055,221.905,104.7485,0.1965
tbn,674,1,10,265.015,222.095,98.9722,0.1924
tbn,674,1,11,264.995,222.29,92.8563,0.2003
tbn,674,1,12,264.995,222.485,86.9935,0.1903
tbn,674,1,13,265.015,222.675,81.0278,0.1924
tbn,674,1,14,265.05,222.86,77.4681,0.1844
tbn,674,1,15,265.1,223.04,71.5651,0.1897
tbn,674,1,16,265.21,223.29,63.4349,0.3578
tbn,674,1,17,265.395,223.595,54.0922,0.3581
tbn,674,1,18,265.635,223.855,40.4216,0.3547
tbn,674,1,19,265.925,224.06,30.1406,0.3585
tbn,674,1,20,266.165,224.185,22.3843,0.1838
tbn,674,1,21,266.34,224.245,15.5301,0.1868
tbn,674,1,22,266.525,224.285,8.9722,0.1924
tbn,674,1,23,266.72,224.305,2.8563,0.2003
tbn,674,1,24,266.92,224.305,177.1437,0.2003
tbn,674,1,25,267.115,224.285,171.0278,0.1924
tbn,674,1,26,267.3,224.245,164.4699,0.1868
tbn,674,1,27,267.475,224.185,157.6157,0.1838
tbn,674,1,28,267.715,224.06,149.8594,0.3585
tbn,674,1,29,268.005,223.855,139.5784,0.3547
tbn,674,1,30,268.25,223.595,127.184,0.364
tbn,674,1,31,268.44,223.29,116.5651,0.3578
tbn,674,1,32,268.55,223.04,108.4349,0.1897
tbn,674,1,33,268.6,222.86,102.5226,0.1844
tbn,674,1,34,268.63,222.675,96.0148,0.1911
tbn,674,1,35,268.645,222.485,93.0065,0.1903
tbn,674,1,36,268.645,222.29,87.1437,0.2003
tbn,674,1,37,268.625,222.095,81.0278,0.1924
tbn,674,1,38,268.59,221.905,78.109,0.1942
tbn,674,1,39,268.54,221.72,71.5651,0.1897
tbn,674,1,40,268.42,221.47,60.6438,0.3672
tbn,674,1,41,268.22,221.17,51.8425,0.3561
tbn,674,1,42,267.975,220.915,40.4216,0.3547
tbn,674,1,43,267.685,220.71,30.1448,0.3585
tbn,674,1,44,267.445,220.59,19.4411,0.1803
tbn,674,1,45,267.275,220.535,16.3845,0.1772
tbn,674,1,46,267.1,220.495,9.4623,0.1825
tbn,674,1,47,266.915,220.475,3.0157,0.1903
tbn,675,0,0,270.11,220.05,0.0,0.6
tbn,675,0,1,270.41,221.78,90.0,3.46
tbn,675,0,2,272.11,221.685,132.9691,4.9882
tbn,675,0,3,273.81,222.255,90.0,4.79
tbn,675,0,4,273.515,224.65,0.0,0.59
tbn,675,0,5,273.22,222.97,90.0,3.36
tbn,675,0,6,271.515,223.08,133.6067,4.9442
tbn,675,0,7,269.81,222.46,90.0,4.82
tbn,676,0,0,125.06,404.9,7.5933,0.3027
tbn,676,0,1,124.765,404.835,17.2439,0.3036
tbn,676,0,2,124.48,404.73,23.1973,0.3046
tbn,676,0,3,124.21,404.59,31.6086,0.3053
tbn,676,0,4,123.98,404.435,36.8681,0.25
tbn,676,0,5,123.79,404.275,43.3631,0.2476
tbn,676,0,6,123.615,404.1,46.6381,0.2476
tbn,676,0,7,123.46,403.91,55.0077,0.2441
tbn,676,0,8,123.33,403.71,59.0353,0.2332
tbn,676,0,9,123.22,403.505,64.5377,0.2326
tbn,676,0,10,123.13,403.285,70.8203,0.2435
tbn,676,0,11,123.06,403.055,75.3794,0.2377
tbn,676,0,12,123.015,402.825,82.5692,0.232
tbn,676,0,13,122.995,402.595,87.5099,0.2302
tbn,676,0,14,122.995,402.36,92.3866,0.2402
tbn,676,0,15,123.015,402.12,97.1246,0.2419
tbn,676,0,16,123.06,401.885,104.6206,0.2377
tbn,676,0,17,123.135,401.655,111.3706,0.247
tbn,676,0,18,123.23,401.425,113.4986,0.2508
tbn,676,0,19,123.35,401.2,122.4709,0.2608
tbn,676,0,20,123.495,400.99,126.8706,0.25
tbn,676,0,21,123.655,400.8,133.3619,0.2476
tbn,676,0,22,123.83,400.63,138.3686,0.2408
tbn,676,0,23,124.015,400.485,145.619,0.2302
tbn,676,0,24,124.215,400.36,150.256,0.2419
tbn,676,0,25,124.425,400.255,156.7986,0.2285
tbn,676,0,26,124.64,400.175,162.3518,0.2309
tbn,676,0,27,124.865,400.115,167.7343,0.2354
tbn,676,0,28,125.095,400.075,172.569,0.232
tbn,676,0,29,125.325,400.055,177.5118,0.2302
tbn,676,0,30,125.555,400.06,4.9671,0.2309
tbn,676,0,31,125.785,400.09,9.8677,0.2335
tbn,676,0,32,126.015,400.14,14.6206,0.2377
tbn,676,0,33,126.24,400.21,19.9834,0.2341
tbn,676,0,34,126.46,400.3,24.4419,0.2417
tbn,676,0,35,126.675,400.415,31.7606,0.247
tbn,676,0,36,126.9,400.575,38.3681,0.3061
tbn,676,0,37,127.135,400.785,44.999,0.3253
tbn,676,0,38,127.345,401.03,53.8425,0.322
tbn,676,0,39,127.52,401.295,59.3489,0.3138
tbn,676,0,40,127.41,401.71,124.1589,0.6768
tbn,676,0,41,127.165,401.825,71.5651,0.3479
tbn,676,0,42,127.03,401.515,61.1136,0.3312
tbn,676,0,43,126.84,401.24,49.7629,0.3406
tbn,676,0,44,126.6,401.0,40.2371,0.3406
tbn,676,0,45,126.39,400.84,32.0064,0.1887
tbn,676,0,46,126.225,400.75,25.2019,0.1879
tbn,676,0,47,126.055,400.68,19.4395,0.1803
tbn,676,0,48,125.885,400.63,13.2379,0.1746
tbn,676,0,49,125.62,400.6,3.1806,0.3605
tbn,676,0,50,125.265,400.61,173.4789,0.3523
tbn,676,0,51,124.92,400.685,162.0718,0.3573
tbn,676,0,52,124.59,400.83,150.6432,0.3671
tbn,676,0,53,124.355,400.975,143.7463,0.186
tbn,676,0,54,124.21,401.09,139.3997,0.1844
tbn,676,0,55,124.08,401.22,130.6021,0.1844
tbn,676,0,56,123.96,401.365,128.657,0.1921
tbn,676,0,57,123.85,401.525,120.4673,0.1972
tbn,676,0,58,123.755,401.695,117.8966,0.1924
tbn,676,0,59,123.68,401.865,109.4395,0.1803
tbn,676,0,60,123.625,402.04,105.5244,0.1868
tbn,676,0,61,123.575,402.315,97.6966,0.3734
tbn,676,0,62,123.56,402.675,86.7287,0.3506
tbn,676,0,63,123.615,403.025,75.58,0.3614
tbn,676,0,64,123.735,403.36,64.8854,0.3534
tbn,676,0,65,123.865,403.595,53.7449,0.186
tbn,676,0,66,123.975,403.74,51.8425,0.178
tbn,676,0,67,124.1,403.875,42.8801,0.1911
tbn,676,0,68,124.245,404.0,38.6584,0.1921
tbn,676,0,69,124.465,404.14,28.8871,0.3312
tbn,676,0,70,124.765,404.275,19.5369,0.3289
tbn,676,0,71,125.09,404.355,8.3663,0.3437
tbn,676,0,72,125.425,404.375,178.2626,0.3301
tbn,676,0,73,125.4,404.645,124.6406,0.6685
tbn,677,0,0,129.065,403.92,85.9817,2.426
tbn,677,0,1,129.145,405.255,92.2894,0.2502
tbn,677,0,2,129.115,405.505,101.3106,0.255
tbn,677,0,3,129.045,405.755,109.7981,0.2657
tbn,677,0,4,128.935,405.995,119.4773,0.2642
tbn,677,0,5,128.775,406.22,130.8153,0.2907
tbn,677,0,6,128.57,406.42,140.7095,0.2843
tbn,677,0,7,128.34,406.57,153.4349,0.2683
tbn,677,0,8,128.09,406.665,164.9301,0.2693
tbn,677,0,9,127.83,406.71,175.6037,0.2608
tbn,677,0,10,127.565,406.7,8.4254,0.273
tbn,677,0,11,127.3,406.635,19.0931,0.2751
tbn,677,0,12,127.045,406.52,29.2487,0.2865
tbn,677,0,13,126.8,406.355,38.3672,0.3061
tbn,677,0,14,126.59,406.155,49.3996,0.2766
tbn,677,0,15,126.435,405.935,60.5242,0.2642
tbn,677,0,16,126.33,405.695,72.2549,0.2625
tbn,677,0,17,126.275,405.44,83.4182,0.2617
tbn,677,0,18,126.275,405.175,96.3398,0.2717
tbn,677,0,19,126.325,404.905,104.5342,0.2789
tbn,677,0,20,126.42,404.63,113.1992,0.3046
tbn,677,0,21,126.72,404.655,34.5085,0.5825
tbn,677,0,22,126.92,404.895,118.074,0.17
tbn,677,0,23,126.86,405.055,103.2409,0.1746
tbn,677,0,24,126.835,405.225,93.3669,0.1703
tbn,677,0,25,126.835,405.395,86.6328,0.1703
tbn,677,0,26,126.865,405.56,72.6438,0.1676
tbn,677,0,27,126.93,405.715,61.9307,0.17
tbn,677,0,28,127.02,405.855,52.4329,0.164
tbn,677,0,29,127.135,405.975,40.2355,0.1703
tbn,677,0,30,127.28,406.075,29.3574,0.1836
tbn,677,0,31,127.445,406.145,16.39,0.1772
tbn,677,0,32,127.615,406.175,3.3647,0.1703
tbn,677,0,33,127.79,406.175,176.8219,0.1803
tbn,677,0,34,127.96,406.145,162.6446,0.1676
tbn,677,0,35,128.12,406.085,156.3689,0.1746
tbn,677,0,36,128.27,405.995,141.8425,0.178
tbn,677,0,37,128.4,405.87,130.6003,0.1844
tbn,677,0,38,128.51,405.695,115.4656,0.2326
tbn,677,0,39,128.585,405.47,101.7687,0.2452
tbn,677,0,40,128.61,405.23,90.0,0.24
tbn,677,0,41,128.605,404.99,87.6116,0.2402
tbn,677,0,42,128.475,403.265,85.5467,3.2197
tbn,677,0,43,129.565,402.49,34.338,2.9429
tbn,677,0,44,130.635,403.53,124.6251,0.5104
tbn,677,0,45,129.735,403.225,34.2987,1.8278
tbn,678,0,0,239.31,237.07,7.5962,0.3027
tbn,678,0,1,239.015,237.015,13.5664,0.2983
tbn,678,0,2,238.725,236.92,22.4832,0.3139
tbn,678,0,3,238.45,236.79,28.2985,0.2953
tbn,678,0,4,238.215,236.645,35.5357,0.2581
tbn,678,0,5,238.02,236.49,41.6353,0.2408
tbn,678,0,6,237.845,236.32,46.6357,0.2476
tbn,678,0,7,237.685,236.135,51.7085,0.2421
tbn,678,0,8,237.545,235.94,56.9798,0.2385
tbn,678,0,9,237.43,235.735,64.5344,0.2326
tbn,678,0,10,237.335,235.52,67.7519,0.2377
tbn,678,0,11,237.26,235.295,75.3804,0.2377
tbn,678,0,12,237.205,235.065,77.7351,0.2354
tbn,678,0,13,237.17,234.83,85.2352,0.2408
tbn,678,0,14,237.165,234.595,92.4922,0.2302
tbn,678,0,15,237.185,234.36,97.1241,0.2419
tbn,678,0,16,237.225,234.12,101.766,0.2451
tbn,678,0,17,237.285,233.885,106.9284,0.2404
tbn,678,0,18,237.375,233.655,115.562,0.2549
tbn,678,0,19,237.49,233.43,118.6093,0.2506
tbn,678,0,20,237.625,233.215,125.5365,0.2581
tbn,678,0,21,237.78,233.02,131.6326,0.2408
tbn,678,0,22,237.95,232.845,136.6407,0.2476
tbn,678,0,23,238.135,232.69,143.6131,0.236
tbn,678,0,24,238.33,232.56,149.0369,0.2332
tbn,678,0,25,238.535,232.45,154.5344,0.2326
tbn,678,0,26,238.75,232.36,160.0201,0.2341
tbn,678,0,27,238.97,232.29,164.7456,0.228
tbn,678,0,28,239.195,232.245,172.5692,0.232
tbn,678,0,29,239.425,232.225,177.508,0.2302
tbn,678,0,30,239.655,232.22,0.0,0.23
tbn,678,0,31,239.89,232.235,7.1246,0.2419
tbn,678,0,32,240.12,232.28,15.2544,0.228
tbn,678,0,33,240.345,232.345,16.9295,0.2404
tbn,678,0,34,240.57,232.43,24.4452,0.2417
tbn,678,0,35,240.785,232.54,29.7449,0.2419
tbn,678,0,36,241.015,232.695,37.2352,0.314
tbn,678,0,37,241.255,232.9,43.7258,0.3183
tbn,678,0,38,241.475,233.135,49.9709,0.3265
tbn,678,0,39,241.66,233.39,58.3899,0.3053
tbn,678,0,40,241.56,233.81,121.8267,0.6827
tbn,678,0,41,241.32,233.935,70.0186,0.3512
tbn,678,0,42,241.175,233.625,59.6192,0.3361
tbn,678,0,43,240.98,233.355,48.6521,0.333
tbn,678,0,44,240.735,233.125,37.8774,0.3421
tbn,678,0,45,240.52,232.975,29.3562,0.1836
tbn,678,0,46,240.355,232.895,22.3825,0.1838
tbn,678,0,47,240.18,232.83,18.4349,0.1897
tbn,678,0,48,240.0,232.785,9.4615,0.1825
tbn,678,0,49,239.735,232.76,3.2688,0.3506
tbn,678,0,50,239.385,232.78,170.273,0.3551
tbn,678,0,51,239.04,232.87,160.5605,0.3606
tbn,678,0,52,238.715,233.02,149.8594,0.3585
tbn,678,0,53,238.485,233.17,141.3359,0.1921
tbn,678,0,54,238.345,233.29,137.2895,0.1769
tbn,678,0,55,238.22,233.425,128.6634,0.1921
tbn,678,0,56,238.105,233.575,126.2551,0.186
tbn,678,0,57,238.0,233.735,120.4613,0.1972
tbn,678,0,58,237.91,233.905,115.2038,0.1879
tbn,678,0,59,237.84,234.08,108.4349,0.1897
tbn,678,0,60,237.785,234.26,105.5231,0.1868
tbn,678,0,61,237.745,234.535,94.6353,0.3712
tbn,678,0,62,237.745,234.895,85.1012,0.3513
tbn,678,0,63,237.81,235.245,74.0549,0.364
tbn,678,0,64,237.94,235.58,63.4349,0.3578
tbn,678,0,65,238.075,235.81,51.8455,0.1781
tbn,678,0,66,238.19,235.95,49.3966,0.1844
tbn,678,0,67,238.32,236.08,40.6003,0.1844
tbn,678,0,68,238.47,236.2,36.8751,0.2
tbn,678,0,69,238.695,236.335,27.3482,0.3265
tbn,678,0,70,239.0,236.46,17.3554,0.3353
tbn,678,0,71,239.325,236.53,6.9074,0.3324
tbn,678,0,72,239.655,236.535,174.8058,0.3314
tbn,678,0,73,239.64,236.805,122.2754,0.6742
tbn,679,0,0,242.44,236.12,122.6003,4.0833
tbn,679,0,1,243.755,234.54,33.0701,0.5131
tbn,679,0,2,242.73,236.615,122.653,4.5964
tbn,679,0,3,241.075,238.28,33.0475,0.9902
tbn,679,0,4,240.66,237.71,90.0,0.6
tbn,679,0,5,241.0,237.625,32.3072,0.8045
tbn,680,0,0,134.2,361.88,97.5933,0.3027
tbn,680,0,1,134.135,362.18,106.7011,0.3132
tbn,680,0,2,134.03,362.465,113.9625,0.2955
tbn,680,0,3,133.89,362.73,121.6071,0.3053
tbn,680,0,4,133.735,362.965,125.5377,0.2581
tbn,680,0,5,133.575,363.16,133.3619,0.2476
tbn,680,0,6,133.4,363.33,138.3698,0.2408
tbn,680,0,7,133.21,363.48,145.0048,0.2441
tbn,680,0,8,133.01,363.61,149.0369,0.2332
tbn,680,0,9,132.8,363.72,155.5581,0.2417
tbn,680,0,10,132.58,363.81,160.0166,0.2341
tbn,680,0,11,132.355,363.88,165.3794,0.2377
tbn,680,0,12,132.125,363.93,170.1326,0.2335
tbn,680,0,13,131.895,363.955,177.5118,0.2302
tbn,680,0,14,131.66,363.955,2.3847,0.2402
tbn,680,0,15,131.42,363.93,9.4641,0.2433
tbn,680,0,16,131.185,363.88,14.6206,0.2377
tbn,680,0,17,130.955,363.81,19.1786,0.2435
tbn,680,0,18,130.725,363.715,25.5605,0.2549
tbn,680,0,19,130.5,363.595,30.5771,0.2555
tbn,680,0,20,130.29,363.45,38.6609,0.2561
tbn,680,0,21,130.1,363.29,41.6329,0.2408
tbn,680,0,22,129.93,363.115,49.9015,0.2484
tbn,680,0,23,129.785,362.925,55.6169,0.2302
tbn,680,0,24,129.66,362.725,60.2569,0.2419
tbn,680,0,25,129.555,362.515,66.7994,0.2285
tbn,680,0,26,129.475,362.3,72.3507,0.2309
tbn,680,0,27,129.415,362.08,77.195,0.2256
tbn,680,0,28,129.375,361.855,82.5692,0.232
tbn,680,0,29,129.355,361.62,87.6153,0.2402
tbn,680,0,30,129.36,361.385,94.9668,0.2309
tbn,680,0,31,129.39,361.155,99.8681,0.2334
tbn,680,0,32,129.44,360.925,104.6206,0.2377
tbn,680,0,33,129.51,360.7,109.9834,0.2341
tbn,680,0,34,129.6,360.485,115.4606,0.2326
tbn,680,0,35,129.715,360.275,121.7615,0.247
tbn,680,0,36,129.875,360.045,127.2352,0.314
tbn,680,0,37,130.085,359.81,136.2723,0.3183
tbn,680,0,38,130.33,359.6,142.4329,0.328
tbn,680,0,39,130.595,359.42,149.3477,0.3138
tbn,680,0,40,131.01,359.535,34.8538,0.6824
tbn,680,0,41,131.125,359.785,161.5651,0.3479
tbn,680,0,42,130.815,359.92,151.1136,0.3312
tbn,680,0,43,130.54,360.105,141.073,0.3342
tbn,680,0,44,130.3,360.34,130.2355,0.3406
tbn,680,0,45,130.14,360.55,122.0088,0.1887
tbn,680,0,46,130.05,360.715,115.1999,0.1879
tbn,680,0,47,129.98,360.885,109.4395,0.1803
tbn,680,0,48,129.93,361.06,102.5273,0.1844
tbn,680,0,49,129.9,361.325,93.2711,0.3506
tbn,680,0,50,129.91,361.68,83.6585,0.3622
tbn,680,0,51,129.985,362.03,72.0718,0.3573
tbn,680,0,52,130.13,362.36,60.6426,0.3671
tbn,680,0,53,130.275,362.59,51.8425,0.178
tbn,680,0,54,130.39,362.73,49.4028,0.1844
tbn,680,0,55,130.52,362.865,42.8767,0.191
tbn,680,0,56,130.665,362.985,36.2523,0.186
tbn,680,0,57,130.825,363.095,32.9057,0.2025
tbn,680,0,58,130.995,363.19,25.2019,0.1879
tbn,680,0,59,131.165,363.265,22.3825,0.1838
tbn,680,0,60,131.34,363.325,15.5199,0.1868
tbn,680,0,61,131.61,363.37,6.3415,0.3622
tbn,680,0,62,131.97,363.38,176.8194,0.3605
tbn,680,0,63,132.325,363.33,167.1249,0.359
tbn,680,0,64,132.66,363.21,153.4349,0.3578
tbn,680,0,65,132.895,363.08,146.3113,0.1803
tbn,680,0,66,133.04,362.97,139.3961,0.1844
tbn,680,0,67,133.175,362.84,132.8801,0.1911
tbn,680,0,68,133.3,362.695,128.6598,0.1921
tbn,680,0,69,133.44,362.475,118.8877,0.3312
tbn,680,0,70,133.575,362.175,109.536,0.3289
tbn,680,0,71,133.655,361.855,98.6165,0.3338
tbn,680,0,72,133.675,361.525,88.2626,0.3302
tbn,680,0,73,133.945,361.545,33.9293,0.6629
tbn,681,0,0,173.375,301.17,99.4633,0.3041
tbn,681,0,1,173.31,301.47,104.9309,0.3105
tbn,681,0,2,173.205,301.755,115.7091,0.2997
tbn,681,0,3,173.065,302.02,119.9822,0.3002
tbn,681,0,4,172.915,302.255,125.5377,0.2581
tbn,681,0,5,172.755,302.45,133.3643,0.2476
tbn,681,0,6,172.58,302.62,138.3671,0.2408
tbn,681,0,7,172.39,302.77,145.0048,0.2441
tbn,681,0,8,172.19,302.9,149.0369,0.2332
tbn,681,0,9,171.98,303.01,155.5548,0.2417
tbn,681,0,10,171.76,303.1,160.0201,0.2341
tbn,681,0,11,171.535,303.17,165.3794,0.2377
tbn,681,0,12,171.305,303.22,170.1326,0.2335
tbn,681,0,13,171.07,303.245,177.6116,0.2402
tbn,681,0,14,170.835,303.245,2.492,0.2302
tbn,681,0,15,170.6,303.22,9.4641,0.2433
tbn,681,0,16,170.36,303.17,14.0354,0.2474
tbn,681,0,17,170.125,303.1,19.1764,0.2435
tbn,681,0,18,169.9,303.005,26.5682,0.246
tbn,681,0,19,169.68,302.885,30.58,0.2555
tbn,681,0,20,169.47,302.74,38.6555,0.2561
tbn,681,0,21,169.28,302.575,43.3644,0.2476
tbn,681,0,22,169.11,302.4,48.3674,0.2408
tbn,681,0,23,168.96,302.215,53.6161,0.236
tbn,681,0,24,168.835,302.015,62.3529,0.2371
tbn,681,0,25,168.735,301.805,66.8009,0.2285
tbn,681,0,26,168.65,301.59,70.0201,0.2341
tbn,681,0,27,168.585,301.37,77.195,0.2256
tbn,681,0,28,168.545,301.145,82.5683,0.2319
tbn,681,0,29,168.53,300.91,90.0,0.24
tbn,681,0,30,168.535,300.675,92.4884,0.2302
tbn,681,0,31,168.56,300.445,99.8637,0.2335
tbn,681,0,32,168.61,300.215,104.6232,0.2377
tbn,681,0,33,168.68,299.99,109.9834,0.2341
tbn,681,0,34,168.775,299.77,116.5651,0.2459
tbn,681,0,35,168.895,299.56,123.0233,0.2386
tbn,681,0,36,169.055,299.335,127.2352,0.314
tbn,681,0,37,169.265,299.1,136.2723,0.3183
tbn,681,0,38,169.505,298.89,141.3385,0.3202
tbn,681,0,39,169.765,298.71,149.3492,0.3139
tbn,681,0,40,170.185,298.825,34.381,0.6907
tbn,681,0,41,170.305,299.075,161.5674,0.3478
tbn,681,0,42,169.99,299.21,151.9272,0.34
tbn,681,0,43,169.71,299.395,141.0706,0.3342
tbn,681,0,44,169.475,299.63,128.9286,0.3342
tbn,681,0,45,169.32,299.84,122.0064,0.1887
tbn,681,0,46,169.23,300.005,115.1999,0.1879
tbn,681,0,47,169.16,300.175,109.4411,0.1803
tbn,681,0,48,169.11,300.35,102.5252,0.1844
tbn,681,0,49,169.075,300.615,94.8992,0.3513
tbn,681,0,50,169.085,300.97,82.0927,0.3635
tbn,681,0,51,169.165,301.32,72.0718,0.3573
tbn,681,0,52,169.305,301.65,62.0213,0.3624
tbn,681,0,53,169.445,301.88,51.8395,0.178
tbn,681,0,54,169.565,302.02,47.1264,0.1911
tbn,681,0,55,169.7,302.155,42.8801,0.1911
tbn,681,0,56,169.845,302.275,36.2485,0.186
tbn,681,0,57,170.0,302.385,34.5143,0.1942
tbn,681,0,58,170.17,302.48,23.958,0.197
tbn,681,0,59,170.345,302.555,22.3825,0.1838
tbn,681,0,60,170.52,302.615,15.5199,0.1868
tbn,681,0,61,170.79,302.66,6.3415,0.3622
tbn,681,0,62,171.15,302.67,176.8218,0.3605
tbn,681,0,63,171.505,302.62,167.1226,0.359
tbn,681,0,64,171.84,302.5,153.4349,0.3578
tbn,681,0,65,172.075,302.37,146.3072,0.1803
tbn,681,0,66,172.22,302.26,139.3997,0.1844
tbn,681,0,67,172.355,302.13,132.8832,0.191
tbn,681,0,68,172.48,301.985,128.6598,0.1921
tbn,681,0,69,172.62,301.765,118.8864,0.3312
tbn,681,0,70,172.75,301.465,107.8773,0.3257
tbn,681,0,71,172.83,301.145,100.3065,0.3354
tbn,681,0,72,172.85,300.815,86.5309,0.3306
tbn,681,0,73,173.12,300.835,33.4531,0.6712
tbn,682,0,0,251.425,280.315,19.1134,1.0689
tbn,682,0,1,252.065,280.545,22.1634,0.2915
tbn,682,0,2,252.325,280.675,30.9627,0.2915
tbn,682,0,3,252.56,280.835,37.6963,0.278
tbn,682,0,4,252.76,281.02,48.0157,0.2691
tbn,682,0,5,252.915,281.24,61.5552,0.2729
tbn,682,0,6,253.02,281.49,72.8975,0.272
tbn,682,0,7,253.065,281.69,85.9162,0.1403
tbn,682,0,8,253.065,281.835,93.8121,0.1503
tbn,682,0,9,253.05,281.99,97.1264,0.1612
tbn,682,0,10,253.015,282.15,107.3497,0.1676
tbn,682,0,11,252.95,282.32,113.9638,0.197
tbn,682,0,12,252.85,282.495,125.2178,0.2081
tbn,682,0,13,252.725,282.655,130.9133,0.1985
tbn,682,0,14,252.58,282.79,143.1319,0.2
tbn,682,0,15,252.41,282.895,153.4369,0.2013
tbn,682,0,16,252.225,282.97,162.474,0.1992
tbn,682,0,17,252.035,283.015,171.0189,0.1924
tbn,682,0,18,251.84,283.025,2.8652,0.2002
tbn,682,0,19,251.735,283.025,135.0,0.0142
tbn,682,0,20,251.81,283.135,52.6943,0.264
tbn,682,0,21,251.93,283.365,72.2549,0.2625
tbn,682,0,22,251.975,283.625,87.88,0.2702
tbn,682,0,23,251.95,283.885,103.4952,0.2571
tbn,682,0,24,251.885,284.095,112.3807,0.1839
tbn,682,0,25,251.81,284.255,118.0695,0.17
tbn,682,0,26,251.725,284.395,124.6976,0.1581
tbn,682,0,27,251.635,284.515,129.292,0.1421
tbn,682,0,28,251.48,284.65,143.9722,0.272
tbn,682,0,29,251.245,284.77,162.2518,0.2625
tbn,682,0,30,250.985,284.825,173.6602,0.2717
tbn,682,0,31,250.705,284.83,3.9491,0.2907
tbn,682,0,32,250.415,284.79,11.6892,0.2961
tbn,682,0,33,250.12,284.715,16.6984,0.3132
tbn,682,0,34,249.695,284.575,19.0578,0.5819
tbn,682,0,35,250.17,282.31,109.0663,4.5919
tbn,682,1,0,250.22,284.225,19.6495,0.1487
tbn,682,1,1,250.385,284.275,14.7485,0.1965
tbn,682,1,2,250.565,284.32,13.2434,0.1746
tbn,682,1,3,250.735,284.345,3.3595,0.1703
tbn,682,1,4,250.895,284.345,176.194,0.1503
tbn,682,1,5,251.045,284.31,158.1986,0.1615
tbn,682,1,6,251.18,284.235,143.1243,0.15
tbn,682,1,7,251.295,284.115,126.2513,0.186
tbn,682,1,8,251.395,283.94,114.2325,0.2193
tbn,682,1,9,251.47,283.73,105.2544,0.228
tbn,682,1,10,251.5,283.53,90.0,0.18
tbn,682,1,11,251.48,283.36,75.9586,0.1649
tbn,682,1,12,251.42,283.215,58.3978,0.1526
tbn,682,1,13,251.325,283.095,45.004,0.1556
tbn,682,1,14,251.2,282.99,35.5394,0.172
tbn,682,1,15,251.05,282.9,26.5607,0.1789
tbn,682,1,16,250.875,282.825,20.2266,0.2025
tbn,682,1,17,250.715,282.77,17.1056,0.136
tbn,682,1,18,250.4,283.475,109.0255,1.5338
tbn,682,2,0,250.95,282.405,18.9725,0.3384
tbn,682,2,1,251.2,282.485,15.5211,0.1868
tbn,682,2,2,251.385,282.53,11.891,0.1942
tbn,682,2,3,251.575,282.56,6.0057,0.1911
tbn,682,2,4,251.76,282.565,176.8266,0.1803
tbn,682,2,5,251.94,282.535,164.4711,0.1868
tbn,682,2,6,252.105,282.46,146.3072,0.1803
tbn,682,2,7,252.25,282.34,135.0031,0.198
tbn,682,2,8,252.37,282.17,116.5651,0.2236
tbn,682,2,9,252.445,281.96,102.805,0.2256
tbn,682,2,10,252.465,281.75,87.1345,0.2002
tbn,682,2,11,252.435,281.57,72.6503,0.1676
tbn,682,2,12,252.365,281.415,59.032,0.1749
tbn,682,2,13,252.26,281.275,47.2928,0.1769
tbn,682,2,14,252.125,281.16,33.6928,0.1803
tbn,682,2,15,251.97,281.065,29.3562,0.1836
tbn,682,2,16,251.8,280.985,21.2517,0.1931
tbn,682,2,17,251.515,280.885,18.4356,0.4111
tbn,682,2,18,251.055,281.585,109.1063,1.6192
tbn,683,0,0,222.815,239.92,99.4633,0.3041
tbn,683,0,1,222.75,240.215,105.4221,0.3008
tbn,683,0,2,222.65,240.5,113.1978,0.3046
tbn,683,0,3,222.51,240.77,121.6071,0.3053
tbn,683,0,4,222.355,241.0,126.8713,0.25
tbn,683,0,5,222.195,241.19,133.3594,0.2476
tbn,683,0,6,222.02,241.36,138.3671,0.2408
tbn,683,0,7,221.83,241.515,143.1308,0.25
tbn,683,0,8,221.63,241.65,149.0369,0.2332
tbn,683,0,9,221.42,241.76,155.5548,0.2417
tbn,683,0,10,221.2,241.85,160.0201,0.2341
tbn,683,0,11,220.975,241.915,167.7306,0.2354
tbn,683,0,12,220.745,241.96,170.14,0.2335
tbn,683,0,13,220.51,241.985,177.6116,0.2402
tbn,683,0,14,220.275,241.985,2.492,0.2302
tbn,683,0,15,220.04,241.965,7.1246,0.2419
tbn,683,0,16,219.8,241.92,14.0354,0.2474
tbn,683,0,17,219.565,241.845,21.3702,0.247
tbn,683,0,18,219.34,241.745,26.5619,0.246
tbn,683,0,19,219.12,241.625,30.58,0.2555
tbn,683,0,20,218.91,241.485,36.8692,0.25
tbn,683,0,21,218.72,241.325,43.3644,0.2476
tbn,683,0,22,218.55,241.15,48.3674,0.2408
tbn,683,0,23,218.4,240.96,55.0097,0.2441
tbn,683,0,24,218.275,240.76,61.1869,0.2282
tbn,683,0,25,218.175,240.555,66.8009,0.2285
tbn,683,0,26,218.09,240.34,70.0201,0.2341
tbn,683,0,27,218.025,240.115,77.7335,0.2354
tbn,683,0,28,217.985,239.885,82.5692,0.232
tbn,683,0,29,217.97,239.655,90.0,0.23
tbn,683,0,30,217.975,239.425,92.4884,0.2302
tbn,683,0,31,218.0,239.195,99.8637,0.2335
tbn,683,0,32,218.05,238.965,104.6232,0.2377
tbn,683,0,33,218.12,238.74,109.9834,0.2341
tbn,683,0,34,218.215,238.52,116.5651,0.2459
tbn,683,0,35,218.335,238.305,121.7578,0.247
tbn,683,0,36,218.495,238.08,128.369,0.3061
tbn,683,0,37,218.705,237.845,134.9981,0.3253
tbn,683,0,38,218.945,237.63,141.3428,0.3201
tbn,683,0,39,219.205,237.455,150.9418,0.3089
tbn,683,0,40,219.625,237.57,33.6901,0.6851
tbn,683,0,41,219.745,237.815,161.5627,0.3479
tbn,683,0,42,219.43,237.95,151.9272,0.34
tbn,683,0,43,219.15,238.14,139.7645,0.3406
tbn,683,0,44,218.915,238.375,130.0291,0.3265
tbn,683,0,45,218.76,238.585,120.4696,0.1972
tbn,683,0,46,218.67,238.75,116.5651,0.1789
tbn,683,0,47,218.6,238.92,108.4349,0.1897
tbn,683,0,48,218.55,239.095,103.2374,0.1747
tbn,683,0,49,218.515,239.36,94.7636,0.3612
tbn,683,0,50,218.525,239.715,81.8695,0.3536
tbn,683,0,51,218.605,240.06,72.0718,0.3573
tbn,683,0,52,218.745,240.39,62.0213,0.3624
tbn,683,0,53,218.885,240.625,53.7449,0.186
tbn,683,0,54,219.005,240.77,47.1264,0.1911
tbn,683,0,55,219.14,240.9,40.6003,0.1844
tbn,683,0,56,219.285,241.02,38.657,0.1921
tbn,683,0,57,219.44,241.13,32.0088,0.1887
tbn,683,0,58,219.61,241.22,23.958,0.197
tbn,683,0,59,219.785,241.295,22.3825,0.1838
tbn,683,0,60,219.96,241.355,15.5199,0.1868
tbn,683,0,61,220.23,241.405,7.91,0.3635
tbn,683,0,62,220.59,241.42,176.8218,0.3605
tbn,683,0,63,220.945,241.365,165.5753,0.3614
tbn,683,0,64,221.28,241.245,154.8866,0.3534
tbn,683,0,65,221.515,241.115,143.7487,0.186
tbn,683,0,66,221.66,241.0,139.3997,0.1844
tbn,683,0,67,221.795,240.875,135.0,0.1839
tbn,683,0,68,221.92,240.735,128.6598,0.1921
tbn,683,0,69,222.06,240.515,118.8864,0.3312
tbn,683,0,70,222.19,240.21,107.3522,0.3353
tbn,683,0,71,222.27,239.885,100.3074,0.3354
tbn,683,0,72,222.29,239.555,86.5312,0.3306
tbn,683,0,73,222.56,239.58,34.1602,0.6768
tbn,684,0,0,183.28,178.275,179.5588,1.3
tbn,684,0,1,184.06,178.55,65.0956,0.6174
tbn,684,0,2,181.53,178.83,0.0,5.32
tbn,684,0,3,180.605,176.82,130.8003,5.3105
tbn,684,0,4,182.47,175.09,65.0956,0.6174
tbn,684,0,5,182.17,175.86,131.2683,1.3038
tbn,684,0,6,182.185,177.315,65.2436,2.1253
tbn,684,1,0,181.72,177.53,65.6139,1.6469
tbn,684,1,1,180.7,177.545,131.6336,2.0471
tbn,684,1,2,181.04,178.295,179.1575,2.0402
tbn,685,0,0,208.025,237.305,179.5622,1.31
tbn,685,0,1,208.81,237.58,65.0943,0.6174
tbn,685,0,2,206.28,237.86,0.0,5.32
tbn,685,0,3,205.355,235.85,130.8003,5.3105
tbn,685,0,4,207.22,234.12,65.0956,0.6174
tbn,685,0,5,206.92,234.89,131.2683,1.3038
tbn,685,0,6,206.93,236.345,65.4888,2.1212
tbn,685,1,0,206.465,236.56,65.2975,1.6511
tbn,685,1,1,205.445,236.575,131.4238,2.0404
tbn,685,1,2,205.79,237.325,179.1575,2.0402
tbn,686,0,0,172.395,31.7,0.0,0.87
tbn,686,0,1,173.295,28.4,112.0256,7.1196
tbn,686,0,2,175.535,27.445,68.8971,5.0271
tbn,686,0,3,177.35,27.445,111.2091,5.0308
tbn,686,0,4,179.59,28.4,68.049,7.1158
tbn,686,0,5,180.485,31.7,0.0,0.87
tbn,686,0,6,179.155,29.435,68.4389,4.8709
tbn,686,0,7,177.35,29.555,110.8843,5.1054
tbn,686,0,8,175.535,29.605,68.8146,5.0085
tbn,686,0,9,173.73,29.485,112.113,4.7817
tbn,687,0,0,185.585,26.165,113.8653,1.8043
tbn,687,0,1,186.38,25.34,0.0,0.86
tbn,687,0,2,185.275,28.685,114.65,7.3608
tbn,687,0,3,182.21,28.685,65.4207,7.3566
tbn,687,0,4,181.11,25.34,0.0,0.86
tbn,687,0,5,181.905,26.165,66.1347,1.8043
tbn,687,0,6,183.745,26.99,0.0,2.95
tbn,687,1,0,183.74,27.69,0.0,2.28
tbn,687,1,1,183.17,28.985,66.2428,2.8298
tbn,687,1,2,184.31,28.985,113.7572,2.8298
tbn,688,0,0,188.77,26.75,90.0,2.82
tbn,688,0,1,189.18,25.34,0.0,0.82
tbn,688,0,2,189.59,26.75,90.0,2.82
tbn,688,0,3,190.635,29.93,59.4425,4.1109
tbn,688,0,4,191.22,31.7,0.0,0.92
tbn,688,0,5,189.97,30.37,59.29,3.0938
tbn,688,0,6,188.385,30.37,120.8688,3.099
tbn,688,0,7,187.135,31.7,0.0,0.91
tbn,688,0,8,187.725,29.93,120.5575,4.1109
tbn,689,0,0,192.625,25.34,0.0,0.83
tbn,689,0,1,193.04,27.735,90.0,4.79
tbn,689,0,2,195.395,27.6,132.9483,6.9129
tbn,689,0,3,197.75,28.385,90.0,6.63
tbn,689,0,4,197.34,31.7,0.0,0.82
tbn,689,0,5,196.93,29.38,90.0,4.64
tbn,689,0,6,194.57,29.535,133.6374,6.8397
tbn,689,0,7,192.21,28.675,90.0,6.67
tbn,690,0,0,200.61,25.34,0.0,3.46
tbn,690,0,1,202.34,25.69,90.0,0.7
tbn,690,0,2,201.02,26.04,0.0,2.64
tbn,690,0,3,199.7,27.28,90.0,2.48
tbn,690,0,4,200.985,28.52,0.0,2.57
tbn,690,0,5,202.27,28.875,90.0,0.71
tbn,690,0,6,200.985,29.23,0.0,2.57
tbn,690,0,7,199.7,30.11,90.0,1.76
tbn,690,0,8,201.02,30.9901,0.0,2.64
tbn,690,0,9,202.34,31.345,90.0,0.71
tbn,690,0,10,200.61,31.7,0.0,3.46
tbn,690,0,11,198.88,28.52,90.0,6.36
tbn,691,0,0,206.79,31.11,122.4745,0.2607
tbn,691,0,1,206.635,31.31,133.3546,0.2476
tbn,691,0,2,206.46,31.48,138.3725,0.2408
tbn,691,0,3,206.265,31.63,146.3061,0.2524
tbn,691,0,4,206.05,31.75,155.5614,0.2417
tbn,691,0,5,205.825,31.84,160.8169,0.2435
tbn,691,0,6,205.585,31.9,170.9146,0.2532
tbn,691,0,7,205.33,31.93,175.5972,0.2608
tbn,691,0,8,205.025,31.925,4.904,0.3513
tbn,691,0,9,204.675,31.87,12.8679,0.359
tbn,691,0,10,204.34,31.765,22.1107,0.3454
tbn,691,0,11,204.035,31.605,33.2313,0.3467
tbn,691,0,12,203.77,31.395,43.778,0.3324
tbn,691,0,13,203.555,31.14,55.8449,0.3384
tbn,691,0,14,203.4,30.835,70.0163,0.3512
tbn,691,0,15,203.32,30.485,83.8308,0.3722
tbn,691,0,16,203.315,30.14,95.3555,0.3214
tbn,691,0,17,203.375,29.84,107.8201,0.2941
tbn,691,0,18,203.485,29.58,118.4448,0.2729
tbn,691,0,19,203.64,29.355,130.5972,0.2766
tbn,691,0,20,203.84,29.155,139.1847,0.2907
tbn,691,0,21,204.065,28.98,145.1813,0.2802
tbn,691,0,22,204.31,28.83,151.6962,0.2953
tbn,691,0,23,204.575,28.7,156.0387,0.2955
tbn,691,0,24,204.93,28.545,156.6436,0.4793
tbn,691,0,25,205.35,28.35,153.4341,0.4472
tbn,691,0,26,205.725,28.125,144.4616,0.4301
tbn,691,0,27,205.97,27.92,131.1906,0.2126
tbn,691,0,28,206.095,27.75,121.4221,0.211
tbn,691,0,29,206.185,27.555,108.4399,0.2213
tbn,691,0,30,206.235,27.325,96.8425,0.2518
tbn,691,0,31,206.235,27.075,83.1575,0.2518
tbn,691,0,32,206.19,26.83,75.9638,0.2474
tbn,691,0,33,206.11,26.605,64.5376,0.2326
tbn,691,0,34,205.99,26.405,53.6161,0.236
tbn,691,0,35,205.835,26.23,43.2598,0.2334
tbn,691,0,36,205.65,26.09,30.9631,0.2332
tbn,691,0,37,205.435,25.99,19.1831,0.2435
tbn,691,0,38,205.2,25.94,4.7682,0.2408
tbn,691,0,39,204.955,25.94,175.4216,0.2508
tbn,691,0,40,204.71,25.985,163.7385,0.25
tbn,691,0,41,204.485,26.075,152.3562,0.2371
tbn,691,0,42,204.29,26.205,140.1911,0.2343
tbn,691,0,43,204.12,26.37,131.6353,0.2408
tbn,691,0,44,203.985,26.565,117.6472,0.237
tbn,691,0,45,203.895,26.79,106.2624,0.25
tbn,691,0,46,203.85,27.04,94.3995,0.2608
tbn,691,0,47,203.425,27.08,12.2356,0.8493
tbn,691,0,48,203.05,26.805,102.2009,0.3785
tbn,691,0,49,203.165,26.445,113.2013,0.3808
tbn,691,0,50,203.335,26.12,122.3436,0.3551
tbn,691,0,51,203.55,25.84,132.7139,0.3538
tbn,691,0,52,203.815,25.605,144.0882,0.3581
tbn,691,0,53,204.12,25.425,154.881,0.3534
tbn,691,0,54,204.455,25.3,164.0586,0.364
tbn,691,0,55,204.82,25.235,175.4815,0.3812
tbn,691,0,56,205.215,25.24,5.5776,0.412
tbn,691,0,57,205.615,25.31,14.3781,0.4026
tbn,691,0,58,205.985,25.445,25.9119,0.3891
tbn,691,0,59,206.315,25.645,36.5709,0.386
tbn,691,0,60,206.595,25.905,49.2342,0.3829
tbn,691,0,61,206.815,26.22,60.8041,0.3895
tbn,691,0,62,206.97,26.585,72.8985,0.4081
tbn,691,0,63,207.05,26.99,84.5583,0.4219
tbn,691,0,64,207.055,27.395,94.4006,0.3912
tbn,691,0,65,206.995,27.755,105.2565,0.342
tbn,691,0,66,206.875,28.065,117.3458,0.3265
tbn,691,0,67,206.705,28.335,127.2352,0.314
tbn,691,0,68,206.49,28.57,137.494,0.3256
tbn,691,0,69,206.235,28.775,144.8644,0.3301
tbn,691,0,70,205.945,28.95,152.6964,0.3489
tbn,691,0,71,205.625,29.105,155.5604,0.3625
tbn,691,0,72,205.235,29.27,158.1999,0.4847
tbn,691,0,73,204.855,29.43,155.693,0.3402
tbn,691,0,74,204.56,29.6,144.4606,0.3441
tbn,691,0,75,204.36,29.76,135.0,0.1697
tbn,691,0,76,204.255,29.89,122.7314,0.1664
tbn,691,0,77,204.18,30.04,110.5632,0.1709
tbn,691,0,78,204.135,30.21,99.4623,0.1825
tbn,691,0,79,204.135,30.4,81.4701,0.2022
tbn,691,0,80,204.185,30.595,69.7734,0.2025
tbn,691,0,81,204.275,30.77,55.4868,0.1941
tbn,691,0,82,204.4,30.915,42.8801,0.1911
tbn,691,0,83,204.64,31.07,27.8966,0.3847
tbn,691,0,84,205.0,31.195,10.4384,0.3864
tbn,691,0,85,205.35,31.21,172.8787,0.3225
tbn,691,0,86,205.65,31.13,156.8022,0.3046
tbn,691,0,87,205.9,30.975,139.1847,0.2907
tbn,691,0,88,206.11,30.745,126.5285,0.336
tbn,691,0,89,206.535,30.805,30.9649,0.758
tbn,692,0,0,207.585,31.7,0.0,0.87
tbn,692,0,1,208.54,28.355,112.5651,7.2446
tbn,692,0,2,211.31,28.355,67.5812,7.237
tbn,692,0,3,212.255,31.7,0.0,0.87
tbn,692,0,4,210.875,29.36,68.0088,5.0472
tbn,692,0,5,208.975,29.36,112.2014,5.0547
tbn,693,0,0,213.705,31.7,0.0,0.83
tbn,693,0,1,213.29,28.52,90.0,6.36
tbn,693,0,2,213.705,25.34,0.0,0.83
tbn,693,0,3,214.12,28.52,90.0,6.36
tbn,694,0,0,215.67,31.7,0.0,0.82
tbn,694,0,1,215.26,28.52,90.0,6.36
tbn,694,0,2,216.645,25.34,0.0,2.77
tbn,694,0,3,218.03,25.69,90.0,0.7
tbn,694,0,4,217.055,26.04,0.0,1.95
tbn,694,0,5,216.08,28.87,90.0,5.66
tbn,695,0,0,218.94,31.7,0.0,0.82
tbn,695,0,1,218.53,28.52,90.0,6.36
tbn,695,0,2,219.915,25.34,0.0,2.77
tbn,695,0,3,221.3,25.69,90.0,0.7
tbn,695,0,4,220.325,26.04,0.0,1.95
tbn,695,0,5,219.35,28.87,90.0,5.66
tbn,696,0,0,223.525,25.34,0.0,3.47
tbn,696,0,1,225.26,25.69,90.0,0.7
tbn,696,0,2,223.94,26.04,0.0,2.64
tbn,696,0,3,222.62,27.28,90.0,2.48
tbn,696,0,4,223.9,28.52,0.0,2.56
tbn,696,0,5,225.18,28.875,90.0,0.71
tbn,696,0,6,223.9,29.23,0.0,2.56
tbn,696,0,7,222.62,30.11,90.0,1.76
tbn,696,0,8,223.94,30.9901,0.0,2.64
tbn,696,0,9,225.26,31.345,90.0,0.71
tbn,696,0,10,223.525,31.7,0.0,3.47
tbn,696,0,11,221.79,28.52,90.0,6.36
tbn,697,0,0,226.1,28.105,90.0,0.59
tbn,697,0,1,227.04,27.81,0.0,1.88
tbn,697,0,2,227.98,28.105,90.0,0.59
tbn,697,0,3,227.04,28.4,0.0,1.88
tbn,698,0,0,232.52,31.11,122.4745,0.2607
tbn,698,0,1,232.365,31.31,133.3546,0.2476
tbn,698,0,2,232.19,31.48,138.3725,0.2408
tbn,698,0,3,232.0,31.63,145.0048,0.2441
tbn,698,0,4,231.79,31.75,155.5614,0.2417
tbn,698,0,5,231.56,31.84,161.5607,0.253
tbn,698,0,6,231.32,31.9,170.543,0.2433
tbn,698,0,7,231.07,31.93,175.5969,0.2608
tbn,698,0,8,230.76,31.925,4.7683,0.3613
tbn,698,0,9,230.405,31.87,12.8679,0.359
tbn,698,0,10,230.07,31.765,22.1107,0.3454
tbn,698,0,11,229.765,31.605,33.2313,0.3467
tbn,698,0,12,229.5,31.395,43.778,0.3324
tbn,698,0,13,229.29,31.14,57.2686,0.3329
tbn,698,0,14,229.14,30.835,70.0186,0.3512
tbn,698,0,15,229.055,30.485,82.3034,0.3734
tbn,698,0,16,229.045,30.14,95.3555,0.3214
tbn,698,0,17,229.105,29.84,107.8201,0.2941
tbn,698,0,18,229.22,29.58,120.2573,0.2778
tbn,698,0,19,229.38,29.355,130.5996,0.2766
tbn,698,0,20,229.575,29.155,137.8609,0.2832
tbn,698,0,21,229.8,28.98,146.315,0.2884
tbn,698,0,22,230.05,28.83,151.6962,0.2953
tbn,698,0,23,230.315,28.7,156.0387,0.2955
tbn,698,0,24,230.67,28.545,156.6443,0.4793
tbn,698,0,25,231.09,28.35,153.4332,0.4472
tbn,698,0,26,231.465,28.125,144.4628,0.4301
tbn,698,0,27,231.71,27.92,131.1906,0.2126
tbn,698,0,28,231.835,27.75,121.4221,0.211
tbn,698,0,29,231.925,27.555,108.4362,0.2213
tbn,698,0,30,231.97,27.325,94.5749,0.2508
tbn,698,0,31,231.97,27.075,85.4251,0.2508
tbn,698,0,32,231.925,26.83,73.7409,0.25
tbn,698,0,33,231.84,26.605,64.5376,0.2326
tbn,698,0,34,231.72,26.405,53.6161,0.236
tbn,698,0,35,231.565,26.23,43.2598,0.2334
tbn,698,0,36,231.38,26.09,30.9631,0.2332
tbn,698,0,37,231.17,25.99,19.9869,0.2341
tbn,698,0,38,230.935,25.94,4.5784,0.2508
tbn,698,0,39,230.685,25.94,175.4216,0.2508
tbn,698,0,40,230.445,25.985,163.0705,0.2404
tbn,698,0,41,230.22,26.075,153.4381,0.246
tbn,698,0,42,230.02,26.205,140.1911,0.2343
tbn,698,0,43,229.855,26.37,129.8056,0.2343
tbn,698,0,44,229.72,26.565,119.7485,0.2418
tbn,698,0,45,229.625,26.79,106.2624,0.25
tbn,698,0,46,229.58,27.04,94.3995,0.2608
tbn,698,0,47,229.155,27.08,12.2356,0.8493
tbn,698,0,48,228.785,26.805,103.6732,0.3808
tbn,698,0,49,228.9,26.445,111.8027,0.3769
tbn,698,0,50,229.065,26.12,122.3436,0.3551
tbn,698,0,51,229.285,25.84,133.8823,0.3607
tbn,698,0,52,229.55,25.605,143.1271,0.35
tbn,698,0,53,229.85,25.425,154.881,0.3534
tbn,698,0,54,230.185,25.3,164.0586,0.364
tbn,698,0,55,230.55,25.235,175.4815,0.3812
tbn,698,0,56,230.95,25.24,5.4454,0.4219
tbn,698,0,57,231.35,25.31,14.7405,0.3929
tbn,698,0,58,231.715,25.445,25.9119,0.3891
tbn,698,0,59,232.045,25.645,36.5709,0.386
tbn,698,0,60,232.325,25.905,49.2342,0.3829
tbn,698,0,61,232.545,26.22,60.8041,0.3895
tbn,698,0,62,232.7,26.585,72.8985,0.4081
tbn,698,0,63,232.785,26.99,83.2103,0.4229
tbn,698,0,64,232.79,27.395,95.857,0.3921
tbn,698,0,65,232.725,27.755,105.2565,0.342
tbn,698,0,66,232.61,28.065,115.7662,0.3221
tbn,698,0,67,232.44,28.335,128.6594,0.3202
tbn,698,0,68,232.22,28.57,137.494,0.3256
tbn,698,0,69,231.965,28.775,144.8644,0.3301
tbn,698,0,70,231.68,28.95,151.9227,0.34
tbn,698,0,71,231.365,29.105,155.5614,0.3625
tbn,698,0,72,230.97,29.27,158.6305,0.494
tbn,698,0,73,230.59,29.43,154.9799,0.3311
tbn,698,0,74,230.295,29.6,145.4069,0.3523
tbn,698,0,75,230.09,29.76,135.0,0.1697
tbn,698,0,76,229.985,29.89,122.7314,0.1664
tbn,698,0,77,229.91,30.04,110.5632,0.1709
tbn,698,0,78,229.87,30.21,96.337,0.1811
tbn,698,0,79,229.87,30.4,84.2929,0.201
tbn,698,0,80,229.915,30.595,69.7734,0.2025
tbn,698,0,81,230.005,30.77,55.4868,0.1941
tbn,698,0,82,230.13,30.915,42.8801,0.1911
tbn,698,0,83,230.37,31.07,27.8966,0.3847
tbn,698,0,84,230.73,31.195,10.4384,0.3864
tbn,698,0,85,231.085,31.21,173.0926,0.3324
tbn,698,0,86,231.385,31.13,156.0375,0.2955
tbn,698,0,87,231.635,30.975,140.4413,0.2983
tbn,698,0,88,231.845,30.745,125.1326,0.3302
tbn,698,0,89,232.265,30.805,30.9649,0.758
tbn,699,0,0,236.12,30.99,0.0,1.52
tbn,699,0,1,236.88,31.345,90.0,0.71
tbn,699,0,2,234.945,31.7,0.0,3.87
tbn,699,0,3,233.01,31.345,90.0,0.71
tbn,699,0,4,233.77,30.99,0.0,1.52
tbn,699,0,5,234.53,28.165,90.0,5.65
tbn,699,0,6,234.945,25.34,0.0,0.83
tbn,699,0,7,235.36,28.165,90.0,5.65
tbn,700,0,0,242.1,28.165,11.6349,0.3471
tbn,700,0,1,242.415,28.265,24.1457,0.3178
tbn,700,0,2,242.69,28.42,34.6946,0.3162
tbn,700,0,3,242.93,28.625,46.2704,0.3183
tbn,700,0,4,243.13,28.865,54.2472,0.3081
tbn,700,0,5,243.28,29.135,67.5215,0.3139
tbn,700,0,6,243.38,29.435,75.5293,0.3202
tbn,700,0,7,243.435,29.755,84.8051,0.3313
tbn,700,0,8,243.425,30.14,96.4834,0.4428
tbn,700,0,9,243.32,30.565,111.3167,0.4401
tbn,700,0,10,243.115,30.95,124.7789,0.4383
tbn,700,0,11,242.82,31.27,140.5243,0.4405
tbn,700,0,12,242.445,31.49,158.6855,0.4401
tbn,700,0,13,242.02,31.615,168.4366,0.4491
tbn,700,0,14,241.58,31.68,174.8084,0.4418
tbn,700,0,15,241.135,31.7,0.0,0.45
tbn,700,0,16,240.41,31.7,0.0,1.0
tbn,700,0,17,239.91,28.52,90.0,6.36
tbn,700,0,18,240.325,25.34,0.0,0.83
tbn,700,0,19,240.74,26.695,90.0,2.71
tbn,700,0,20,240.91,28.05,0.0,0.34
tbn,700,0,21,242.035,26.695,125.1765,3.3154
tbn,700,0,22,243.46,25.34,0.0,0.94
tbn,700,0,23,242.93,26.735,125.6349,3.4328
tbn,700,1,0,240.85,30.99,0.0,0.22
tbn,700,1,1,241.11,30.99,0.0,0.3
tbn,700,1,2,241.42,30.975,174.6497,0.3214
tbn,700,1,3,241.73,30.93,168.6906,0.3059
tbn,700,1,4,242.015,30.85,159.6703,0.2879
tbn,700,1,5,242.27,30.73,149.7524,0.2778
tbn,700,1,6,242.485,30.565,134.9977,0.2687
tbn,700,1,7,242.64,30.34,114.7762,0.2864
tbn,700,1,8,242.72,30.05,97.1237,0.3225
tbn,700,1,9,242.72,29.72,83.2918,0.3424
tbn,700,1,10,242.645,29.42,67.0686,0.2823
tbn,700,1,11,242.5,29.19,48.0046,0.269
tbn,700,1,12,242.295,29.02,31.3318,0.2693
tbn,700,1,13,242.05,28.9,21.0449,0.2786
tbn,700,1,14,241.77,28.82,11.3094,0.3059
tbn,700,1,15,241.465,28.775,5.5218,0.3114
tbn,700,1,16,241.155,28.755,1.8494,0.3102
tbn,700,1,17,240.87,28.75,0.0,0.26
tbn,700,1,18,240.74,29.87,90.0,2.24
tbn,701,0,0,247.24,31.93,3.3698,0.3406
tbn,701,0,1,246.905,31.895,8.6135,0.3338
tbn,701,0,2,246.58,31.83,14.0388,0.3299
tbn,701,0,3,246.27,31.735,20.1346,0.3195
tbn,701,0,4,245.97,31.61,25.019,0.3311
tbn,701,0,5,245.685,31.455,32.1927,0.3191
tbn,701,0,6,245.42,31.275,36.1591,0.322
tbn,701,0,7,245.17,31.07,42.506,0.3256
tbn,701,0,8,244.94,30.84,47.4882,0.3256
tbn,701,0,9,244.73,30.595,51.3406,0.3202
tbn,701,0,10,244.545,30.33,58.7392,0.3276
tbn,701,0,11,244.39,30.04,64.9823,0.331
tbn,701,0,12,244.26,29.735,68.8369,0.3324
tbn,701,0,13,244.16,29.42,75.9663,0.3299
tbn,701,0,14,244.095,29.09,81.6343,0.3437
tbn,701,0,15,244.06,28.75,86.6325,0.3406
tbn,701,0,16,244.06,28.4,93.1806,0.3605
tbn,701,0,17,244.095,28.045,98.1298,0.3536
tbn,701,0,18,244.16,27.705,103.6241,0.3396
tbn,701,0,19,244.26,27.385,111.1631,0.3324
tbn,701,0,20,244.39,27.08,115.0177,0.331
tbn,701,0,21,244.545,26.795,122.1936,0.3191
tbn,701,0,22,244.725,26.53,126.1639,0.322
tbn,701,0,23,244.93,26.285,133.722,0.3183
tbn,701,0,24,245.16,26.06,137.4922,0.3255
tbn,701,0,25,245.41,25.86,145.3069,0.3162
tbn,701,0,26,245.68,25.685,148.7296,0.3276
tbn,701,0,27,245.965,25.535,155.8632,0.3178
tbn,701,0,28,246.265,25.415,160.4556,0.329
tbn,701,0,29,246.58,25.32,165.9715,0.3298
tbn,701,0,30,246.905,25.255,171.3761,0.3338
tbn,701,0,31,247.24,25.225,178.3239,0.3401
tbn,701,0,32,247.58,25.225,1.6761,0.3401
tbn,701,0,33,247.915,25.255,8.6239,0.3338
tbn,701,0,34,248.24,25.32,14.0285,0.3298
tbn,701,0,35,248.555,25.415,19.5444,0.329
tbn,701,0,36,248.855,25.535,24.1368,0.3178
tbn,701,0,37,249.14,25.685,31.2704,0.3276
tbn,701,0,38,249.41,25.86,34.6931,0.3162
tbn,701,0,39,249.66,26.06,42.5078,0.3255
tbn,701,0,40,249.89,26.285,46.278,0.3183
tbn,701,0,41,250.095,26.53,53.8361,0.322
tbn,701,0,42,250.275,26.795,57.8064,0.3191
tbn,701,0,43,250.43,27.08,64.9823,0.331
tbn,701,0,44,250.56,27.385,68.8369,0.3324
tbn,701,0,45,250.66,27.705,76.3759,0.3396
tbn,701,0,46,250.725,28.045,81.8702,0.3536
tbn,701,0,47,250.76,28.4,86.8194,0.3605
tbn,701,0,48,250.76,28.75,93.3675,0.3406
tbn,701,0,49,250.725,29.09,98.3657,0.3437
tbn,701,0,50,250.655,29.42,105.7077,0.3324
tbn,701,0,51,250.555,29.735,109.5369,0.3289
tbn,701,0,52,250.43,30.04,115.0177,0.331
tbn,701,0,53,250.275,30.33,121.2608,0.3276
tbn,701,0,54,250.09,30.595,128.6594,0.3202
tbn,701,0,55,249.88,30.84,132.5118,0.3256
tbn,701,0,56,249.65,31.07,137.494,0.3256
tbn,701,0,57,249.4,31.275,143.8409,0.322
tbn,701,0,58,249.13,31.455,148.7387,0.3276
tbn,701,0,59,248.845,31.61,154.229,0.322
tbn,701,0,60,248.545,31.735,160.4656,0.3289
tbn,701,0,61,248.235,31.83,165.5266,0.3202
tbn,701,0,62,247.915,31.895,171.3865,0.3338
tbn,701,0,63,247.58,31.93,176.6302,0.3406
tbn,701,1,0,247.28,25.935,177.7952,0.2602
tbn,701,1,1,247.03,25.96,170.543,0.2433
tbn,701,1,2,246.79,26.01,165.9646,0.2474
tbn,701,1,3,246.55,26.085,159.4376,0.2563
tbn,701,1,4,246.215,26.25,150.8338,0.4924
tbn,701,1,5,245.815,26.53,139.1436,0.4892
tbn,701,1,6,245.47,26.885,129.3689,0.5045
tbn,701,1,7,245.195,27.305,117.071,0.5054
tbn,701,1,8,245.035,27.655,109.7981,0.2657
tbn,701,1,9,244.96,27.905,103.4952,0.2571
tbn,701,1,10,244.91,28.165,98.43,0.2729
tbn,701,1,11,244.88,28.44,94.083,0.2807
tbn,701,1,12,244.88,28.71,85.6039,0.2608
tbn,701,1,13,244.905,28.975,83.6591,0.2716
tbn,701,1,14,244.95,29.235,76.5015,0.2571
tbn,701,1,15,245.02,29.48,71.5672,0.253
tbn,701,1,16,245.17,29.825,63.947,0.5009
tbn,701,1,17,245.43,30.245,52.4322,0.4921
tbn,701,1,18,245.765,30.605,41.7314,0.4958
tbn,701,1,19,246.165,30.895,30.1731,0.4974
tbn,701,1,20,246.5,31.065,20.5485,0.2563
tbn,701,1,21,246.745,31.14,13.4952,0.2571
tbn,701,1,22,247.0,31.19,8.7548,0.2631
tbn,701,1,23,247.27,31.22,4.0772,0.2807
tbn,701,1,24,247.545,31.22,175.7724,0.2707
tbn,701,1,25,247.815,31.19,171.5646,0.2729
tbn,701,1,26,248.075,31.14,166.5048,0.2571
tbn,701,1,27,248.315,31.065,158.6377,0.247
tbn,701,1,28,248.65,30.895,150.3957,0.5061
tbn,701,1,29,249.055,30.605,138.2686,0.4958
tbn,701,1,30,249.39,30.245,127.5678,0.4921
tbn,701,1,31,249.65,29.825,116.053,0.5009
tbn,701,1,32,249.8,29.48,108.4328,0.253
tbn,701,1,33,249.87,29.235,103.4985,0.2571
tbn,701,1,34,249.915,28.975,96.3409,0.2716
tbn,701,1,35,249.935,28.71,92.2013,0.2602
tbn,701,1,36,249.935,28.44,87.9559,0.2802
tbn,701,1,37,249.91,28.165,81.57,0.2729
tbn,701,1,38,249.86,27.905,76.5048,0.2571
tbn,701,1,39,249.785,27.655,70.2019,0.2657
tbn,701,1,40,249.62,27.305,61.9276,0.51
tbn,701,1,41,249.345,26.885,51.5211,0.4982
tbn,701,1,42,249.0,26.53,40.1012,0.4968
tbn,701,1,43,248.595,26.25,29.167,0.4924
tbn,701,1,44,248.265,26.085,21.3768,0.247
tbn,701,1,45,248.03,26.01,14.0354,0.2474
tbn,701,1,46,247.785,25.96,9.0854,0.2532
tbn,701,1,47,247.535,25.935,2.2928,0.2502
tbn,702,0,0,252.29,25.34,0.0,1.48
tbn,702,0,1,253.23,25.35,2.8651,0.4005
tbn,702,0,2,253.625,25.4,11.586,0.3981
tbn,702,0,3,254.005,25.5,17.9687,0.389
tbn,702,0,4,254.355,25.655,29.9317,0.3808
tbn,702,0,5,254.66,25.875,41.7604,0.3754
tbn,702,0,6,254.905,26.155,55.8845,0.3744
tbn,702,0,7,255.05,26.4,66.0474,0.197
tbn,702,0,8,255.12,26.5851,72.4711,0.1993
tbn,702,0,9,255.17,26.79,79.6955,0.2236
tbn,702,0,10,255.195,27.015,87.5116,0.2302
tbn,702,0,11,255.19,27.27,94.083,0.2807
tbn,702,0,12,255.145,27.545,104.5349,0.2789
tbn,702,0,13,255.05,27.81,114.7786,0.2863
tbn,702,0,14,254.915,28.055,123.1082,0.2746
tbn,702,0,15,254.745,28.2701,133.5275,0.2759
tbn,702,0,16,254.54,28.45,143.9774,0.272
tbn,702,0,17,254.31,28.595,151.5567,0.273
tbn,702,0,18,254.055,28.695,165.4643,0.2789
tbn,702,0,19,253.92,28.74,90.0,0.02
tbn,702,0,20,254.07,28.85,33.6914,0.3606
tbn,702,0,21,254.33,29.1,53.7449,0.372
tbn,702,0,22,254.505,29.42,69.0763,0.364
tbn,702,0,23,254.59,29.77,83.6606,0.3622
tbn,702,0,24,254.605,30.08,92.2013,0.2602
tbn,702,0,25,254.585,30.325,97.4317,0.2319
tbn,702,0,26,254.54,30.545,105.9432,0.2184
tbn,702,0,27,254.47,30.74,113.9638,0.197
tbn,702,0,28,254.32,30.985,125.3628,0.3801
tbn,702,0,29,254.065,31.255,141.5777,0.3702
tbn,702,0,30,253.755,31.45,154.1375,0.3667
tbn,702,0,31,253.395,31.58,165.6219,0.4026
tbn,702,0,32,252.995,31.655,173.0401,0.413
tbn,702,0,33,252.575,31.69,177.3426,0.4305
tbn,702,0,34,251.955,31.7,0.0,0.81
tbn,702,0,35,251.55,28.52,90.0,6.36
tbn,702,1,0,252.485,30.9901,0.0,0.21
tbn,702,1,1,252.72,30.9901,0.0,0.26
tbn,702,1,2,252.975,30.975,173.1506,0.2518
tbn,702,1,3,253.21,30.93,164.7456,0.228
tbn,702,1,4,253.42,30.85,153.4402,0.2236
tbn,702,1,5,253.6,30.735,140.9057,0.2062
tbn,702,1,6,253.74,30.575,122.2743,0.2247
tbn,702,1,7,253.84,30.365,109.1762,0.2436
tbn,702,1,8,253.895,30.095,95.5274,0.3114
tbn,702,1,9,253.895,29.785,84.4726,0.3114
tbn,702,1,10,253.84,29.51,71.564,0.253
tbn,702,1,11,253.74,29.295,57.7257,0.2247
tbn,702,1,12,253.595,29.13,39.4757,0.2202
tbn,702,1,13,253.415,29.015,25.3375,0.2102
tbn,702,1,14,253.205,28.94,14.6196,0.2377
tbn,702,1,15,252.965,28.895,6.8494,0.2518
tbn,702,1,16,252.705,28.875,2.1103,0.2702
tbn,702,1,17,252.475,28.8701,0.0,0.19
tbn,702,1,18,252.38,29.9301,90.0,2.12
tbn,702,2,0,252.615,28.28,0.0,0.47
tbn,702,2,1,252.98,28.275,177.7952,0.2602
tbn,702,2,2,253.24,28.255,173.4252,0.2617
tbn,702,2,3,253.5,28.2101,167.0056,0.2668
tbn,702,2,4,253.745,28.125,154.4302,0.255
tbn,702,2,5,253.965,28.0,146.3195,0.2524
tbn,702,2,6,254.15,27.8351,130.0985,0.2484
tbn,702,2,7,254.285,27.6151,113.7496,0.2731
tbn,702,2,8,254.36,27.3351,97.354,0.3126
tbn,702,2,9,254.365,27.0251,84.4726,0.3114
tbn,702,2,10,254.3,26.7451,68.1974,0.2693
tbn,702,2,11,254.18,26.5201,55.0097,0.2441
tbn,702,2,12,254.02,26.345,39.8113,0.2343
tbn,702,2,13,253.82,26.215,26.5619,0.246
tbn,702,2,14,253.59,26.125,16.2615,0.25
tbn,702,2,15,253.34,26.07,8.7416,0.2631
tbn,702,2,16,253.08,26.045,2.2047,0.2602
tbn,702,2,17,252.665,26.04,0.0,0.57
tbn,702,2,18,252.38,27.16,90.0,2.24
tbn,703,0,0,257.825,25.34,0.0,3.47
tbn,703,0,1,259.56,25.69,90.0,0.7
tbn,703,0,2,258.24,26.04,0.0,2.64
tbn,703,0,3,256.92,27.28,90.0,2.48
tbn,703,0,4,258.2,28.52,0.0,2.56
tbn,703,0,5,259.48,28.875,90.0,0.71
tbn,703,0,6,258.2,29.23,0.0,2.56
tbn,703,0,7,256.92,30.11,90.0,1.76
tbn,703,0,8,258.24,30.9901,0.0,2.64
tbn,703,0,9,259.56,31.345,90.0,0.71
tbn,703,0,10,257.825,31.7,0.0,3.47
tbn,703,0,11,256.09,28.52,90.0,6.36
tbn,704,0,0,262.7,28.165,11.6349,0.3471
tbn,704,0,1,263.015,28.265,24.1457,0.3178
tbn,704,0,2,263.29,28.42,34.6931,0.3162
tbn,704,0,3,263.53,28.625,46.2744,0.3182
tbn,704,0,4,263.73,28.865,54.2426,0.3081
tbn,704,0,5,263.88,29.135,67.5241,0.3139
tbn,704,0,6,263.98,29.435,75.5319,0.3202
tbn,704,0,7,264.035,29.755,84.8051,0.3313
tbn,704,0,8,264.025,30.14,96.4815,0.4428
tbn,704,0,9,263.92,30.565,111.3167,0.4401
tbn,704,0,10,263.715,30.95,124.7789,0.4383
tbn,704,0,11,263.42,31.27,140.5243,0.4405
tbn,704,0,12,263.045,31.49,158.6855,0.4401
tbn,704,0,13,262.62,31.615,168.4366,0.4491
tbn,704,0,14,262.18,31.68,174.8084,0.4418
tbn,704,0,15,261.735,31.7,0.0,0.45
tbn,704,0,16,261.01,31.7,0.0,1.0
tbn,704,0,17,260.51,28.52,90.0,6.36
tbn,704,0,18,260.925,25.34,0.0,0.83
tbn,704,0,19,261.34,26.695,90.0,2.71
tbn,704,0,20,261.51,28.05,0.0,0.34
tbn,704,0,21,262.635,26.695,125.1765,3.3154
tbn,704,0,22,264.06,25.34,0.0,0.94
tbn,704,0,23,263.53,26.735,125.6349,3.4328
tbn,704,1,0,261.45,30.99,0.0,0.22
tbn,704,1,1,261.71,30.99,0.0,0.3
tbn,704,1,2,262.02,30.975,174.6499,0.3214
tbn,704,1,3,262.33,30.93,168.6912,0.306
tbn,704,1,4,262.615,30.85,159.6693,0.2879
tbn,704,1,5,262.87,30.73,149.7508,0.2778
tbn,704,1,6,263.085,30.565,135.0,0.2687
tbn,704,1,7,263.24,30.34,114.7734,0.2864
tbn,704,1,8,263.32,30.05,97.1264,0.3225
tbn,704,1,9,263.32,29.72,83.2893,0.3424
tbn,704,1,10,263.245,29.42,67.0714,0.2823
tbn,704,1,11,263.1,29.19,48.007,0.269
tbn,704,1,12,262.895,29.02,31.3301,0.2693
tbn,704,1,13,262.65,28.9,21.0438,0.2786
tbn,704,1,14,262.37,28.82,11.3099,0.3059
tbn,704,1,15,262.065,28.775,5.5218,0.3114
tbn,704,1,16,261.755,28.755,1.8494,0.3102
tbn,704,1,17,261.47,28.75,0.0,0.26
tbn,704,1,18,261.34,29.87,90.0,2.24
tbn,705,0,0,267.65,30.99,0.0,1.52
tbn,705,0,1,268.41,31.345,90.0,0.71
tbn,705,0,2,266.48,31.7,0.0,3.86
tbn,705,0,3,264.55,31.345,90.0,0.71
tbn,705,0,4,265.31,30.99,0.0,1.52
tbn,705,0,5,266.07,28.165,90.0,5.65
tbn,705,0,6,266.48,25.34,0.0,0.82
tbn,705,0,7,266.89,28.165,90.0,5.65
tbn,706,0,0,273.63,28.165,11.6349,0.3471
tbn,706,0,1,273.95,28.265,23.4282,0.327
tbn,706,0,2,274.225,28.42,35.7528,0.3081
tbn,706,0,3,274.46,28.625,46.2744,0.3182
tbn,706,0,4,274.66,28.865,54.2426,0.3081
tbn,706,0,5,274.81,29.135,67.5241,0.3139
tbn,706,0,6,274.91,29.435,75.5319,0.3202
tbn,706,0,7,274.965,29.755,84.8051,0.3313
tbn,706,0,8,274.955,30.14,96.4815,0.4428
tbn,706,0,9,274.85,30.565,111.3167,0.4401
tbn,706,0,10,274.645,30.95,124.7789,0.4383
tbn,706,0,11,274.35,31.27,140.5243,0.4405
tbn,706,0,12,273.975,31.49,158.6855,0.4401
tbn,706,0,13,273.55,31.615,168.4366,0.4491
tbn,706,0,14,273.11,31.68,174.8084,0.4418
tbn,706,0,15,272.665,31.7,0.0,0.45
tbn,706,0,16,271.94,31.7,0.0,1.0
tbn,706,0,17,271.44,28.52,90.0,6.36
tbn,706,0,18,271.855,25.34,0.0,0.83
tbn,706,0,19,272.27,26.695,90.0,2.71
tbn,706,0,20,272.44,28.05,0.0,0.34
tbn,706,0,21,273.565,26.695,125.1765,3.3154
tbn,706,0,22,274.99,25.34,0.0,0.94
tbn,706,0,23,274.46,26.735,125.6349,3.4328
tbn,706,1,0,272.38,30.99,0.0,0.22
tbn,706,1,1,272.645,30.99,0.0,0.31
tbn,706,1,2,272.955,30.975,174.4782,0.3114
tbn,706,1,3,273.26,30.93,168.6912,0.306
tbn,706,1,4,273.545,30.85,159.6693,0.2879
tbn,706,1,5,273.8,30.73,149.7508,0.2778
tbn,706,1,6,274.015,30.565,135.0,0.2687
tbn,706,1,7,274.17,30.34,114.7734,0.2864
tbn,706,1,8,274.25,30.05,97.1264,0.3225
tbn,706,1,9,274.25,29.72,83.2893,0.3424
tbn,706,1,10,274.175,29.42,67.0714,0.2823
tbn,706,1,11,274.03,29.19,48.007,0.269
tbn,706,1,12,273.825,29.02,31.3301,0.2693
tbn,706,1,13,273.58,28.9,21.0438,0.2786
tbn,706,1,14,273.3,28.82,11.3099,0.3059
tbn,706,1,15,272.995,28.775,5.5218,0.3114
tbn,706,1,16,272.685,28.755,1.8494,0.3102
tbn,706,1,17,272.4,28.75,0.0,0.26
tbn,706,1,18,272.27,29.87,90.0,2.24
tbn,707,0,0,279.39,28.165,90.0,0.71
tbn,707,0,1,280.195,27.81,0.0,1.61
tbn,707,0,2,280.97,27.62,81.0278,0.3847
tbn,707,0,3,280.875,27.255,69.6259,0.3733
tbn,707,0,4,280.705,26.92,56.723,0.3828
tbn,707,0,5,280.465,26.62,46.0395,0.3889
tbn,707,0,6,280.175,26.365,36.5782,0.386
tbn,707,0,7,279.85,26.16,27.8966,0.3847
tbn,707,0,8,279.5,26.015,16.988,0.3764
tbn,707,0,9,279.135,25.945,4.64,0.3712
tbn,707,0,10,278.825,25.935,177.7072,0.2502
tbn,707,0,11,278.58,25.96,170.5282,0.2433
tbn,707,0,12,278.345,26.015,163.0716,0.2404
tbn,707,0,13,278.115,26.095,158.6377,0.247
tbn,707,0,14,277.795,26.265,148.6253,0.4802
tbn,707,0,15,277.41,26.555,137.4893,0.4884
tbn,707,0,16,277.085,26.915,126.6339,0.486
tbn,707,0,17,276.825,27.325,118.14,0.4876
tbn,707,0,18,276.64,27.775,106.59,0.4904
tbn,707,0,19,276.545,28.255,95.825,0.4925
tbn,707,0,20,276.53,28.64,85.917,0.2807
tbn,707,0,21,276.555,28.915,83.6605,0.2717
tbn,707,0,22,276.6,29.18,77.0034,0.2668
tbn,707,0,23,276.675,29.435,70.2019,0.2657
tbn,707,0,24,276.83,29.795,64.9178,0.519
tbn,707,0,25,277.095,30.23,52.222,0.506
tbn,707,0,26,277.43,30.595,42.5107,0.4884
tbn,707,0,27,277.825,30.885,30.1739,0.4974
tbn,707,0,28,278.155,31.06,23.5052,0.2508
tbn,707,0,29,278.39,31.14,14.0362,0.2474
tbn,707,0,30,278.635,31.19,9.0854,0.2532
tbn,707,0,31,278.89,31.22,4.4028,0.2608
tbn,707,0,32,279.165,31.22,176.0511,0.2907
tbn,707,0,33,279.45,31.18,167.9057,0.2864
tbn,707,0,34,279.725,31.105,161.5592,0.2846
tbn,707,0,35,279.99,30.995,153.4349,0.2907
tbn,707,0,36,280.245,30.85,147.3851,0.2968
tbn,707,0,37,280.485,30.675,140.4376,0.2983
tbn,707,0,38,280.705,30.475,135.0,0.297
tbn,707,0,39,280.9,30.25,126.8699,0.3
tbn,707,0,40,281.25,30.41,47.1216,0.7642
tbn,707,0,41,281.39,30.835,129.6058,0.3765
tbn,707,0,42,281.135,31.105,137.2047,0.368
tbn,707,0,43,280.855,31.335,144.0933,0.358
tbn,707,0,44,280.55,31.53,150.6438,0.3672
tbn,707,0,45,280.225,31.69,157.0083,0.3585
tbn,707,0,46,279.885,31.81,164.0493,0.364
tbn,707,0,47,279.53,31.89,170.5385,0.365
tbn,707,0,48,279.17,31.93,176.8266,0.3605
tbn,707,0,49,278.82,31.93,3.3595,0.3406
tbn,707,0,50,278.49,31.895,8.889,0.3239
tbn,707,0,51,278.175,31.825,16.1835,0.3228
tbn,707,0,52,277.865,31.725,19.5344,0.3289
tbn,707,0,53,277.57,31.595,28.1826,0.3177
tbn,707,0,54,277.295,31.435,32.1913,0.3191
tbn,707,0,55,277.03,31.25,37.5725,0.328
tbn,707,0,56,276.785,31.04,43.7297,0.3183
tbn,707,0,57,276.565,30.81,48.8141,0.3189
tbn,707,0,58,276.36,30.555,53.4653,0.336
tbn,707,0,59,276.18,30.28,60.2571,0.3225
tbn,707,0,60,276.03,29.985,65.6977,0.3401
tbn,707,0,61,275.905,29.67,71.0275,0.3384
tbn,707,0,62,275.81,29.345,76.3759,0.3396
tbn,707,0,63,275.745,29.005,81.8664,0.3535
tbn,707,0,64,275.71,28.655,86.7311,0.3505
tbn,707,0,65,275.705,28.315,91.7373,0.3302
tbn,707,0,66,275.735,27.995,99.1602,0.314
tbn,707,0,67,275.8,27.685,104.4734,0.3202
tbn,707,0,68,275.895,27.38,110.1346,0.3195
tbn,707,0,69,276.02,27.09,116.5651,0.3131
tbn,707,0,70,276.17,26.815,120.6446,0.3139
tbn,707,0,71,276.345,26.555,127.2352,0.314
tbn,707,0,72,276.545,26.31,131.1901,0.3189
tbn,707,0,73,276.76,26.085,136.3377,0.3041
tbn,707,0,74,276.995,25.885,142.7648,0.314
tbn,707,0,75,277.255,25.705,147.7965,0.3191
tbn,707,0,76,277.525,25.55,152.5992,0.3041
tbn,707,0,77,277.81,25.425,159.857,0.3196
tbn,707,0,78,278.11,25.33,165.0758,0.3105
tbn,707,0,79,278.42,25.265,171.111,0.3239
tbn,707,0,80,278.74,25.23,176.4311,0.3206
tbn,707,0,81,279.065,25.225,1.7375,0.3301
tbn,707,0,82,279.38,25.255,9.4595,0.3042
tbn,707,0,83,279.675,25.315,13.5728,0.2983
tbn,707,0,84,279.96,25.4,19.6495,0.2973
tbn,707,0,85,280.23,25.515,26.5651,0.2907
tbn,707,0,86,280.48,25.655,32.0106,0.283
tbn,707,0,87,280.71,25.815,37.6913,0.278
tbn,707,0,88,280.92,26.0,45.0,0.2829
tbn,707,0,89,281.11,26.205,49.3946,0.2766
tbn,707,0,90,281.28,26.425,55.1797,0.2802
tbn,707,0,91,281.43,26.67,61.7029,0.2953
tbn,707,0,92,281.56,26.93,65.2159,0.2863
tbn,707,0,93,281.665,27.205,72.7614,0.3037
tbn,707,0,94,281.74,27.495,78.3102,0.2961
tbn,707,0,95,281.79,27.795,82.646,0.3126
tbn,707,0,96,281.82,28.11,86.4257,0.3206
tbn,707,0,97,281.83,28.395,90.0,0.25
tbn,707,0,98,280.61,28.52,0.0,2.44
tbn,708,0,0,283.085,25.34,0.0,0.83
tbn,708,0,1,283.5,27.735,90.0,4.79
tbn,708,0,2,285.855,27.6,132.9485,6.9129
tbn,708,0,3,288.21,28.385,90.0,6.63
tbn,708,0,4,287.8,31.7,0.0,0.82
tbn,708,0,5,287.39,29.38,90.0,4.64
tbn,708,0,6,285.03,29.535,133.6374,6.8397
tbn,708,0,7,282.67,28.675,90.0,6.67
tbn,709,0,0,289.75,31.7,0.0,0.82
tbn,709,0,1,289.34,28.52,90.0,6.36
tbn,709,0,2,290.72,25.34,0.0,2.76
tbn,709,0,3,292.1,25.69,90.0,0.7
tbn,709,0,4,291.13,26.04,0.0,1.94
tbn,709,0,5,290.16,28.87,90.0,5.66
tbn,710,0,0,298.18,31.345,90.0,0.71
tbn,710,0,1,296.62,31.7,0.0,3.12
tbn,710,0,2,295.06,28.52,90.0,6.36
tbn,710,0,3,295.47,25.34,0.0,0.82
tbn,710,0,4,295.88,26.93,90.0,3.1801
tbn,710,0,5,296.99,28.52,0.0,2.22
tbn,710,0,6,298.1,28.875,90.0,0.71
tbn,710,0,7,296.99,29.23,0.0,2.22
tbn,710,0,8,295.88,30.11,90.0,1.76
tbn,710,0,9,297.03,30.99,0.0,2.3
tbn,711,0,0,301.8,31.93,3.3698,0.3406
tbn,711,0,1,301.465,31.895,8.6131,0.3338
tbn,711,0,2,301.14,31.83,14.0401,0.3298
tbn,711,0,3,300.825,31.735,19.5344,0.3289
tbn,711,0,4,300.525,31.61,25.771,0.322
tbn,711,0,5,300.24,31.455,31.2613,0.3276
tbn,711,0,6,299.975,31.275,37.2352,0.314
tbn,711,0,7,299.725,31.07,41.344,0.333
tbn,711,0,8,299.495,30.84,48.8141,0.3189
tbn,711,0,9,299.29,30.595,51.3385,0.3202
tbn,711,0,10,299.105,30.33,58.7369,0.3276
tbn,711,0,11,298.95,30.04,64.9847,0.331
tbn,711,0,12,298.82,29.735,68.8394,0.3324
tbn,711,0,13,298.72,29.42,75.9612,0.3299
tbn,711,0,14,298.655,29.09,81.6368,0.3437
tbn,711,0,15,298.62,28.75,86.635,0.3406
tbn,711,0,16,298.62,28.4,93.1782,0.3605
tbn,711,0,17,298.655,28.045,98.1273,0.3536
tbn,711,0,18,298.72,27.705,103.6291,0.3396
tbn,711,0,19,298.815,27.385,109.5344,0.3289
tbn,711,0,20,298.945,27.08,116.5651,0.3354
tbn,711,0,21,299.105,26.795,122.1959,0.3191
tbn,711,0,22,299.285,26.53,126.1639,0.322
tbn,711,0,23,299.49,26.285,133.722,0.3183
tbn,711,0,24,299.72,26.06,137.4922,0.3255
tbn,711,0,25,299.97,25.86,145.3069,0.3162
tbn,711,0,26,300.235,25.685,147.7965,0.3191
tbn,711,0,27,300.52,25.535,156.5816,0.327
tbn,711,0,28,300.825,25.415,160.4556,0.329
tbn,711,0,29,301.135,25.32,165.5372,0.3201
tbn,711,0,30,301.46,25.255,171.626,0.3437
tbn,711,0,31,301.8,25.225,178.3239,0.3401
tbn,711,0,32,302.14,25.225,1.6761,0.3401
tbn,711,0,33,302.475,25.255,8.6235,0.3338
tbn,711,0,34,302.8,25.32,14.0298,0.3298
tbn,711,0,35,303.115,25.415,19.5444,0.329
tbn,711,0,36,303.415,25.535,24.1357,0.3178
tbn,711,0,37,303.7,25.685,31.2704,0.3276
tbn,711,0,38,303.97,25.86,34.6931,0.3162
tbn,711,0,39,304.215,26.06,43.7256,0.3182
tbn,711,0,40,304.44,26.285,46.278,0.3183
tbn,711,0,41,304.65,26.53,52.4243,0.328
tbn,711,0,42,304.835,26.795,57.8041,0.3191
tbn,711,0,43,304.99,27.08,64.9847,0.331
tbn,711,0,44,305.115,27.385,70.4606,0.3289
tbn,711,0,45,305.215,27.705,74.7462,0.3421
tbn,711,0,46,305.285,28.045,81.8727,0.3536
tbn,711,0,47,305.32,28.4,86.8218,0.3605
tbn,711,0,48,305.32,28.75,93.365,0.3406
tbn,711,0,49,305.285,29.09,98.3632,0.3437
tbn,711,0,50,305.215,29.42,105.7077,0.3324
tbn,711,0,51,305.115,29.735,109.5394,0.3289
tbn,711,0,52,304.985,30.04,116.5651,0.3354
tbn,711,0,53,304.825,30.33,121.2631,0.3276
tbn,711,0,54,304.645,30.595,127.2352,0.314
tbn,711,0,55,304.44,30.84,132.5118,0.3256
tbn,711,0,56,304.21,31.07,137.4922,0.3255
tbn,711,0,57,303.96,31.275,143.8425,0.322
tbn,711,0,58,303.69,31.455,148.7387,0.3276
tbn,711,0,59,303.405,31.61,154.2266,0.322
tbn,711,0,60,303.105,31.735,160.4656,0.3289
tbn,711,0,61,302.79,31.83,165.9612,0.3299
tbn,711,0,62,302.465,31.895,171.3869,0.3338
tbn,711,0,63,302.135,31.93,176.5283,0.3306
tbn,711,1,0,301.84,25.935,177.7953,0.2602
tbn,711,1,1,301.585,25.96,170.9146,0.2532
tbn,711,1,2,301.34,26.01,165.9638,0.2474
tbn,711,1,3,301.105,26.085,158.6245,0.247
tbn,711,1,4,300.775,26.25,150.833,0.4924
tbn,711,1,5,300.375,26.53,139.1436,0.4892
tbn,711,1,6,300.03,26.885,129.3689,0.5045
tbn,711,1,7,299.75,27.305,118.0709,0.51
tbn,711,1,8,299.59,27.655,107.7482,0.2625
tbn,711,1,9,299.52,27.905,103.4952,0.2571
tbn,711,1,10,299.47,28.165,98.4237,0.2729
tbn,711,1,11,299.44,28.44,94.0892,0.2807
tbn,711,1,12,299.435,28.71,87.7953,0.2602
tbn,711,1,13,299.46,28.975,81.57,0.2729
tbn,711,1,14,299.51,29.235,76.5048,0.2571
tbn,711,1,15,299.58,29.48,71.5672,0.253
tbn,711,1,16,299.73,29.825,63.947,0.5009
tbn,711,1,17,299.99,30.245,52.4308,0.4921
tbn,711,1,18,300.325,30.605,41.7314,0.4958
tbn,711,1,19,300.725,30.895,30.1739,0.4974
tbn,711,1,20,301.06,31.065,20.5497,0.2563
tbn,711,1,21,301.305,31.14,13.4952,0.2571
tbn,711,1,22,301.56,31.19,8.7542,0.2631
tbn,711,1,23,301.83,31.22,4.0772,0.2807
tbn,711,1,24,302.105,31.22,175.7722,0.2707
tbn,711,1,25,302.37,31.19,171.2458,0.2631
tbn,711,1,26,302.625,31.14,166.5048,0.2571
tbn,711,1,27,302.87,31.065,159.4503,0.2563
tbn,711,1,28,303.205,30.895,149.8278,0.4974
tbn,711,1,29,303.605,30.605,138.2686,0.4958
tbn,711,1,30,303.94,30.245,127.5664,0.492
tbn,711,1,31,304.2,29.825,116.053,0.5009
tbn,711,1,32,304.35,29.48,108.4393,0.253
tbn,711,1,33,304.42,29.235,103.4952,0.2571
tbn,711,1,34,304.47,28.975,98.4237,0.2729
tbn,711,1,35,304.495,28.71,92.2047,0.2602
tbn,711,1,36,304.495,28.44,87.9528,0.2802
tbn,711,1,37,304.47,28.165,81.5763,0.2729
tbn,711,1,38,304.415,27.905,74.3562,0.2596
tbn,711,1,39,304.34,27.655,72.2518,0.2625
tbn,711,1,40,304.18,27.305,61.9291,0.51
tbn,711,1,41,303.905,26.885,51.5211,0.4982
tbn,711,1,42,303.56,26.53,40.1012,0.4968
tbn,711,1,43,303.155,26.25,29.167,0.4924
tbn,711,1,44,302.825,26.085,21.3755,0.247
tbn,711,1,45,302.59,26.01,14.0362,0.2474
tbn,711,1,46,302.345,25.96,9.0854,0.2532
tbn,711,1,47,302.095,25.935,2.2928,0.2502
tbn,712,0,0,308.295,28.165,11.9778,0.3373
tbn,712,0,1,308.61,28.265,23.4282,0.327
tbn,712,0,2,308.89,28.42,34.6931,0.3162
tbn,712,0,3,309.13,28.625,46.2744,0.3182
tbn,712,0,4,309.325,28.865,55.7822,0.3023
tbn,712,0,5,309.475,29.135,65.8565,0.3178
tbn,712,0,6,309.58,29.435,75.5319,0.3202
tbn,712,0,7,309.63,29.755,86.5279,0.3306
tbn,712,0,8,309.615,30.14,96.4854,0.4428
tbn,712,0,9,309.51,30.565,111.3167,0.4401
tbn,712,0,10,309.305,30.95,124.7789,0.4383
tbn,712,0,11,309.01,31.27,140.5243,0.4405
tbn,712,0,12,308.635,31.49,158.6855,0.4401
tbn,712,0,13,308.215,31.615,168.1749,0.4393
tbn,712,0,14,307.775,31.68,174.923,0.4518
tbn,712,0,15,307.33,31.7,0.0,0.44
tbn,712,0,16,306.61,31.7,0.0,1.0
tbn,712,0,17,306.11,28.52,90.0,6.36
tbn,712,0,18,306.52,25.34,0.0,0.82
tbn,712,0,19,306.93,26.695,90.0,2.71
tbn,712,0,20,307.1,28.05,0.0,0.34
tbn,712,0,21,308.23,26.695,125.3172,3.3212
tbn,712,0,22,309.66,25.34,0.0,0.94
tbn,712,0,23,309.13,26.735,125.6349,3.4328
tbn,712,1,0,307.04,30.99,0.0,0.22
tbn,712,1,1,307.305,30.99,0.0,0.31
tbn,712,1,2,307.615,30.975,174.4788,0.3115
tbn,712,1,3,307.92,30.93,168.6901,0.3059
tbn,712,1,4,308.21,30.85,160.3395,0.2973
tbn,712,1,5,308.465,30.73,148.681,0.2692
tbn,712,1,6,308.675,30.565,135.0,0.2687
tbn,712,1,7,308.83,30.34,114.7734,0.2864
tbn,712,1,8,308.915,30.05,98.8783,0.3239
tbn,712,1,9,308.92,29.72,83.2893,0.3424
tbn,712,1,10,308.84,29.42,65.2266,0.2864
tbn,712,1,11,308.69,29.19,48.007,0.269
tbn,712,1,12,308.49,29.02,32.4738,0.2608
tbn,712,1,13,308.245,28.9,20.3307,0.2879
tbn,712,1,14,307.965,28.82,11.6886,0.2961
tbn,712,1,15,307.665,28.775,5.5218,0.3114
tbn,712,1,16,307.35,28.755,1.7916,0.3202
tbn,712,1,17,307.06,28.75,0.0,0.26
tbn,712,1,18,306.93,29.87,90.0,2.24
tbn,713,0,0,311.13,25.34,0.0,0.82
tbn,713,0,1,311.54,27.735,90.0,4.79
tbn,713,0,2,313.9,27.6,133.0089,6.9197
tbn,713,0,3,316.26,28.385,90.0,6.63
tbn,713,0,4,315.845,31.7,0.0,0.83
tbn,713,0,5,315.43,29.38,90.0,4.64
tbn,713,0,6,313.075,29.535,133.5767,6.8328
tbn,713,0,7,310.72,28.675,90.0,6.67
tbn,714,0,0,319.11,25.34,0.0,3.46
tbn,714,0,1,320.84,25.69,90.0,0.7
tbn,714,0,2,319.52,26.04,0.0,2.64
tbn,714,0,3,318.2,27.28,90.0,2.48
tbn,714,0,4,319.485,28.52,0.0,2.57
tbn,714,0,5,320.77,28.875,90.0,0.71
tbn,714,0,6,319.485,29.23,0.0,2.57
tbn,714,0,7,318.2,30.11,90.0,1.76
tbn,714,0,8,319.52,30.9901,0.0,2.64
tbn,714,0,9,320.84,31.345,90.0,0.71
tbn,714,0,10,319.11,31.7,0.0,3.46
tbn,714,0,11,317.38,28.52,90.0,6.36
tbn,715,0,0,323.22,26.75,90.0,2.82
tbn,715,0,1,323.63,25.34,0.0,0.82
tbn,715,0,2,324.04,26.75,90.0,2.82
tbn,715,0,3,325.085,29.93,59.4425,4.1109
tbn,715,0,4,325.67,31.7,0.0,0.92
tbn,715,0,5,324.42,30.37,59.2903,3.0938
tbn,715,0,6,322.835,30.37,120.8688,3.099
tbn,715,0,7,321.585,31.7,0.0,0.91
tbn,715,0,8,322.175,29.93,120.5575,4.1109
tbn,716,0,0,332.24,31.345,90.0,0.71
tbn,716,0,1,330.68,31.7,0.0,3.12
tbn,716,0,2,329.12,28.52,90.0,6.36
tbn,716,0,3,329.53,25.34,0.0,0.82
tbn,716,0,4,329.94,26.93,90.0,3.1801
tbn,716,0,5,331.055,28.52,0.0,2.23
tbn,716,0,6,332.17,28.875,90.0,0.71
tbn,716,0,7,331.055,29.23,0.0,2.23
tbn,716,0,8,329.94,30.11,90.0,1.76
tbn,716,0,9,331.09,30.99,0.0,2.3
tbn,717,0,0,333.555,31.7,0.0,0.83
tbn,717,0,1,333.14,28.52,90.0,6.36
tbn,717,0,2,334.525,25.34,0.0,2.77
tbn,717,0,3,335.91,25.69,90.0,0.7
tbn,717,0,4,334.94,26.04,0.0,1.94
tbn,717,0,5,333.97,28.87,90.0,5.66
tbn,718,0,0,337.07,25.34,0.0,1.32
tbn,718,0,1,337.915,25.345,1.5497,0.3701
tbn,718,0,2,338.28,25.365,4.7588,0.3612
tbn,718,0,3,338.635,25.41,9.727,0.3551
tbn,718,0,4,338.98,25.485,14.8309,0.3517
tbn,718,0,5,339.305,25.585,19.5344,0.3289
tbn,718,0,6,339.61,25.71,25.0179,0.3311
tbn,718,0,7,339.9,25.86,29.7408,0.3225
tbn,718,0,8,340.17,26.03,34.7021,0.3163
tbn,718,0,9,340.415,26.23,43.7256,0.3182
tbn,718,0,10,340.635,26.455,47.6013,0.3114
tbn,718,0,11,340.83,26.705,56.3084,0.3245
tbn,718,0,12,340.995,26.985,62.6493,0.3265
tbn,718,0,13,341.135,27.285,67.2481,0.3362
tbn,718,0,14,341.24,27.615,77.1284,0.3591
tbn,718,0,15,341.31,27.975,80.7892,0.3748
tbn,718,0,16,341.35,28.355,87.0616,0.3905
tbn,718,0,17,341.35,28.745,92.9389,0.3905
tbn,718,0,18,341.31,29.12,99.4607,0.365
tbn,718,0,19,341.235,29.47,104.8273,0.3517
tbn,718,0,20,341.13,29.795,111.1606,0.3324
tbn,718,0,21,340.995,30.09,118.1751,0.3177
tbn,718,0,22,340.825,30.36,126.1575,0.322
tbn,718,0,23,340.625,30.605,132.4028,0.3114
tbn,718,0,24,340.405,30.825,137.5972,0.3114
tbn,718,0,25,340.16,31.0201,145.3069,0.3162
tbn,718,0,26,339.89,31.19,150.2592,0.3225
tbn,718,0,27,339.605,31.335,155.8543,0.3178
tbn,718,0,28,339.3,31.455,161.0307,0.3384
tbn,718,0,29,338.975,31.55,166.3709,0.3396
tbn,718,0,30,338.64,31.62,169.9923,0.3452
tbn,718,0,31,338.295,31.67,173.4839,0.3523
tbn,718,0,32,337.94,31.695,178.4072,0.3601
tbn,718,0,33,337.085,31.7,0.0,1.35
tbn,718,0,34,336.41,28.52,90.0,6.36
tbn,718,1,0,337.37,30.9901,0.0,0.28
tbn,718,1,1,337.66,30.9901,0.0,0.3
tbn,718,1,2,337.96,30.975,174.2842,0.3015
tbn,718,1,3,338.25,30.945,173.8909,0.2816
tbn,718,1,4,338.53,30.9001,167.9057,0.2864
tbn,718,1,5,338.8,30.8351,164.9289,0.2692
tbn,718,1,6,339.055,30.75,158.1914,0.2693
tbn,718,1,7,339.295,30.645,154.4441,0.255
tbn,718,1,8,339.52,30.525,149.42,0.2555
tbn,718,1,9,339.73,30.38,141.3466,0.2561
tbn,718,1,10,339.915,30.2101,133.3617,0.2476
tbn,718,1,11,340.08,30.0201,128.6587,0.2561
tbn,718,1,12,340.225,29.805,119.4724,0.2642
tbn,718,1,13,340.34,29.565,111.8026,0.2693
tbn,718,1,14,340.43,29.3,105.9446,0.2912
tbn,718,1,15,340.495,29.01,99.4604,0.3041
tbn,718,1,16,340.525,28.69,91.6862,0.3402
tbn,718,1,17,340.525,28.35,88.3135,0.3401
tbn,718,1,18,340.495,28.03,80.5415,0.3042
tbn,718,1,19,340.43,27.74,74.0554,0.2912
tbn,718,1,20,340.34,27.475,68.1974,0.2693
tbn,718,1,21,340.225,27.235,60.5211,0.2642
tbn,718,1,22,340.08,27.0201,51.3413,0.2561
tbn,718,1,23,339.915,26.83,46.6383,0.2476
tbn,718,1,24,339.73,26.66,38.6641,0.2562
tbn,718,1,25,339.52,26.515,30.58,0.2555
tbn,718,1,26,339.295,26.39,27.5507,0.2594
tbn,718,1,27,339.055,26.285,19.7919,0.2657
tbn,718,1,28,338.8,26.205,15.0711,0.2692
tbn,718,1,29,338.53,26.14,12.0943,0.2864
tbn,718,1,30,338.25,26.09,8.138,0.2828
tbn,718,1,31,337.96,26.06,3.806,0.3007
tbn,718,1,32,337.66,26.045,1.9111,0.3002
tbn,718,1,33,337.37,26.04,0.0,0.28
tbn,718,1,34,337.23,28.515,90.0,4.95
tbn,719,0,0,172.105,567.08,0.0,0.87
tbn,719,0,1,173.005,563.775,111.9954,7.1289
tbn,719,0,2,175.245,562.82,68.938,5.0365
tbn,719,0,3,177.06,562.82,111.168,5.0401
tbn,719,0,4,179.3,563.775,68.0791,7.1251
tbn,719,0,5,180.195,567.08,0.0,0.87
tbn,719,0,6,178.865,564.815,68.4388,4.8708
tbn,719,0,7,177.06,564.93,110.9244,5.0961
tbn,719,0,8,175.25,564.975,68.9214,5.0049
tbn,719,0,9,173.445,564.86,112.1786,4.7948
tbn,720,0,0,185.295,561.535,113.8656,1.8043
tbn,720,0,1,186.09,560.71,0.0,0.86
tbn,720,0,2,184.985,564.055,114.65,7.3608
tbn,720,0,3,181.92,564.055,65.4207,7.3566
tbn,720,0,4,180.82,560.71,0.0,0.86
tbn,720,0,5,181.615,561.535,66.1344,1.8043
tbn,720,0,6,183.455,562.36,0.0,2.95
tbn,720,1,0,183.455,563.07,0.0,2.29
tbn,720,1,1,182.88,564.365,66.2431,2.8298
tbn,720,1,2,184.025,564.365,113.9418,2.8338
tbn,721,0,0,188.48,562.12,90.0,2.82
tbn,721,0,1,188.89,560.71,0.0,0.82
tbn,721,0,2,189.3,562.12,90.0,2.82
tbn,721,0,3,190.345,565.305,59.5133,4.1195
tbn,721,0,4,190.93,567.08,0.0,0.92
tbn,721,0,5,189.68,565.745,59.3846,3.1025
tbn,721,0,6,188.1,565.745,120.6154,3.1025
tbn,721,0,7,186.85,567.08,0.0,0.92
tbn,721,0,8,187.435,565.305,120.4867,4.1195
tbn,722,0,0,192.34,560.71,0.0,0.82
tbn,722,0,1,192.75,563.11,90.0,4.8
tbn,722,0,2,195.11,562.98,133.0089,6.9197
tbn,722,0,3,197.47,563.765,90.0,6.63
tbn,722,0,4,197.055,567.08,0.0,0.83
tbn,722,0,5,196.64,564.755,90.0,4.65
tbn,722,0,6,194.285,564.905,133.5768,6.8328
tbn,722,0,7,191.93,564.045,90.0,6.67
tbn,723,0,0,200.32,560.71,0.0,3.46
tbn,723,0,1,202.05,561.065,90.0,0.71
tbn,723,0,2,200.735,561.42,0.0,2.63
tbn,723,0,3,199.42,562.655,90.0,2.47
tbn,723,0,4,200.7,563.89,0.0,2.56
tbn,723,0,5,201.98,564.245,90.0,0.71
tbn,723,0,6,200.7,564.6,0.0,2.56
tbn,723,0,7,199.42,565.485,90.0,1.77
tbn,723,0,8,200.735,566.37,0.0,2.63
tbn,723,0,9,202.05,566.725,90.0,0.71
tbn,723,0,10,200.32,567.08,0.0,3.46
tbn,723,0,11,198.59,563.895,90.0,6.37
tbn,724,0,0,206.5,566.485,123.6901,0.2524
tbn,724,0,1,206.345,566.685,131.8198,0.255
tbn,724,0,2,206.17,566.86,138.3677,0.2408
tbn,724,0,3,205.975,567.005,148.2393,0.247
tbn,724,0,4,205.76,567.125,153.4353,0.246
tbn,724,0,5,205.535,567.215,163.0718,0.2404
tbn,724,0,6,205.295,567.275,168.6902,0.255
tbn,724,0,7,205.04,567.305,177.7974,0.2602
tbn,724,0,8,204.735,567.295,4.8993,0.3513
tbn,724,0,9,204.385,567.24,12.8748,0.359
tbn,724,0,10,204.05,567.135,22.1098,0.3454
tbn,724,0,11,203.745,566.98,31.8267,0.3413
tbn,724,0,12,203.48,566.77,44.9993,0.3394
tbn,724,0,13,203.265,566.51,55.8422,0.3384
tbn,724,0,14,203.11,566.21,69.4423,0.3418
tbn,724,0,15,203.03,565.86,83.992,0.3821
tbn,724,0,16,203.025,565.51,95.3556,0.3214
tbn,724,0,17,203.085,565.21,107.8183,0.2941
tbn,724,0,18,203.2,564.95,120.2564,0.2778
tbn,724,0,19,203.36,564.725,130.6024,0.2766
tbn,724,0,20,203.555,564.53,139.3975,0.2766
tbn,724,0,21,203.78,564.36,146.3106,0.2884
tbn,724,0,22,204.03,564.21,151.6988,0.2953
tbn,724,0,23,204.295,564.075,154.2905,0.2997
tbn,724,0,24,204.645,563.915,156.1608,0.4701
tbn,724,0,25,205.065,563.725,155.1364,0.4519
tbn,724,0,26,205.445,563.505,144.4628,0.4301
tbn,724,0,27,205.69,563.3,131.1858,0.2126
tbn,724,0,28,205.81,563.13,119.0523,0.2059
tbn,724,0,29,205.895,562.93,107.6519,0.2309
tbn,724,0,30,205.945,562.7,97.1247,0.2419
tbn,724,0,31,205.95,562.455,85.4251,0.2508
tbn,724,0,32,205.905,562.21,73.7416,0.25
tbn,724,0,33,205.82,561.98,65.5548,0.2417
tbn,724,0,34,205.7,561.775,53.6156,0.236
tbn,724,0,35,205.545,561.6,43.2646,0.2335
tbn,724,0,36,205.36,561.46,30.9639,0.2332
tbn,724,0,37,205.145,561.365,16.9277,0.2404
tbn,724,0,38,204.91,561.315,7.1255,0.2419
tbn,724,0,39,204.665,561.31,175.426,0.2508
tbn,724,0,40,204.425,561.355,163.0714,0.2404
tbn,724,0,41,204.2,561.445,153.4357,0.246
tbn,724,0,42,204.0,561.575,140.1954,0.2343
tbn,724,0,43,203.835,561.74,129.8044,0.2343
tbn,724,0,44,203.7,561.935,119.744,0.2419
tbn,724,0,45,203.605,562.16,106.2618,0.25
tbn,724,0,46,203.56,562.41,94.3996,0.2608
tbn,724,0,47,203.135,562.455,11.5752,0.8472
tbn,724,0,48,202.765,562.18,103.3262,0.3905
tbn,724,0,49,202.88,561.82,112.38,0.3677
tbn,724,0,50,203.045,561.5,122.3478,0.3551
tbn,724,0,51,203.265,561.22,133.8765,0.3607
tbn,724,0,52,203.53,560.985,143.1301,0.35
tbn,724,0,53,203.83,560.8,153.4344,0.3578
tbn,724,0,54,204.165,560.675,165.5794,0.3614
tbn,724,0,55,204.53,560.61,173.9907,0.3821
tbn,724,0,56,204.93,560.61,5.4403,0.4219
tbn,724,0,57,205.33,560.68,14.7437,0.3929
tbn,724,0,58,205.695,560.82,27.2157,0.3936
tbn,724,0,59,206.025,561.025,36.5736,0.386
tbn,724,0,60,206.305,561.285,49.2361,0.3829
tbn,724,0,61,206.525,561.6,60.8022,0.3895
tbn,724,0,62,206.68,561.96,72.4751,0.3985
tbn,724,0,63,206.76,562.365,84.6843,0.4319
tbn,724,0,64,206.765,562.77,94.5161,0.3812
tbn,724,0,65,206.705,563.13,104.8259,0.3517
tbn,724,0,66,206.585,563.445,117.349,0.3265
tbn,724,0,67,206.415,563.715,127.2352,0.314
tbn,724,0,68,206.2,563.95,137.49,0.3256
tbn,724,0,69,205.945,564.15,146.3088,0.3245
tbn,724,0,70,205.655,564.325,151.2612,0.3536
tbn,724,0,71,205.34,564.48,156.3702,0.3493
tbn,724,0,72,204.95,564.64,158.6296,0.494
tbn,724,0,73,204.57,564.805,153.4341,0.3354
tbn,724,0,74,204.275,564.975,146.769,0.3467
tbn,724,0,75,204.07,565.13,134.9991,0.1697
tbn,724,0,76,203.965,565.26,122.7339,0.1664
tbn,724,0,77,203.89,565.41,110.5601,0.1709
tbn,724,0,78,203.85,565.58,96.3367,0.1811
tbn,724,0,79,203.85,565.775,84.5626,0.2109
tbn,724,0,80,203.895,565.97,68.7475,0.1931
tbn,724,0,81,203.985,566.14,55.4913,0.1942
tbn,724,0,82,204.11,566.285,42.8788,0.191
tbn,724,0,83,204.35,566.445,29.1978,0.3895
tbn,724,0,84,204.71,566.57,8.9724,0.3847
tbn,724,0,85,205.065,566.58,173.089,0.3324
tbn,724,0,86,205.365,566.505,157.8327,0.2915
tbn,724,0,87,205.615,566.355,140.4416,0.2983
tbn,724,0,88,205.825,566.125,125.1347,0.3302
tbn,724,0,89,206.245,566.185,30.964,0.758
tbn,725,0,0,207.295,567.08,0.0,0.87
tbn,725,0,1,208.25,563.735,112.5651,7.2446
tbn,725,0,2,211.02,563.735,67.5811,7.237
tbn,725,0,3,211.965,567.08,0.0,0.87
tbn,725,0,4,210.585,564.735,68.0513,5.0565
tbn,725,0,5,208.685,564.735,112.1586,5.064
tbn,726,0,0,213.415,567.08,0.0,0.83
tbn,726,0,1,213.0,563.895,90.0,6.37
tbn,726,0,2,213.415,560.71,0.0,0.83
tbn,726,0,3,213.83,563.895,90.0,6.37
tbn,727,0,0,215.385,567.08,0.0,0.83
tbn,727,0,1,214.97,563.895,90.0,6.37
tbn,727,0,2,216.355,560.71,0.0,2.77
tbn,727,0,3,217.74,561.065,90.0,0.71
tbn,727,0,4,216.77,561.42,0.0,1.94
tbn,727,0,5,215.8,564.25,90.0,5.66
tbn,728,0,0,218.65,567.08,0.0,0.82
tbn,728,0,1,218.24,563.895,90.0,6.37
tbn,728,0,2,219.625,560.71,0.0,2.77
tbn,728,0,3,221.01,561.065,90.0,0.71
tbn,728,0,4,220.035,561.42,0.0,1.95
tbn,728,0,5,219.06,564.25,90.0,5.66
tbn,729,0,0,223.24,560.71,0.0,3.46
tbn,729,0,1,224.97,561.065,90.0,0.71
tbn,729,0,2,223.65,561.42,0.0,2.64
tbn,729,0,3,222.33,562.655,90.0,2.47
tbn,729,0,4,223.61,563.89,0.0,2.56
tbn,729,0,5,224.89,564.245,90.0,0.71
tbn,729,0,6,223.61,564.6,0.0,2.56
tbn,729,0,7,222.33,565.485,90.0,1.77
tbn,729,0,8,223.65,566.37,0.0,2.64
tbn,729,0,9,224.97,566.725,90.0,0.71
tbn,729,0,10,223.24,567.08,0.0,3.46
tbn,729,0,11,221.51,563.895,90.0,6.37
tbn,730,0,0,225.81,563.485,90.0,0.59
tbn,730,0,1,226.755,563.19,0.0,1.89
tbn,730,0,2,227.7,563.485,90.0,0.59
tbn,730,0,3,226.755,563.78,0.0,1.89
tbn,731,0,0,232.235,566.485,125.5367,0.2581
tbn,731,0,1,232.075,566.685,131.8223,0.255
tbn,731,0,2,231.9,566.86,138.3653,0.2408
tbn,731,0,3,231.71,567.005,146.9755,0.2385
tbn,731,0,4,231.5,567.125,153.4353,0.246
tbn,731,0,5,231.27,567.215,163.7398,0.25
tbn,731,0,6,231.03,567.275,168.2314,0.2451
tbn,731,0,7,230.78,567.305,177.7974,0.2602
tbn,731,0,8,230.47,567.295,4.7637,0.3612
tbn,731,0,9,230.12,567.24,13.2406,0.3493
tbn,731,0,10,229.785,567.135,21.5012,0.3547
tbn,731,0,11,229.48,566.98,32.7354,0.3329
tbn,731,0,12,229.215,566.77,43.8308,0.3466
tbn,731,0,13,229.0,566.51,57.2659,0.3329
tbn,731,0,14,228.85,566.21,69.4423,0.3418
tbn,731,0,15,228.77,565.86,83.992,0.3821
tbn,731,0,16,228.765,565.51,95.3556,0.3214
tbn,731,0,17,228.82,565.21,105.9458,0.2912
tbn,731,0,18,228.93,564.95,120.2564,0.2778
tbn,731,0,19,229.09,564.725,130.6,0.2766
tbn,731,0,20,229.285,564.53,139.3996,0.2766
tbn,731,0,21,229.51,564.36,146.3106,0.2884
tbn,731,0,22,229.76,564.21,151.6988,0.2953
tbn,731,0,23,230.025,564.075,154.2905,0.2997
tbn,731,0,24,230.38,563.915,156.6438,0.4793
tbn,731,0,25,230.8,563.725,154.5927,0.4428
tbn,731,0,26,231.175,563.505,144.4616,0.4301
tbn,731,0,27,231.42,563.3,131.1858,0.2126
tbn,731,0,28,231.545,563.13,121.4297,0.211
tbn,731,0,29,231.635,562.93,107.6519,0.2309
tbn,731,0,30,231.68,562.7,94.7647,0.2408
tbn,731,0,31,231.68,562.455,85.4251,0.2508
tbn,731,0,32,231.64,562.21,75.9644,0.2474
tbn,731,0,33,231.555,561.98,63.4349,0.246
tbn,731,0,34,231.43,561.775,53.6156,0.236
tbn,731,0,35,231.275,561.6,43.2646,0.2335
tbn,731,0,36,231.09,561.46,30.962,0.2332
tbn,731,0,37,230.88,561.365,17.6511,0.2309
tbn,731,0,38,230.645,561.315,6.8434,0.2518
tbn,731,0,39,230.395,561.31,175.426,0.2508
tbn,731,0,40,230.155,561.355,163.0724,0.2404
tbn,731,0,41,229.935,561.445,152.3538,0.2371
tbn,731,0,42,229.735,561.575,141.7099,0.2421
tbn,731,0,43,229.565,561.74,129.8072,0.2343
tbn,731,0,44,229.43,561.935,119.744,0.2419
tbn,731,0,45,229.335,562.16,106.2585,0.25
tbn,731,0,46,229.29,562.41,94.3996,0.2608
tbn,731,0,47,228.87,562.455,11.7124,0.8374
tbn,731,0,48,228.5,562.18,101.8889,0.3883
tbn,731,0,49,228.61,561.82,112.38,0.3677
tbn,731,0,50,228.78,561.5,123.6917,0.3606
tbn,731,0,51,229.0,561.22,132.708,0.3538
tbn,731,0,52,229.26,560.985,143.1301,0.35
tbn,731,0,53,229.565,560.8,154.1338,0.3667
tbn,731,0,54,229.905,560.675,165.5794,0.3614
tbn,731,0,55,230.265,560.61,173.8296,0.3722
tbn,731,0,56,230.66,560.61,5.4405,0.4219
tbn,731,0,57,231.065,560.68,14.3812,0.4026
tbn,731,0,58,231.435,560.82,27.2157,0.3936
tbn,731,0,59,231.76,561.025,37.4763,0.378
tbn,731,0,60,232.035,561.285,49.2361,0.3829
tbn,731,0,61,232.26,561.6,59.5348,0.3945
tbn,731,0,62,232.42,561.96,72.4751,0.3985
tbn,731,0,63,232.5,562.365,84.6843,0.4319
tbn,731,0,64,232.5,562.77,96.0103,0.3821
tbn,731,0,65,232.435,563.13,104.8259,0.3517
tbn,731,0,66,232.32,563.445,115.7693,0.322
tbn,731,0,67,232.15,563.715,128.6594,0.3202
tbn,731,0,68,231.935,563.95,136.2742,0.3183
tbn,731,0,69,231.68,564.15,147.2646,0.3329
tbn,731,0,70,231.39,564.325,150.4615,0.3448
tbn,731,0,71,231.075,564.48,157.0105,0.3585
tbn,731,0,72,230.68,564.64,158.6296,0.494
tbn,731,0,73,230.3,564.805,153.4352,0.3354
tbn,731,0,74,230.005,564.975,146.7676,0.3467
tbn,731,0,75,229.805,565.13,132.5109,0.1628
tbn,731,0,76,229.7,565.26,125.5391,0.1721
tbn,731,0,77,229.62,565.41,110.5553,0.1709
tbn,731,0,78,229.58,565.58,96.3415,0.1811
tbn,731,0,79,229.58,565.775,84.5585,0.2109
tbn,731,0,80,229.625,565.97,68.7475,0.1931
tbn,731,0,81,229.715,566.14,55.4913,0.1942
tbn,731,0,82,229.84,566.285,42.8788,0.191
tbn,731,0,83,230.08,566.445,29.1978,0.3895
tbn,731,0,84,230.44,566.57,8.9724,0.3847
tbn,731,0,85,230.795,566.58,173.0887,0.3324
tbn,731,0,86,231.095,566.505,157.8339,0.2916
tbn,731,0,87,231.345,566.355,140.4397,0.2983
tbn,731,0,88,231.555,566.125,125.1347,0.3302
tbn,731,0,89,231.98,566.185,30.579,0.7666
tbn,732,0,0,235.83,566.37,0.0,1.52
tbn,732,0,1,236.59,566.725,90.0,0.71
tbn,732,0,2,234.66,567.08,0.0,3.86
tbn,732,0,3,232.73,566.725,90.0,0.71
tbn,732,0,4,233.49,566.37,0.0,1.52
tbn,732,0,5,234.25,563.54,90.0,5.66
tbn,732,0,6,234.66,560.71,0.0,0.82
tbn,732,0,7,235.07,563.54,90.0,5.66
tbn,733,0,0,241.81,563.54,13.2406,0.3493
tbn,733,0,1,242.13,563.645,23.4283,0.327
tbn,733,0,2,242.41,563.8,34.6958,0.3162
tbn,733,0,3,242.645,564.0,46.3315,0.3041
tbn,733,0,4,242.84,564.24,55.306,0.3162
tbn,733,0,5,242.995,564.515,65.8536,0.3178
tbn,733,0,6,243.095,564.815,77.2743,0.3178
tbn,733,0,7,243.145,565.13,84.6444,0.3214
tbn,733,0,8,243.135,565.51,96.4835,0.4428
tbn,733,0,9,243.03,565.935,111.3184,0.4401
tbn,733,0,10,242.825,566.32,124.7778,0.4383
tbn,733,0,11,242.53,566.64,140.5272,0.4405
tbn,733,0,12,242.155,566.865,157.4796,0.4439
tbn,733,0,13,241.73,566.995,168.4399,0.4491
tbn,733,0,14,241.29,567.055,176.0997,0.441
tbn,733,0,15,240.845,567.075,178.7269,0.4501
tbn,733,0,16,240.12,567.08,0.0,1.0
tbn,733,0,17,239.62,563.895,90.0,6.37
tbn,733,0,18,240.035,560.71,0.0,0.83
tbn,733,0,19,240.45,562.065,90.0,2.71
tbn,733,0,20,240.62,563.42,0.0,0.34
tbn,733,0,21,241.745,562.065,125.1761,3.3155
tbn,733,0,22,243.17,560.71,0.0,0.94
tbn,733,0,23,242.64,562.105,125.6347,3.4328
tbn,733,1,0,240.56,566.37,0.0,0.22
tbn,733,1,1,240.825,566.365,178.1527,0.3102
tbn,733,1,2,241.135,566.345,174.4723,0.3114
tbn,733,1,3,241.44,566.3,168.6903,0.3059
tbn,733,1,4,241.725,566.225,161.5653,0.2846
tbn,733,1,5,241.98,566.11,149.7442,0.2779
tbn,733,1,6,242.195,565.94,133.5292,0.2759
tbn,733,1,7,242.35,565.715,115.6429,0.2773
tbn,733,1,8,242.43,565.425,96.9101,0.3324
tbn,733,1,9,242.43,565.095,83.0899,0.3324
tbn,733,1,10,242.355,564.8,67.0678,0.2823
tbn,733,1,11,242.21,564.57,48.0116,0.2691
tbn,733,1,12,242.01,564.4,32.4709,0.2608
tbn,733,1,13,241.765,564.28,20.324,0.2879
tbn,733,1,14,241.485,564.2,11.6889,0.2962
tbn,733,1,15,241.185,564.155,5.5277,0.3114
tbn,733,1,16,240.87,564.135,1.79,0.3201
tbn,733,1,17,240.58,564.13,0.0,0.26
tbn,733,1,18,240.45,565.25,90.0,2.24
tbn,734,0,0,246.95,567.3,3.3666,0.3406
tbn,734,0,1,246.615,567.265,8.6155,0.3338
tbn,734,0,2,246.295,567.2,14.4704,0.3202
tbn,734,0,3,245.985,567.105,19.5369,0.3289
tbn,734,0,4,245.685,566.98,25.7686,0.322
tbn,734,0,5,245.4,566.825,31.2639,0.3276
tbn,734,0,6,245.13,566.645,36.1588,0.322
tbn,734,0,7,244.88,566.445,41.1852,0.3189
tbn,734,0,8,244.65,566.22,47.4894,0.3256
tbn,734,0,9,244.445,565.97,53.8415,0.322
tbn,734,0,10,244.26,565.7,57.2659,0.3329
tbn,734,0,11,244.1,565.415,64.2308,0.322
tbn,734,0,12,243.975,565.115,70.4632,0.3289
tbn,734,0,13,243.875,564.8,74.292,0.3324
tbn,734,0,14,243.805,564.47,81.6336,0.3437
tbn,734,0,15,243.77,564.125,86.7288,0.3506
tbn,734,0,16,243.77,563.77,93.1805,0.3606
tbn,734,0,17,243.805,563.42,98.3664,0.3437
tbn,734,0,18,243.87,563.085,103.6248,0.3396
tbn,734,0,19,243.97,562.765,111.1628,0.3324
tbn,734,0,20,244.1,562.46,115.0169,0.3311
tbn,734,0,21,244.255,562.17,121.2634,0.3276
tbn,734,0,22,244.44,561.905,128.6596,0.3202
tbn,734,0,23,244.645,561.66,131.1866,0.3189
tbn,734,0,24,244.87,561.435,138.813,0.3189
tbn,734,0,25,245.12,561.235,143.843,0.322
tbn,734,0,26,245.39,561.06,150.2544,0.3225
tbn,734,0,27,245.675,560.91,154.2303,0.322
tbn,734,0,28,245.975,560.79,162.1214,0.3257
tbn,734,0,29,246.29,560.7,165.9638,0.3299
tbn,734,0,30,246.615,560.635,171.3845,0.3338
tbn,734,0,31,246.95,560.6,176.6334,0.3406
tbn,734,0,32,247.29,560.6,3.3666,0.3406
tbn,734,0,33,247.625,560.635,8.6155,0.3338
tbn,734,0,34,247.95,560.7,14.0362,0.3299
tbn,734,0,35,248.265,560.79,17.8786,0.3257
tbn,734,0,36,248.565,560.91,25.7697,0.322
tbn,734,0,37,248.85,561.06,29.7456,0.3225
tbn,734,0,38,249.12,561.235,36.157,0.322
tbn,734,0,39,249.37,561.435,41.187,0.3189
tbn,734,0,40,249.6,561.66,47.4896,0.3256
tbn,734,0,41,249.805,561.905,52.7646,0.314
tbn,734,0,42,249.985,562.17,58.7366,0.3276
tbn,734,0,43,250.14,562.46,64.9831,0.3311
tbn,734,0,44,250.27,562.765,68.8372,0.3324
tbn,734,0,45,250.37,563.085,76.3752,0.3396
tbn,734,0,46,250.435,563.42,81.6336,0.3437
tbn,734,0,47,250.47,563.77,86.8195,0.3606
tbn,734,0,48,250.47,564.125,93.2712,0.3506
tbn,734,0,49,250.435,564.47,98.3664,0.3437
tbn,734,0,50,250.37,564.8,104.034,0.3298
tbn,734,0,51,250.27,565.115,111.163,0.3324
tbn,734,0,52,250.14,565.415,115.7692,0.322
tbn,734,0,53,249.985,565.7,121.2634,0.3276
tbn,734,0,54,249.8,565.97,127.5681,0.328
tbn,734,0,55,249.59,566.22,132.5106,0.3256
tbn,734,0,56,249.36,566.445,138.8148,0.3189
tbn,734,0,57,249.11,566.645,143.8412,0.322
tbn,734,0,58,248.845,566.825,147.8047,0.3191
tbn,734,0,59,248.56,566.98,154.9834,0.3311
tbn,734,0,60,248.26,567.105,159.8628,0.3195
tbn,734,0,61,247.95,567.2,165.9641,0.3299
tbn,734,0,62,247.625,567.265,171.3845,0.3338
tbn,734,0,63,247.29,567.3,176.6334,0.3406
tbn,734,1,0,246.995,561.305,177.7089,0.2502
tbn,734,1,1,246.745,561.33,170.9095,0.2532
tbn,734,1,2,246.5,561.385,163.7402,0.25
tbn,734,1,3,246.265,561.46,160.8211,0.2435
tbn,734,1,4,245.935,561.62,150.8318,0.4924
tbn,734,1,5,245.53,561.9,139.8995,0.4968
tbn,734,1,6,245.185,562.26,127.7755,0.5061
tbn,734,1,7,244.91,562.685,118.073,0.51
tbn,734,1,8,244.745,563.03,110.5553,0.2563
tbn,734,1,9,244.67,563.28,102.9941,0.2668
tbn,734,1,10,244.62,563.545,98.4288,0.2729
tbn,734,1,11,244.595,563.815,92.1199,0.2702
tbn,734,1,12,244.595,564.085,87.8801,0.2702
tbn,734,1,13,244.615,564.35,83.4183,0.2617
tbn,734,1,14,244.66,564.605,76.5015,0.2571
tbn,734,1,15,244.73,564.855,72.2581,0.2625
tbn,734,1,16,244.88,565.205,63.9464,0.5009
tbn,734,1,17,245.145,565.625,51.52,0.4982
tbn,734,1,18,245.48,565.985,42.5104,0.4884
tbn,734,1,19,245.88,566.27,28.6103,0.5012
tbn,734,1,20,246.215,566.435,21.3697,0.247
tbn,734,1,21,246.455,566.515,15.6422,0.2596
tbn,734,1,22,246.715,566.57,8.4275,0.2729
tbn,734,1,23,246.985,566.595,2.1211,0.2702
tbn,734,1,24,247.26,566.595,177.9545,0.2802
tbn,734,1,25,247.53,566.57,171.2535,0.2631
tbn,734,1,26,247.785,566.515,164.3578,0.2596
tbn,734,1,27,248.03,566.435,159.4444,0.2563
tbn,734,1,28,248.365,566.27,150.8329,0.4924
tbn,734,1,29,248.765,565.985,138.2701,0.4958
tbn,734,1,30,249.1,565.625,127.5689,0.492
tbn,734,1,31,249.36,565.205,116.0536,0.5009
tbn,734,1,32,249.51,564.855,107.7419,0.2625
tbn,734,1,33,249.58,564.605,103.4985,0.2571
tbn,734,1,34,249.625,564.35,96.5817,0.2617
tbn,734,1,35,249.65,564.085,94.2341,0.2707
tbn,734,1,36,249.65,563.815,85.7659,0.2707
tbn,734,1,37,249.62,563.545,81.5712,0.2729
tbn,734,1,38,249.57,563.28,77.0059,0.2668
tbn,734,1,39,249.495,563.03,69.4447,0.2563
tbn,734,1,40,249.335,562.685,62.9284,0.5054
tbn,734,1,41,249.06,562.26,51.3395,0.5123
tbn,734,1,42,248.715,561.9,40.8557,0.4892
tbn,734,1,43,248.315,561.62,29.1673,0.4925
tbn,734,1,44,247.98,561.46,18.4352,0.253
tbn,734,1,45,247.74,561.385,16.2598,0.25
tbn,734,1,46,247.5,561.33,9.4623,0.2433
tbn,734,1,47,247.25,561.305,2.2031,0.2602
tbn,735,0,0,252.0,560.71,0.0,1.48
tbn,735,0,1,252.94,560.72,2.8624,0.4005
tbn,735,0,2,253.335,560.77,11.5919,0.3981
tbn,735,0,3,253.715,560.875,19.3594,0.3922
tbn,735,0,4,254.065,561.03,28.6104,0.3759
tbn,735,0,5,254.37,561.245,41.7604,0.3754
tbn,735,0,6,254.62,561.525,54.6375,0.3801
tbn,735,0,7,254.77,561.77,66.0371,0.197
tbn,735,0,8,254.84,561.96,73.3013,0.2088
tbn,735,0,9,254.885,562.165,81.8702,0.2121
tbn,735,0,10,254.91,562.39,85.2353,0.2408
tbn,735,0,11,254.905,562.65,96.1152,0.2816
tbn,735,0,12,254.855,562.925,104.5359,0.2789
tbn,735,0,13,254.76,563.185,115.6401,0.2773
tbn,735,0,14,254.625,563.425,123.113,0.2746
tbn,735,0,15,254.455,563.64,133.5292,0.2759
tbn,735,0,16,254.25,563.825,142.3059,0.278
tbn,735,0,17,254.02,563.97,153.4357,0.2683
tbn,735,0,18,253.765,564.07,163.4959,0.2816
tbn,735,0,19,253.63,564.115,90.0,0.01
tbn,735,0,20,253.78,564.225,34.9916,0.3662
tbn,735,0,21,254.04,564.475,52.8152,0.364
tbn,735,0,22,254.215,564.795,69.6229,0.3734
tbn,735,0,23,254.305,565.145,81.8694,0.3536
tbn,735,0,24,254.32,565.45,94.3997,0.2608
tbn,735,0,25,254.295,565.695,97.4311,0.2319
tbn,735,0,26,254.25,565.915,105.9448,0.2184
tbn,735,0,27,254.18,566.115,112.8341,0.2062
tbn,735,0,28,254.03,566.36,126.2541,0.372
tbn,735,0,29,253.78,566.625,140.599,0.3624
tbn,735,0,30,253.47,566.82,154.7997,0.3758
tbn,735,0,31,253.11,566.95,165.256,0.3929
tbn,735,0,32,252.71,567.03,171.8699,0.4243
tbn,735,0,33,252.285,567.07,177.3372,0.4305
tbn,735,0,34,251.665,567.08,0.0,0.81
tbn,735,0,35,251.26,563.895,90.0,6.37
tbn,735,1,0,252.195,566.37,0.0,0.21
tbn,735,1,1,252.435,566.365,177.8789,0.2702
tbn,735,1,2,252.69,566.345,172.875,0.2419
tbn,735,1,3,252.925,566.3,165.379,0.2377
tbn,735,1,4,253.135,566.225,154.6541,0.2102
tbn,735,1,5,253.31,566.11,138.8148,0.2126
tbn,735,1,6,253.455,565.95,125.8354,0.222
tbn,735,1,7,253.555,565.74,106.2618,0.25
tbn,735,1,8,253.605,565.47,95.7104,0.3015
tbn,735,1,9,253.605,565.165,84.4727,0.3114
tbn,735,1,10,253.55,564.885,72.2549,0.2625
tbn,735,1,11,253.45,564.665,57.7252,0.2247
tbn,735,1,12,253.31,564.505,39.0934,0.2062
tbn,735,1,13,253.13,564.39,26.5651,0.2236
tbn,735,1,14,252.915,564.31,14.6205,0.2377
tbn,735,1,15,252.675,564.27,4.574,0.2508
tbn,735,1,16,252.415,564.255,2.1208,0.2702
tbn,735,1,17,252.185,564.25,0.0,0.19
tbn,735,1,18,252.09,565.31,90.0,2.12
tbn,735,2,0,252.325,563.66,0.0,0.47
tbn,735,2,1,252.69,563.655,177.7973,0.2602
tbn,735,2,2,252.95,563.63,171.254,0.2631
tbn,735,2,3,253.21,563.58,167.0052,0.2668
tbn,735,2,4,253.455,563.5,156.501,0.2508
tbn,735,2,5,253.675,563.38,146.3109,0.2524
tbn,735,2,6,253.86,563.21,128.6577,0.2561
tbn,735,2,7,253.995,562.99,114.6237,0.264
tbn,735,2,8,254.07,562.715,97.3539,0.3126
tbn,735,2,9,254.075,562.405,84.4727,0.3114
tbn,735,2,10,254.01,562.12,68.9615,0.2786
tbn,735,2,11,253.89,561.89,55.0077,0.2441
tbn,735,2,12,253.73,561.715,39.807,0.2343
tbn,735,2,13,253.53,561.59,24.4435,0.2417
tbn,735,2,14,253.3,561.505,16.2606,0.25
tbn,735,2,15,253.05,561.45,8.7457,0.2631
tbn,735,2,16,252.79,561.425,2.203,0.2602
tbn,735,2,17,252.375,561.42,0.0,0.57
tbn,735,2,18,252.09,562.54,90.0,2.24
tbn,736,0,0,257.535,560.71,0.0,3.47
tbn,736,0,1,259.27,561.065,90.0,0.71
tbn,736,0,2,257.95,561.42,0.0,2.64
tbn,736,0,3,256.63,562.655,90.0,2.47
tbn,736,0,4,257.91,563.89,0.0,2.56
tbn,736,0,5,259.19,564.245,90.0,0.71
tbn,736,0,6,257.91,564.6,0.0,2.56
tbn,736,0,7,256.63,565.485,90.0,1.77
tbn,736,0,8,257.95,566.37,0.0,2.64
tbn,736,0,9,259.27,566.725,90.0,0.71
tbn,736,0,10,257.535,567.08,0.0,3.47
tbn,736,0,11,255.8,563.895,90.0,6.37
tbn,737,0,0,262.41,563.54,13.2406,0.3493
tbn,737,0,1,262.73,563.645,23.4273,0.327
tbn,737,0,2,263.01,563.8,34.6973,0.3162
tbn,737,0,3,263.245,564.0,46.3335,0.3041
tbn,737,0,4,263.44,564.24,55.3014,0.3162
tbn,737,0,5,263.595,564.515,65.8536,0.3178
tbn,737,0,6,263.695,564.815,77.2797,0.3178
tbn,737,0,7,263.745,565.13,84.6444,0.3214
tbn,737,0,8,263.735,565.51,96.4815,0.4428
tbn,737,0,9,263.63,565.935,111.3184,0.4401
tbn,737,0,10,263.425,566.32,124.7778,0.4383
tbn,737,0,11,263.13,566.64,140.5272,0.4405
tbn,737,0,12,262.755,566.865,157.4796,0.4439
tbn,737,0,13,262.33,566.995,168.4399,0.4491
tbn,737,0,14,261.89,567.055,176.0997,0.441
tbn,737,0,15,261.445,567.075,178.7269,0.4501
tbn,737,0,16,260.72,567.08,0.0,1.0
tbn,737,0,17,260.22,563.895,90.0,6.37
tbn,737,0,18,260.635,560.71,0.0,0.83
tbn,737,0,19,261.05,562.065,90.0,2.71
tbn,737,0,20,261.22,563.42,0.0,0.34
tbn,737,0,21,262.345,562.065,125.1761,3.3155
tbn,737,0,22,263.77,560.71,0.0,0.94
tbn,737,0,23,263.24,562.105,125.6347,3.4328
tbn,737,1,0,261.16,566.37,0.0,0.22
tbn,737,1,1,261.425,566.365,178.1527,0.3102
tbn,737,1,2,261.735,566.345,174.4723,0.3114
tbn,737,1,3,262.04,566.3,168.6908,0.306
tbn,737,1,4,262.325,566.225,161.5643,0.2846
tbn,737,1,5,262.58,566.11,149.7427,0.2778
tbn,737,1,6,262.795,565.94,133.5315,0.2759
tbn,737,1,7,262.95,565.715,115.6401,0.2773
tbn,737,1,8,263.03,565.425,96.9127,0.3324
tbn,737,1,9,263.03,565.095,83.0873,0.3324
tbn,737,1,10,262.955,564.8,67.0707,0.2823
tbn,737,1,11,262.81,564.57,48.0141,0.2691
tbn,737,1,12,262.61,564.4,32.4709,0.2608
tbn,737,1,13,262.365,564.28,20.3219,0.2879
tbn,737,1,14,262.085,564.2,11.6901,0.2961
tbn,737,1,15,261.785,564.155,5.5277,0.3114
tbn,737,1,16,261.47,564.135,1.7899,0.3202
tbn,737,1,17,261.18,564.13,0.0,0.26
tbn,737,1,18,261.05,565.25,90.0,2.24
tbn,738,0,0,267.36,566.37,0.0,1.52
tbn,738,0,1,268.12,566.725,90.0,0.71
tbn,738,0,2,266.19,567.08,0.0,3.86
tbn,738,0,3,264.26,566.725,90.0,0.71
tbn,738,0,4,265.02,566.37,0.0,1.52
tbn,738,0,5,265.78,563.54,90.0,5.66
tbn,738,0,6,266.19,560.71,0.0,0.82
tbn,738,0,7,266.6,563.54,90.0,5.66
tbn,739,0,0,273.34,563.54,13.2406,0.3493
tbn,739,0,1,273.66,563.645,23.4273,0.327
tbn,739,0,2,273.94,563.8,34.6973,0.3162
tbn,739,0,3,274.175,564.0,46.3335,0.3041
tbn,739,0,4,274.37,564.24,55.3014,0.3162
tbn,739,0,5,274.525,564.515,65.8536,0.3178
tbn,739,0,6,274.63,564.815,75.532,0.3202
tbn,739,0,7,274.68,565.13,86.4256,0.3206
tbn,739,0,8,274.665,565.51,96.4815,0.4428
tbn,739,0,9,274.56,565.935,111.3184,0.4401
tbn,739,0,10,274.355,566.32,124.7778,0.4383
tbn,739,0,11,274.06,566.64,140.5272,0.4405
tbn,739,0,12,273.685,566.865,157.4796,0.4439
tbn,739,0,13,273.26,566.995,168.4399,0.4491
tbn,739,0,14,272.82,567.055,176.0997,0.441
tbn,739,0,15,272.375,567.075,178.7269,0.4501
tbn,739,0,16,271.655,567.08,0.0,0.99
tbn,739,0,17,271.16,563.895,90.0,6.37
tbn,739,0,18,271.57,560.71,0.0,0.82
tbn,739,0,19,271.98,562.065,90.0,2.71
tbn,739,0,20,272.15,563.42,0.0,0.34
tbn,739,0,21,273.275,562.065,125.1761,3.3155
tbn,739,0,22,274.705,560.71,0.0,0.95
tbn,739,0,23,274.175,562.105,125.7702,3.4386
tbn,739,1,0,272.09,566.37,0.0,0.22
tbn,739,1,1,272.355,566.365,178.1527,0.3102
tbn,739,1,2,272.665,566.345,174.4723,0.3114
tbn,739,1,3,272.97,566.3,168.6908,0.306
tbn,739,1,4,273.255,566.225,161.5643,0.2846
tbn,739,1,5,273.51,566.11,149.7427,0.2778
tbn,739,1,6,273.725,565.94,133.5315,0.2759
tbn,739,1,7,273.88,565.715,115.6401,0.2773
tbn,739,1,8,273.96,565.425,96.9127,0.3324
tbn,739,1,9,273.96,565.095,83.0873,0.3324
tbn,739,1,10,273.885,564.8,67.0707,0.2823
tbn,739,1,11,273.74,564.57,48.0141,0.2691
tbn,739,1,12,273.54,564.4,32.4709,0.2608
tbn,739,1,13,273.295,564.28,20.3219,0.2879
tbn,739,1,14,273.015,564.2,11.6901,0.2961
tbn,739,1,15,272.715,564.155,5.5277,0.3114
tbn,739,1,16,272.4,564.135,1.7899,0.3202
tbn,739,1,17,272.11,564.13,0.0,0.26
tbn,739,1,18,271.98,565.25,90.0,2.24
tbn,740,0,0,279.1,563.54,90.0,0.7
tbn,740,0,1,279.905,563.19,0.0,1.61
tbn,740,0,2,280.685,563.0,82.5059,0.3833
tbn,740,0,3,280.59,562.63,68.7517,0.3863
tbn,740,0,4,280.415,562.29,56.7223,0.3828
tbn,740,0,5,280.175,561.99,46.0429,0.389
tbn,740,0,6,279.885,561.735,36.5732,0.386
tbn,740,0,7,279.56,561.535,26.5651,0.3801
tbn,740,0,8,279.21,561.395,16.9902,0.3764
tbn,740,0,9,278.85,561.32,6.3406,0.3622
tbn,740,0,10,278.545,561.305,177.7098,0.2502
tbn,740,0,11,278.295,561.335,168.6894,0.255
tbn,740,0,12,278.055,561.39,165.3804,0.2377
tbn,740,0,13,277.83,561.47,155.5557,0.2417
tbn,740,0,14,277.51,561.645,149.2363,0.4888
tbn,740,0,15,277.12,561.935,137.491,0.4884
tbn,740,0,16,276.795,562.29,127.3501,0.478
tbn,740,0,17,276.54,562.7,116.5652,0.4919
tbn,740,0,18,276.355,563.155,107.6998,0.4934
tbn,740,0,19,276.26,563.635,94.6643,0.4916
tbn,740,0,20,276.245,564.02,87.9588,0.2802
tbn,740,0,21,276.27,564.295,81.5713,0.2729
tbn,740,0,22,276.32,564.56,77.0058,0.2668
tbn,740,0,23,276.39,564.815,72.2581,0.2625
tbn,740,0,24,276.545,565.17,63.4339,0.5143
tbn,740,0,25,276.81,565.605,53.8079,0.508
tbn,740,0,26,277.145,565.975,41.7275,0.4958
tbn,740,0,27,277.54,566.265,30.7637,0.4888
tbn,740,0,28,277.865,566.435,21.3697,0.247
tbn,740,0,29,278.1,566.515,16.2608,0.25
tbn,740,0,30,278.345,566.57,9.0905,0.2532
tbn,740,0,31,278.6,566.595,2.2021,0.2602
tbn,740,0,32,278.875,566.59,176.0552,0.2907
tbn,740,0,33,279.16,566.555,169.8751,0.2844
tbn,740,0,34,279.435,566.48,159.6764,0.2879
tbn,740,0,35,279.7,566.365,153.4356,0.2907
tbn,740,0,36,279.955,566.22,147.3808,0.2968
tbn,740,0,37,280.195,566.05,141.9505,0.292
tbn,740,0,38,280.415,565.85,133.6709,0.3042
tbn,740,0,39,280.61,565.625,128.046,0.2921
tbn,740,0,40,280.96,565.79,47.1217,0.7642
tbn,740,0,41,281.1,566.21,130.6003,0.3688
tbn,740,0,42,280.845,566.475,137.2047,0.368
tbn,740,0,43,280.565,566.71,142.8131,0.364
tbn,740,0,44,280.26,566.905,152.0211,0.3624
tbn,740,0,45,279.935,567.06,157.0105,0.3585
tbn,740,0,46,279.595,567.18,164.0548,0.364
tbn,740,0,47,279.24,567.26,170.5382,0.365
tbn,740,0,48,278.88,567.3,176.82,0.3605
tbn,740,0,49,278.535,567.3,3.4681,0.3306
tbn,740,0,50,278.205,567.265,8.6159,0.3338
tbn,740,0,51,277.885,567.2,14.4704,0.3202
tbn,740,0,52,277.58,567.1,21.8003,0.3231
tbn,740,0,53,277.285,566.97,25.7709,0.322
tbn,740,0,54,277.005,566.815,32.1939,0.3191
tbn,740,0,55,276.74,566.63,37.5709,0.328
tbn,740,0,56,276.495,566.42,43.7255,0.3183
tbn,740,0,57,276.275,566.185,49.9709,0.3265
tbn,740,0,58,276.075,565.93,53.8415,0.322
tbn,740,0,59,275.895,565.655,59.6188,0.3362
tbn,740,0,60,275.74,565.36,64.9857,0.3311
tbn,740,0,61,275.615,565.05,71.027,0.3384
tbn,740,0,62,275.52,564.725,76.3752,0.3396
tbn,740,0,63,275.455,564.385,81.867,0.3536
tbn,740,0,64,275.42,564.03,86.8219,0.3606
tbn,740,0,65,275.42,563.69,93.5744,0.3206
tbn,740,0,66,275.455,563.37,98.8839,0.3239
tbn,740,0,67,275.52,563.055,104.468,0.3202
tbn,740,0,68,275.615,562.755,110.7749,0.3102
tbn,740,0,69,275.735,562.465,114.1464,0.3178
tbn,740,0,70,275.88,562.185,120.6464,0.3138
tbn,740,0,71,276.055,561.925,127.2352,0.314
tbn,740,0,72,276.255,561.685,132.4005,0.3115
tbn,740,0,73,276.47,561.46,135.0,0.3111
tbn,740,0,74,276.705,561.255,142.7654,0.314
tbn,740,0,75,276.965,561.08,149.3483,0.3138
tbn,740,0,76,277.24,560.93,153.4349,0.313
tbn,740,0,77,277.525,560.8,157.5207,0.3139
tbn,740,0,78,277.825,560.7,165.5299,0.3202
tbn,740,0,79,278.135,560.635,170.8377,0.314
tbn,740,0,80,278.455,560.6,176.5316,0.3306
tbn,740,0,81,278.78,560.6,3.5763,0.3206
tbn,740,0,82,279.09,560.63,7.5936,0.3027
tbn,740,0,83,279.39,560.69,14.9323,0.3105
tbn,740,0,84,279.675,560.78,20.3236,0.2879
tbn,740,0,85,279.94,560.89,24.7748,0.2864
tbn,740,0,86,280.19,561.025,32.006,0.283
tbn,740,0,87,280.42,561.19,39.2893,0.2843
tbn,740,0,88,280.63,561.375,43.5298,0.2759
tbn,740,0,89,280.825,561.575,47.8619,0.2832
tbn,740,0,90,281.0,561.8,56.3091,0.2884
tbn,740,0,91,281.145,562.045,62.5304,0.2818
tbn,740,0,92,281.27,562.305,66.0329,0.2955
tbn,740,0,93,281.375,562.58,72.1818,0.2941
tbn,740,0,94,281.455,562.87,76.8646,0.3081
tbn,740,0,95,281.51,563.175,82.6516,0.3126
tbn,740,0,96,281.535,563.49,88.2083,0.3202
tbn,740,0,97,281.54,563.77,90.0,0.24
tbn,740,0,98,280.32,563.89,0.0,2.44
tbn,741,0,0,282.795,560.71,0.0,0.83
tbn,741,0,1,283.21,563.11,90.0,4.8
tbn,741,0,2,285.565,562.98,132.9485,6.9129
tbn,741,0,3,287.92,563.765,90.0,6.63
tbn,741,0,4,287.51,567.08,0.0,0.82
tbn,741,0,5,287.1,564.755,90.0,4.65
tbn,741,0,6,284.74,564.905,133.6375,6.8397
tbn,741,0,7,282.38,564.045,90.0,6.67
tbn,742,0,0,289.46,567.08,0.0,0.82
tbn,742,0,1,289.05,563.895,90.0,6.37
tbn,742,0,2,290.435,560.71,0.0,2.77
tbn,742,0,3,291.82,561.065,90.0,0.71
tbn,742,0,4,290.845,561.42,0.0,1.95
tbn,742,0,5,289.87,564.25,90.0,5.66
tbn,743,0,0,297.89,566.725,90.0,0.71
tbn,743,0,1,296.33,567.08,0.0,3.12
tbn,743,0,2,294.77,563.895,90.0,6.37
tbn,743,0,3,295.18,560.71,0.0,0.82
tbn,743,0,4,295.59,562.3,90.0,3.18
tbn,743,0,5,296.705,563.89,0.0,2.23
tbn,743,0,6,297.82,564.245,90.0,0.71
tbn,743,0,7,296.705,564.6,0.0,2.23
tbn,743,0,8,295.59,565.485,90.0,1.77
tbn,743,0,9,296.74,566.37,0.0,2.3
tbn,744,0,0,301.51,567.3,3.3666,0.3406
tbn,744,0,1,301.175,567.265,8.6151,0.3338
tbn,744,0,2,300.85,567.2,14.0372,0.3298
tbn,744,0,3,300.54,567.105,20.1353,0.3195
tbn,744,0,4,300.24,566.98,25.0177,0.331
tbn,744,0,5,299.955,566.825,32.1968,0.3191
tbn,744,0,6,299.69,566.645,36.1572,0.322
tbn,744,0,7,299.44,566.445,41.187,0.3189
tbn,744,0,8,299.21,566.22,47.4894,0.3256
tbn,744,0,9,299.0,565.97,52.4297,0.328
tbn,744,0,10,298.815,565.7,58.7343,0.3276
tbn,744,0,11,298.66,565.415,64.2333,0.322
tbn,744,0,12,298.53,565.115,68.8395,0.3324
tbn,744,0,13,298.43,564.8,75.9609,0.3299
tbn,744,0,14,298.365,564.47,81.6361,0.3437
tbn,744,0,15,298.33,564.125,86.7313,0.3506
tbn,744,0,16,298.33,563.77,93.1781,0.3606
tbn,744,0,17,298.365,563.42,98.3639,0.3437
tbn,744,0,18,298.43,563.085,103.6298,0.3396
tbn,744,0,19,298.53,562.765,111.1604,0.3324
tbn,744,0,20,298.66,562.46,115.0145,0.3311
tbn,744,0,21,298.815,562.17,121.2657,0.3276
tbn,744,0,22,298.995,561.905,127.2354,0.314
tbn,744,0,23,299.2,561.66,132.5104,0.3256
tbn,744,0,24,299.43,561.435,138.813,0.3189
tbn,744,0,25,299.68,561.235,143.843,0.322
tbn,744,0,26,299.95,561.06,150.2544,0.3225
tbn,744,0,27,300.235,560.91,154.2314,0.322
tbn,744,0,28,300.535,560.79,162.1214,0.3257
tbn,744,0,29,300.85,560.7,165.9625,0.3298
tbn,744,0,30,301.175,560.635,171.3849,0.3338
tbn,744,0,31,301.51,560.6,176.6334,0.3406
tbn,744,0,32,301.85,560.6,3.3666,0.3406
tbn,744,0,33,302.185,560.635,8.6151,0.3338
tbn,744,0,34,302.51,560.7,14.0375,0.3298
tbn,744,0,35,302.825,560.79,17.8786,0.3257
tbn,744,0,36,303.125,560.91,25.7686,0.322
tbn,744,0,37,303.41,561.06,29.7456,0.3225
tbn,744,0,38,303.68,561.235,36.157,0.322
tbn,744,0,39,303.93,561.435,41.187,0.3189
tbn,744,0,40,304.16,561.66,47.4896,0.3256
tbn,744,0,41,304.365,561.905,52.7646,0.314
tbn,744,0,42,304.545,562.17,58.7343,0.3276
tbn,744,0,43,304.7,562.46,64.9855,0.3311
tbn,744,0,44,304.83,562.765,68.8396,0.3324
tbn,744,0,45,304.93,563.085,76.3702,0.3396
tbn,744,0,46,304.995,563.42,81.6361,0.3437
tbn,744,0,47,305.03,563.77,86.8219,0.3606
tbn,744,0,48,305.03,564.125,93.2687,0.3506
tbn,744,0,49,304.995,564.47,98.3639,0.3437
tbn,744,0,50,304.925,564.8,105.708,0.3324
tbn,744,0,51,304.825,565.115,109.5393,0.3289
tbn,744,0,52,304.7,565.415,115.7667,0.322
tbn,744,0,53,304.545,565.7,121.2657,0.3276
tbn,744,0,54,304.36,565.97,127.5703,0.328
tbn,744,0,55,304.15,566.22,132.5106,0.3256
tbn,744,0,56,303.92,566.445,138.813,0.3189
tbn,744,0,57,303.67,566.645,143.8428,0.322
tbn,744,0,58,303.4,566.825,148.7361,0.3276
tbn,744,0,59,303.115,566.98,154.2291,0.322
tbn,744,0,60,302.815,567.105,160.4631,0.3289
tbn,744,0,61,302.505,567.2,165.5296,0.3202
tbn,744,0,62,302.185,567.265,171.3849,0.3338
tbn,744,0,63,301.85,567.3,176.6334,0.3406
tbn,744,1,0,301.55,561.305,177.797,0.2602
tbn,744,1,1,301.3,561.33,170.5371,0.2433
tbn,744,1,2,301.06,561.385,163.7392,0.25
tbn,744,1,3,300.82,561.46,161.567,0.253
tbn,744,1,4,300.485,561.62,150.8318,0.4924
tbn,744,1,5,300.085,561.9,139.1443,0.4892
tbn,744,1,6,299.74,562.26,128.6605,0.5123
tbn,744,1,7,299.465,562.685,117.0701,0.5054
tbn,744,1,8,299.305,563.03,110.5617,0.2563
tbn,744,1,9,299.23,563.28,102.9941,0.2668
tbn,744,1,10,299.18,563.545,98.4225,0.2729
tbn,744,1,11,299.15,563.815,94.2405,0.2707
tbn,744,1,12,299.15,564.085,85.7595,0.2707
tbn,744,1,13,299.175,564.35,83.4183,0.2617
tbn,744,1,14,299.22,564.605,76.5048,0.2571
tbn,744,1,15,299.29,564.855,72.2581,0.2625
tbn,744,1,16,299.44,565.205,63.9464,0.5009
tbn,744,1,17,299.7,565.625,52.4297,0.492
tbn,744,1,18,300.035,565.985,41.7299,0.4958
tbn,744,1,19,300.435,566.27,29.168,0.4924
tbn,744,1,20,300.77,566.435,20.5568,0.2563
tbn,744,1,21,301.015,566.515,15.6422,0.2596
tbn,744,1,22,301.27,566.57,8.746,0.2631
tbn,744,1,23,301.54,566.595,2.0455,0.2802
tbn,744,1,24,301.815,566.595,177.8788,0.2702
tbn,744,1,25,302.085,566.57,171.5734,0.273
tbn,744,1,26,302.345,566.515,164.3578,0.2596
tbn,744,1,27,302.585,566.435,158.6277,0.247
tbn,744,1,28,302.92,566.27,151.3897,0.5012
tbn,744,1,29,303.325,565.985,138.2701,0.4958
tbn,744,1,30,303.655,565.625,126.635,0.486
tbn,744,1,31,303.915,565.205,117.0731,0.5054
tbn,744,1,32,304.07,564.855,107.7419,0.2625
tbn,744,1,33,304.14,564.605,103.4952,0.2571
tbn,744,1,34,304.185,564.35,96.5817,0.2617
tbn,744,1,35,304.205,564.085,92.1232,0.2702
tbn,744,1,36,304.205,563.815,87.8768,0.2702
tbn,744,1,37,304.18,563.545,81.5775,0.2729
tbn,744,1,38,304.13,563.28,77.0059,0.2668
tbn,744,1,39,304.055,563.03,69.4383,0.2563
tbn,744,1,40,303.89,562.685,61.9285,0.51
tbn,744,1,41,303.615,562.26,52.2245,0.5061
tbn,744,1,42,303.27,561.9,40.1005,0.4968
tbn,744,1,43,302.865,561.62,29.1682,0.4924
tbn,744,1,44,302.535,561.46,19.1777,0.2435
tbn,744,1,45,302.3,561.385,16.2608,0.25
tbn,744,1,46,302.055,561.33,9.0905,0.2532
tbn,744,1,47,301.805,561.305,2.2911,0.2502
tbn,745,0,0,308.005,563.54,13.6275,0.3395
tbn,745,0,1,308.32,563.645,23.4273,0.327
tbn,745,0,2,308.6,563.8,34.6942,0.3162
tbn,745,0,3,308.84,564.0,45.004,0.3111
tbn,745,0,4,309.035,564.24,56.8194,0.3107
tbn,745,0,5,309.185,564.515,65.8536,0.3178
tbn,745,0,6,309.29,564.815,75.532,0.3202
tbn,745,0,7,309.345,565.13,84.6444,0.3214
tbn,745,0,8,309.33,565.51,97.7649,0.4441
tbn,745,0,9,309.225,565.935,110.0945,0.4366
tbn,745,0,10,309.02,566.32,125.8386,0.4441
tbn,745,0,11,308.72,566.64,140.5272,0.4405
tbn,745,0,12,308.345,566.865,157.4796,0.4439
tbn,745,0,13,307.925,566.995,168.1783,0.4393
tbn,745,0,14,307.485,567.055,176.1859,0.451
tbn,745,0,15,307.04,567.075,178.698,0.4401
tbn,745,0,16,306.32,567.08,0.0,1.0
tbn,745,0,17,305.82,563.895,90.0,6.37
tbn,745,0,18,306.23,560.71,0.0,0.82
tbn,745,0,19,306.64,562.065,90.0,2.71
tbn,745,0,20,306.81,563.42,0.0,0.34
tbn,745,0,21,307.94,562.065,125.3168,3.3212
tbn,745,0,22,309.37,560.71,0.0,0.94
tbn,745,0,23,308.84,562.105,125.6347,3.4328
tbn,745,1,0,306.75,566.37,0.0,0.22
tbn,745,1,1,307.015,566.365,178.1527,0.3102
tbn,745,1,2,307.325,566.345,174.4728,0.3115
tbn,745,1,3,307.63,566.3,168.6897,0.3059
tbn,745,1,4,307.92,566.225,162.181,0.2941
tbn,745,1,5,308.18,566.11,149.7427,0.2778
tbn,745,1,6,308.39,565.94,131.9908,0.2691
tbn,745,1,7,308.54,565.715,115.6401,0.2773
tbn,745,1,8,308.625,565.425,98.6136,0.3338
tbn,745,1,9,308.63,565.095,83.0873,0.3324
tbn,745,1,10,308.55,564.8,65.2258,0.2864
tbn,745,1,11,308.405,564.57,49.6384,0.2625
tbn,745,1,12,308.205,564.4,31.3274,0.2693
tbn,745,1,13,307.955,564.28,20.324,0.2879
tbn,745,1,14,307.675,564.2,11.6889,0.2962
tbn,745,1,15,307.375,564.155,5.5277,0.3114
tbn,745,1,16,307.065,564.135,1.8477,0.3102
tbn,745,1,17,306.775,564.13,0.0,0.27
tbn,745,1,18,306.64,565.25,90.0,2.24
tbn,746,0,0,310.84,560.71,0.0,0.82
tbn,746,0,1,311.25,563.11,90.0,4.8
tbn,746,0,2,313.61,562.98,133.0089,6.9197
tbn,746,0,3,315.97,563.765,90.0,6.63
tbn,746,0,4,315.555,567.08,0.0,0.83
tbn,746,0,5,315.14,564.755,90.0,4.65
tbn,746,0,6,312.785,564.905,133.5767,6.8328
tbn,746,0,7,310.43,564.045,90.0,6.67
tbn,747,0,0,318.825,560.71,0.0,3.47
tbn,747,0,1,320.56,561.065,90.0,0.71
tbn,747,0,2,319.24,561.42,0.0,2.64
tbn,747,0,3,317.92,562.655,90.0,2.47
tbn,747,0,4,319.2,563.89,0.0,2.56
tbn,747,0,5,320.48,564.245,90.0,0.71
tbn,747,0,6,319.2,564.6,0.0,2.56
tbn,747,0,7,317.92,565.485,90.0,1.77
tbn,747,0,8,319.24,566.37,0.0,2.64
tbn,747,0,9,320.56,566.725,90.0,0.71
tbn,747,0,10,318.825,567.08,0.0,3.47
tbn,747,0,11,317.09,563.895,90.0,6.37
tbn,748,0,0,322.93,562.12,90.0,2.82
tbn,748,0,1,323.34,560.71,0.0,0.82
tbn,748,0,2,323.75,562.12,90.0,2.82
tbn,748,0,3,324.795,565.305,59.5133,4.1195
tbn,748,0,4,325.38,567.08,0.0,0.92
tbn,748,0,5,324.13,565.745,59.3849,3.1025
tbn,748,0,6,322.55,565.745,120.6156,3.1025
tbn,748,0,7,321.3,567.08,0.0,0.92
tbn,748,0,8,321.885,565.305,120.4867,4.1195
tbn,749,0,0,331.95,566.725,90.0,0.71
tbn,749,0,1,330.39,567.08,0.0,3.12
tbn,749,0,2,328.83,563.895,90.0,6.37
tbn,749,0,3,329.24,560.71,0.0,0.82
tbn,749,0,4,329.65,562.3,90.0,3.18
tbn,749,0,5,330.765,563.89,0.0,2.23
tbn,749,0,6,331.88,564.245,90.0,0.71
tbn,749,0,7,330.765,564.6,0.0,2.23
tbn,749,0,8,329.65,565.485,90.0,1.77
tbn,749,0,9,330.8,566.37,0.0,2.3
tbn,750,0,0,333.265,567.08,0.0,0.83
tbn,750,0,1,332.85,563.895,90.0,6.37
tbn,750,0,2,334.235,560.71,0.0,2.77
tbn,750,0,3,335.62,561.065,90.0,0.71
tbn,750,0,4,334.65,561.42,0.0,1.94
tbn,750,0,5,333.68,564.25,90.0,5.66
tbn,751,0,0,336.78,560.71,0.0,1.32
tbn,751,0,1,337.625,560.715,1.5479,0.3701
tbn,751,0,2,337.995,560.74,6.1704,0.3722
tbn,751,0,3,338.35,560.79,10.0083,0.3453
tbn,751,0,4,338.69,560.865,14.8267,0.3517
tbn,751,0,5,339.015,560.965,19.5369,0.3289
tbn,751,0,6,339.32,561.085,23.427,0.327
tbn,751,0,7,339.61,561.23,29.745,0.3225
tbn,751,0,8,339.88,561.405,36.1575,0.322
tbn,751,0,9,340.125,561.605,42.3997,0.3114
tbn,751,0,10,340.345,561.83,48.8154,0.3189
tbn,751,0,11,340.54,562.08,55.3012,0.3162
tbn,751,0,12,340.71,562.355,61.1129,0.3312
tbn,751,0,13,340.85,562.66,69.4447,0.3418
tbn,751,0,14,340.955,562.99,75.1741,0.3517
tbn,751,0,15,341.025,563.345,82.3058,0.3734
tbn,751,0,16,341.06,563.73,87.1348,0.4005
tbn,751,0,17,341.06,564.12,93.0157,0.3805
tbn,751,0,18,341.025,564.495,97.6942,0.3734
tbn,751,0,19,340.95,564.845,106.8594,0.3448
tbn,751,0,20,340.84,565.165,111.1604,0.3324
tbn,751,0,21,340.705,565.46,118.1777,0.3176
tbn,751,0,22,340.535,565.73,126.1585,0.322
tbn,751,0,23,340.335,565.975,132.4002,0.3115
tbn,751,0,24,340.115,566.195,137.6003,0.3114
tbn,751,0,25,339.87,566.39,145.3058,0.3162
tbn,751,0,26,339.6,566.56,150.255,0.3225
tbn,751,0,27,339.315,566.71,154.2314,0.322
tbn,751,0,28,339.01,566.83,162.6447,0.3352
tbn,751,0,29,338.685,566.925,164.7456,0.3421
tbn,751,0,30,338.35,567.0,169.992,0.3452
tbn,751,0,31,338.005,567.045,175.1009,0.3513
tbn,751,0,32,337.65,567.07,176.8203,0.3605
tbn,751,0,33,336.795,567.08,0.0,1.35
tbn,751,0,34,336.12,563.895,90.0,6.37
tbn,751,1,0,337.08,566.37,0.0,0.28
tbn,751,1,1,337.37,566.365,178.0907,0.3002
tbn,751,1,2,337.67,566.35,176.1864,0.3007
tbn,751,1,3,337.96,566.32,171.8697,0.2828
tbn,751,1,4,338.24,566.27,167.9053,0.2864
tbn,751,1,5,338.51,566.205,164.93,0.2692
tbn,751,1,6,338.765,566.125,160.2011,0.2657
tbn,751,1,7,339.01,566.025,155.3786,0.264
tbn,751,1,8,339.235,565.9,146.3086,0.2524
tbn,751,1,9,339.44,565.755,143.1319,0.25
tbn,751,1,10,339.63,565.59,134.9991,0.2546
tbn,751,1,11,339.795,565.4,126.8687,0.25
tbn,751,1,12,339.935,565.185,119.4769,0.2642
tbn,751,1,13,340.05,564.945,111.8026,0.2693
tbn,751,1,14,340.14,564.68,105.9428,0.2912
tbn,751,1,15,340.205,564.385,99.1602,0.314
tbn,751,1,16,340.24,564.06,93.3697,0.3406
tbn,751,1,17,340.24,563.725,86.5284,0.3306
tbn,751,1,18,340.205,563.405,80.8398,0.314
tbn,751,1,19,340.14,563.11,74.0572,0.2912
tbn,751,1,20,340.05,562.845,68.1974,0.2693
tbn,751,1,21,339.935,562.605,60.5231,0.2642
tbn,751,1,22,339.795,562.39,53.1313,0.25
tbn,751,1,23,339.63,562.2,45.0012,0.2546
tbn,751,1,24,339.44,562.035,36.8681,0.25
tbn,751,1,25,339.235,561.89,33.691,0.2524
tbn,751,1,26,339.01,561.765,24.6218,0.264
tbn,751,1,27,338.765,561.665,19.7989,0.2657
tbn,751,1,28,338.51,561.58,17.1036,0.272
tbn,751,1,29,338.24,561.515,10.1253,0.2844
tbn,751,1,30,337.96,561.47,8.1296,0.2828
tbn,751,1,31,337.67,561.435,5.7107,0.3015
tbn,751,1,32,337.37,561.42,0.0,0.3
tbn,751,1,33,337.08,561.42,0.0,0.28
tbn,751,1,34,336.94,563.895,90.0,4.95
tbn,752,0,0,8.85,358.4512,0.0,7.7
tbn,752,0,1,8.85,358.4512,0.0,7.7
tbn,753,0,0,5.0,298.7256,90.0,119.4512
tbn,753,0,1,8.85,239.0,0.0,7.7
tbn,753,0,2,12.7,298.7256,90.0,119.4512
tbn,753,0,3,8.85,358.4512,0.0,7.7
tbn,754,0,0,378.21,239.0,0.0,7.7
tbn,754,0,1,378.21,239.0,0.0,7.7
tbn,755,0,0,382.06,298.7256,90.0,119.4512
tbn,755,0,1,378.56,358.4512,0.0,7.0
tbn,755,0,2,375.06,298.7256,90.0,119.4512
tbn,755,0,3,378.56,239.0,0.0,7.0
