airport,object_id,kind,source_layer,label,left,top,right,bottom,width,height,bbox_area,poly_area,perimeter,centroid_x,centroid_y,aspect,num_anchors,subpath_count,closed,filled,fill_kind,fill_r,fill_g,fill_b,stroked,stroke_kind,stroke_r,stroke_g,stroke_b,stroke_width,principal_angle,principal_ratio,longest_segment_angle,longest_segment_length,artboard_left,artboard_top,artboard_right,artboard_bottom,hull_area
lvj,0,path,,UNLABELED,137.1,278.68,156.59,256.95,19.49,21.73,423.518,91.5842,69.0557,146.845,267.815,0.8969,34,1,0,1,rgb,207,207,207,0,none,,,,0.0,22.9976,2.2081,46.5514,6.529,0.0,594.0,387.36,0.0,213.3885
lvj,1,path,,UNLABELED,41.15,412.57,60.33,394.62,19.18,17.95,344.2809,58.6592,63.0026,50.74,403.595,1.0685,25,1,0,1,rgb,207,207,207,0,none,,,,0.0,31.9424,3.8486,35.3026,6.8005,0.0,594.0,387.36,0.0,173.6983
lvj,2,path,,UNLABELED,32.2,413.63,235.88,127.62,203.68,286.01,58254.5211,829.5851,700.1317,134.04,270.625,0.7121,4,1,0,1,rgb,207,207,207,0,none,,,,0.0,125.3278,21526.5106,125.3273,348.8825,0.0,594.0,387.36,0.0,829.5851
lvj,3,path,,UNLABELED,119.27,243.65,130.98,232.02,11.71,11.63,136.1873,32.1478,38.7534,125.125,237.835,1.0069,38,1,0,1,rgb,207,207,207,0,none,,,,0.0,109.084,2.0771,136.0331,3.529,0.0,594.0,387.36,0.0,68.1599
lvj,4,path,,UNLABELED,122.48,233.3,151.05,205.42,28.57,27.88,796.5317,246.0448,72.334,136.765,219.36,1.0247,4,1,0,1,rgb,207,207,207,0,none,,,,0.0,136.2155,18.0029,136.0658,32.3133,0.0,594.0,387.36,0.0,246.0448
lvj,5,path,,UNLABELED,127.78,235.48,153.1,210.88,25.32,24.6,622.8721,96.7861,67.6044,140.44,223.18,1.0293,4,1,0,1,rgb,207,207,207,0,none,,,,0.0,136.0427,116.3306,136.0658,32.3133,0.0,594.0,387.36,0.0,96.7861
lvj,6,path,,UNLABELED,136.15,205.42,147.53,194.44,11.38,10.98,124.9522,31.8612,37.5837,141.84,199.93,1.0364,19,1,0,1,rgb,207,207,207,0,none,,,,0.0,156.3563,2.2921,136.4393,5.6304,0.0,594.0,387.36,0.0,62.3792
lvj,7,path,,UNLABELED,161.31,226.61,167.94,218.98,6.63,7.63,50.587,13.2405,24.9725,164.625,222.795,0.8689,21,1,0,1,rgb,207,207,207,0,none,,,,0.0,138.1456,2.3363,125.3297,3.1991,0.0,594.0,387.36,0.0,23.9593
lvj,8,path,,UNLABELED,168.44,193.87,228.47,125.11,60.03,68.76,4127.6633,273.4404,222.1389,198.455,159.49,0.873,48,1,0,1,rgb,207,207,207,0,none,,,,0.0,130.6611,19.6882,136.0275,41.7967,0.0,594.0,387.36,0.0,1031.243
lvj,9,path,,UNLABELED,154.74,220.68,176.88,195.67,22.14,25.01,553.7216,239.8935,44.2772,165.81,208.175,0.8852,4,1,0,1,rgb,207,207,207,0,none,,,,0.0,128.9623,4.5831,125.3221,23.1765,0.0,594.0,387.36,0.0,239.8935
lvj,10,path,,UNLABELED,147.53,209.29,169.07,190.44,21.54,18.85,406.0293,113.392,37.6022,158.3,199.865,1.1427,6,1,0,1,rgb,207,207,207,0,none,,,,0.0,142.8437,11.7967,136.4149,17.7538,0.0,594.0,387.36,0.0,141.1462
lvj,11,path,,UNLABELED,154.66,193.51,170.93,176.61,16.27,16.9,274.9627,53.3605,52.9054,162.795,185.06,0.9627,16,1,0,1,rgb,207,207,207,0,none,,,,0.0,46.2318,2.2768,46.5482,10.469,0.0,594.0,387.36,0.0,122.9914
lvj,12,path,,UNLABELED,171.11,201.77,178.41,193.87,7.3,7.9,57.67,21.1323,18.9519,174.76,197.82,0.9241,4,1,0,1,rgb,207,207,207,0,none,,,,0.0,47.2422,9.9249,46.5925,8.3966,0.0,594.0,387.36,0.0,21.1323
lvj,13,path,,UNLABELED,175.5,206.23,182.29,197.72,6.79,8.51,57.7829,14.9946,26.7665,178.895,201.975,0.7979,17,1,0,1,rgb,207,207,207,0,none,,,,0.0,129.4855,2.6407,125.1853,3.4015,0.0,594.0,387.36,0.0,26.4649
lvj,14,path,,UNLABELED,177.73,221.06,196.31,200.75,18.58,20.31,377.3598,62.1747,66.1663,187.02,210.905,0.9148,37,1,0,1,rgb,207,207,207,0,none,,,,0.0,56.6242,3.0703,46.5447,6.5572,0.0,594.0,387.36,0.0,187.9867
lvj,15,path,,UNLABELED,172.97,199.61,203.05,164.85,30.08,34.76,1045.5812,165.2639,84.4041,188.01,182.23,0.8654,3,1,0,1,rgb,207,207,207,0,none,,,,0.0,130.4679,38.0654,125.3313,42.6074,0.0,594.0,387.36,0.0,165.2639
lvj,16,path,,UNLABELED,129.85,246.24,153.02,223.04,23.17,23.2,537.5442,266.6391,47.6829,141.435,234.64,0.9987,4,1,0,1,rgb,207,207,207,0,none,,,,0.0,135.4908,1.4479,136.4479,17.9097,0.0,594.0,387.36,0.0,266.6391
lvj,17,path,,UNLABELED,142.74,233.9,162.13,213.05,19.39,20.85,404.281,151.1597,76.3188,152.435,223.475,0.93,13,1,0,1,rgb,207,207,207,0,none,,,,0.0,59.0447,1.3129,136.0417,14.392,0.0,594.0,387.36,0.0,205.6753
lvj,18,path,,UNLABELED,207.31,129.88,216.86,120.46,9.55,9.42,89.9609,40.6444,18.0373,212.085,125.17,1.0138,4,1,0,1,rgb,207,207,207,0,none,,,,0.0,136.37,3.6288,136.3816,8.799,0.0,594.0,387.36,0.0,40.6444
lvj,19,path,,UNLABELED,214.93,123.23,223.4,114.9,8.47,8.33,70.555,30.3236,20.0527,219.165,119.065,1.0168,4,1,0,1,rgb,207,207,207,0,none,,,,0.0,136.3686,4.8527,136.3874,8.1766,0.0,594.0,387.36,0.0,30.3236
lvj,20,path,,UNLABELED,222.12,158.51,240.31,138.66,18.19,19.85,361.0711,59.8444,64.161,231.215,148.585,0.9164,29,1,0,1,rgb,207,207,207,0,none,,,,0.0,33.1649,3.2085,125.2725,6.5285,0.0,594.0,387.36,0.0,178.493
lvj,21,path,,UNLABELED,229.03,147.91,245.57,129.13,16.54,18.78,310.6211,57.4467,57.2081,237.3,138.52,0.8807,18,1,0,1,rgb,207,207,207,0,none,,,,0.0,53.3814,4.7268,35.3369,10.6158,0.0,594.0,387.36,0.0,146.3607
lvj,22,path,,UNLABELED,184.6,175.93,192.68,167.92,8.08,8.01,64.7209,29.2785,15.307,188.64,171.925,1.0087,4,1,0,1,rgb,207,207,207,0,none,,,,0.0,136.079,3.5957,136.3601,7.4479,0.0,594.0,387.36,0.0,29.2785
lvj,23,path,,UNLABELED,145.88,222.58,163.48,203.85,17.6,18.73,329.6483,53.426,49.0981,154.68,213.215,0.9397,4,1,0,1,rgb,207,207,207,0,none,,,,0.0,46.6041,105.2544,46.5602,23.6332,0.0,594.0,387.36,0.0,53.426
lvj,24,path,,UNLABELED,152.69,211.46,172.97,191.72,20.28,19.74,400.327,75.3385,53.6437,162.83,201.59,1.0274,4,1,0,1,rgb,207,207,207,0,none,,,,0.0,136.0405,72.5191,136.0236,25.3326,0.0,594.0,387.36,0.0,75.3385
lvj,25,path,,UNLABELED,309.34,235.26,327.88,217.34,18.54,17.92,332.2366,42.4743,67.2968,318.61,226.3,1.0346,24,1,0,1,rgb,207,207,207,0,none,,,,0.0,132.2381,13.3514,136.3949,17.4283,0.0,594.0,387.36,0.0,125.8983
lvj,26,path,,UNLABELED,302.49,227.2,339.64,191.31,37.15,35.89,1333.3127,135.267,162.3359,321.065,209.255,1.0351,62,1,0,1,rgb,207,207,207,0,none,,,,0.0,134.9709,41.4014,136.4128,31.5466,0.0,594.0,387.36,0.0,288.7453
lvj,27,path,,UNLABELED,295.82,217.6,313.39,199.58,17.57,18.02,316.6113,48.0037,65.0644,304.605,208.59,0.975,32,1,0,1,rgb,207,207,207,0,none,,,,0.0,133.2642,49.0321,136.4336,20.6328,0.0,594.0,387.36,0.0,77.7401
lvj,28,path,,UNLABELED,289.68,211.12,317.25,186.55,27.57,24.57,677.3944,131.6276,118.1903,303.465,198.835,1.1221,55,1,0,1,rgb,207,207,207,0,none,,,,0.0,135.7292,11.5597,46.5372,12.1242,0.0,594.0,387.36,0.0,251.3968
lvj,29,path,,UNLABELED,281.13,234.22,297.0,218.73,15.87,15.49,245.8261,56.8243,48.0707,289.065,226.475,1.0245,10,1,0,1,rgb,207,207,207,0,none,,,,0.0,141.4478,6.6513,136.433,11.5931,0.0,594.0,387.36,0.0,87.0189
lvj,30,path,,UNLABELED,279.21,200.68,307.32,176.96,28.11,23.72,666.768,87.2102,122.7638,293.265,188.82,1.1851,69,1,0,1,rgb,207,207,207,0,none,,,,0.0,141.2626,36.2547,136.4475,5.878,0.0,594.0,387.36,0.0,188.7665
lvj,31,path,,UNLABELED,269.11,195.09,308.39,145.22,39.28,49.87,1958.8933,372.1938,431.6917,288.75,170.155,0.7876,201,1,0,1,rgb,207,207,207,0,none,,,,0.0,120.5073,3.0408,46.5731,19.3184,0.0,594.0,387.36,0.0,1031.563
lvj,32,path,,UNLABELED,320.61,236.92,347.81,208.44,27.2,28.48,774.6549,126.9938,74.0254,334.21,222.68,0.9551,8,1,0,1,rgb,207,207,207,0,none,,,,0.0,47.7389,34.4284,46.55,36.3374,0.0,594.0,387.36,0.0,179.3529
lvj,33,path,,UNLABELED,217.15,217.16,275.51,182.42,58.36,34.74,2027.4276,342.1375,296.6251,246.33,199.79,1.6799,72,1,0,1,rgb,207,207,207,0,none,,,,0.0,13.6346,4.9449,46.9452,34.7885,0.0,594.0,387.36,0.0,1159.6646
lvj,34,path,,UNLABELED,237.68,248.52,341.49,154.85,103.81,93.67,9723.8839,525.8385,355.9135,289.585,201.685,1.1083,48,1,0,1,rgb,207,207,207,0,none,,,,0.0,43.4059,110.6981,46.5506,82.0544,0.0,594.0,387.36,0.0,2210.7235
lvj,35,path,,UNLABELED,176.29,135.33,210.5,103.61,34.21,31.72,1085.1415,124.6917,112.7058,193.395,119.47,1.0785,37,1,0,1,rgb,207,207,207,0,none,,,,0.0,136.9147,68.89,136.4091,23.2921,0.0,594.0,387.36,0.0,235.3534
lvj,36,path,,UNLABELED,180.6,120.62,205.86,91.64,25.26,28.98,732.0349,156.3403,128.7213,193.23,106.13,0.8716,62,1,0,1,rgb,207,207,207,0,none,,,,0.0,117.2048,1.6552,136.4262,10.2279,0.0,594.0,387.36,0.0,401.4965
lvj,37,path,,UNLABELED,160.05,149.59,193.33,116.06,33.28,33.53,1115.8783,138.2277,126.3496,176.69,132.825,0.9925,33,1,0,1,rgb,207,207,207,0,none,,,,0.0,44.3999,16.0582,46.5647,26.4132,0.0,594.0,387.36,0.0,370.0569
lvj,38,path,,UNLABELED,169.75,181.74,184.24,167.22,14.49,14.52,210.3952,40.0955,57.5441,176.995,174.48,0.9979,41,1,0,1,rgb,207,207,207,0,none,,,,0.0,43.5799,11.919,46.5046,3.5014,0.0,594.0,387.36,0.0,82.0242
lvj,39,path,,UNLABELED,134.33,173.89,169.18,137.15,34.85,36.74,1280.3889,144.8103,150.0191,151.755,155.52,0.9486,60,1,0,1,rgb,207,207,207,0,none,,,,0.0,48.3347,86.1062,46.5416,43.6302,0.0,594.0,387.36,0.0,249.101
lvj,40,path,,UNLABELED,142.45,166.03,178.54,129.45,36.09,36.58,1320.1716,187.5459,194.4282,160.495,147.74,0.9866,81,1,0,1,rgb,207,207,207,0,none,,,,0.0,41.6239,27.6256,46.5666,23.796,0.0,594.0,387.36,0.0,412.8439
lvj,41,path,,UNLABELED,107.36,266.0,225.75,116.64,118.39,149.36,17682.7286,777.6503,529.1672,166.555,191.32,0.7926,64,1,0,1,rgb,207,207,207,0,none,,,,0.0,120.5425,8.839,136.4156,86.7248,0.0,594.0,387.36,0.0,5012.7625
lvj,42,path,,UNLABELED,213.66,382.53,226.73,370.88,13.07,11.65,152.2653,26.4438,48.5477,220.195,376.705,1.1219,33,1,0,1,rgb,207,207,207,0,none,,,,0.0,138.5392,27.801,136.5256,13.5459,0.0,594.0,387.36,0.0,48.9262
lvj,43,path,,UNLABELED,219.63,389.18,233.82,375.17,14.19,14.01,198.8019,38.4329,68.9672,226.725,382.175,1.0128,44,1,0,1,rgb,207,207,207,0,none,,,,0.0,133.8768,12.3853,136.5315,3.9683,0.0,594.0,387.36,0.0,74.5852
lvj,44,path,,UNLABELED,225.57,395.41,239.79,381.42,14.22,13.99,198.9377,29.458,54.4407,232.68,388.415,1.0164,30,1,0,1,rgb,207,207,207,0,none,,,,0.0,132.7927,30.3776,136.5659,16.0432,0.0,594.0,387.36,0.0,58.1543
lvj,45,path,,UNLABELED,205.15,403.4,222.13,388.3,16.98,15.1,256.398,33.446,58.4953,213.64,395.85,1.1245,34,1,0,1,rgb,207,207,207,0,none,,,,0.0,138.8622,43.4383,136.5505,18.5542,0.0,594.0,387.36,0.0,66.1517
lvj,46,path,,UNLABELED,202.9,397.48,217.17,382.52,14.27,14.96,213.4791,28.7083,51.46,210.035,390.0,0.9539,24,1,0,1,rgb,207,207,207,0,none,,,,0.0,133.1395,34.458,136.569,15.7532,0.0,594.0,387.36,0.0,61.4275
lvj,47,path,,UNLABELED,153.78,400.49,237.75,273.6,83.97,126.89,10654.9547,409.69,376.1655,195.765,337.045,0.6618,37,1,0,1,rgb,207,207,207,0,none,,,,0.0,55.3973,25.4767,46.5528,113.2494,0.0,594.0,387.36,0.0,2907.9534
lvj,48,path,,UNLABELED,186.54,167.6,201.47,152.36,14.93,15.24,227.5332,44.6887,67.1544,194.005,159.98,0.9797,45,1,0,1,rgb,207,207,207,0,none,,,,0.0,49.3345,8.0422,46.5961,4.5697,0.0,594.0,387.36,0.0,103.8721
lvj,49,path,,UNLABELED,198.88,158.31,206.69,150.29,7.81,8.02,62.6361,33.4766,25.5395,202.785,154.3,0.9738,9,1,0,1,rgb,207,207,207,0,none,,,,0.0,93.6463,1.1039,136.4065,6.3376,0.0,594.0,387.36,0.0,36.9741
lvj,50,path,,UNLABELED,205.77,151.8,209.99,147.27,4.22,4.53,19.1166,6.0344,7.5432,207.88,149.535,0.9316,4,1,0,1,rgb,207,207,207,0,none,,,,0.0,46.9007,16.8227,46.5912,5.0931,0.0,594.0,387.36,0.0,6.0344
lvj,51,path,,UNLABELED,208.17,149.04,211.97,144.95,3.8,4.09,15.542,5.4382,6.9856,210.07,146.995,0.9291,4,1,0,1,rgb,207,207,207,0,none,,,,0.0,46.9926,11.7899,46.4595,4.4421,0.0,594.0,387.36,0.0,5.4382
lvj,52,path,,UNLABELED,210.75,146.08,214.0,142.58,3.25,3.5,11.375,4.1563,6.049,212.375,144.33,0.9286,4,1,0,1,rgb,207,207,207,0,none,,,,0.0,47.1273,10.0279,46.5187,3.7348,0.0,594.0,387.36,0.0,4.1563
lvj,53,path,,UNLABELED,213.15,143.32,216.61,140.28,3.46,3.04,10.5184,3.5335,6.1599,214.88,141.8,1.1382,5,1,0,1,rgb,207,207,207,0,none,,,,0.0,42.7764,9.492,46.4423,3.091,0.0,594.0,387.36,0.0,3.9886
lvj,54,path,,UNLABELED,207.7,137.34,210.5,134.47,2.8,2.87,8.036,3.2517,6.8966,209.1,135.905,0.9756,4,1,0,1,rgb,207,207,207,0,none,,,,0.0,46.5154,6.5285,46.4039,2.8859,0.0,594.0,387.36,0.0,3.2517
lvj,55,path,,UNLABELED,205.13,139.79,208.06,136.79,2.93,3.0,8.79,3.7873,5.51,206.595,138.29,0.9767,4,1,0,1,rgb,207,207,207,0,none,,,,0.0,46.6317,4.7896,46.5482,2.879,0.0,594.0,387.36,0.0,3.7873
lvj,56,path,,UNLABELED,202.76,142.04,205.67,139.07,2.91,2.97,8.6427,3.6861,5.4397,204.215,140.555,0.9798,4,1,0,1,rgb,207,207,207,0,none,,,,0.0,46.5398,5.0561,46.5482,2.879,0.0,594.0,387.36,0.0,3.6861
lvj,57,path,,UNLABELED,200.22,144.46,203.18,141.43,2.96,3.03,8.9688,3.9094,5.5948,201.7,142.945,0.9769,4,1,0,1,rgb,207,207,207,0,none,,,,0.0,46.6497,4.4951,46.5482,2.879,0.0,594.0,387.36,0.0,3.9094
lvj,58,path,,UNLABELED,171.55,188.57,177.15,182.95,5.6,5.62,31.472,15.7261,12.0311,174.35,185.76,0.9964,4,1,0,1,rgb,207,207,207,0,none,,,,0.0,134.2212,1.1494,136.0846,4.109,0.0,594.0,387.36,0.0,15.7261
lvj,59,path,,UNLABELED,154.69,165.47,158.02,162.15,3.33,3.32,11.0556,5.4233,6.7269,156.355,163.81,1.003,4,1,0,1,rgb,207,207,207,0,none,,,,0.0,136.04,1.7558,136.3603,2.6807,0.0,594.0,387.36,0.0,5.4233
lvj,60,path,,UNLABELED,151.53,162.05,154.79,158.82,3.26,3.23,10.5298,5.1254,6.5076,153.16,160.435,1.0093,4,1,0,1,rgb,207,207,207,0,none,,,,0.0,136.5527,1.9456,136.5148,2.6738,0.0,594.0,387.36,0.0,5.1254
lvj,61,path,,UNLABELED,34.76,418.46,53.59,404.15,18.83,14.31,269.4572,53.6513,55.0102,44.175,411.305,1.3159,20,1,0,1,rgb,207,207,207,0,none,,,,0.0,21.842,6.2773,35.3112,11.4702,0.0,594.0,387.36,0.0,134.7481
lvj,62,path,,UNLABELED,56.03,422.37,58.88,419.52,2.85,2.85,8.1225,2.1068,4.7735,57.455,420.945,1.0,4,1,0,1,rgb,0,0,0,0,none,,,,0.0,45.0,9.8583,34.1055,3.442,0.0,594.0,387.36,0.0,2.1988
lvj,63,path,,UNLABELED,57.47,430.41,66.92,420.96,9.45,9.45,89.3025,0.0,13.3643,62.195,425.685,1.0,2,1,0,0,none,,,,1,rgb,0,0,0,0.39,45.0,1000000.0,45.0,13.3643,0.0,594.0,387.36,0.0,0.0
lvj,64,path,,UNLABELED,159.17,54.5,162.06,54.5,2.89,0.0,0.0,0.0,2.89,160.615,54.5,0.0,2,1,0,0,none,,,,1,rgb,0,0,0,0.39,0.0,1000000.0,0.0,2.89,0.0,594.0,387.36,0.0,0.0
lvj,65,path,,UNLABELED,159.17,102.14,162.06,102.14,2.89,0.0,0.0,0.0,2.89,160.615,102.14,0.0,2,1,0,0,none,,,,1,rgb,0,0,0,0.39,0.0,1000000.0,0.0,2.89,0.0,594.0,387.36,0.0,0.0
lvj,66,path,,UNLABELED,159.17,197.42,162.06,197.42,2.89,0.0,0.0,0.0,2.89,160.615,197.42,0.0,2,1,0,0,none,,,,1,rgb,0,0,0,0.39,0.0,1000000.0,0.0,2.89,0.0,594.0,387.36,0.0,0.0
lvj,67,path,,UNLABELED,159.17,245.07,162.06,245.07,2.89,0.0,0.0,0.0,2.89,160.615,245.07,0.0,2,1,0,0,none,,,,1,rgb,0,0,0,0.39,0.0,1000000.0,0.0,2.89,0.0,594.0,387.36,0.0,0.0
lvj,68,path,,UNLABELED,159.17,292.71,162.06,292.71,2.89,0.0,0.0,0.0,2.89,160.615,292.71,0.0,2,1,0,0,none,,,,1,rgb,0,0,0,0.39,0.0,1000000.0,0.0,2.89,0.0,594.0,387.36,0.0,0.0
lvj,69,path,,UNLABELED,159.17,340.35,162.06,340.35,2.89,0.0,0.0,0.0,2.89,160.615,340.35,0.0,2,1,0,0,none,,,,1,rgb,0,0,0,0.39,0.0,1000000.0,0.0,2.89,0.0,594.0,387.36,0.0,0.0
lvj,70,path,,UNLABELED,159.17,435.63,162.05,435.63,2.88,0.0,0.0,0.0,2.88,160.61,435.63,0.0,2,1,0,0,none,,,,1,rgb,0,0,0,0.39,0.0,1000000.0,0.0,2.88,0.0,594.0,387.36,0.0,0.0
lvj,71,path,,UNLABELED,159.17,483.28,162.05,483.28,2.88,0.0,0.0,0.0,2.88,160.61,483.28,0.0,2,1,0,0,none,,,,1,rgb,0,0,0,0.39,0.0,1000000.0,0.0,2.88,0.0,594.0,387.36,0.0,0.0
lvj,72,path,,UNLABELED,159.17,530.92,162.05,530.92,2.88,0.0,0.0,0.0,2.88,160.61,530.92,0.0,2,1,0,0,none,,,,1,rgb,0,0,0,0.39,0.0,1000000.0,0.0,2.88,0.0,594.0,387.36,0.0,0.0
lvj,73,path,,UNLABELED,328.74,152.67,328.74,149.79,0.0,2.88,0.0,0.0,2.88,328.74,151.23,0.0,2,1,0,0,none,,,,1,rgb,0,0,0,0.39,90.0,1000000.0,90.0,2.88,0.0,594.0,387.36,0.0,0.0
lvj,74,path,,UNLABELED,287.07,152.67,287.07,149.79,0.0,2.88,0.0,0.0,2.88,287.07,151.23,0.0,2,1,0,0,none,,,,1,rgb,0,0,0,0.39,90.0,1000000.0,90.0,2.88,0.0,594.0,387.36,0.0,0.0
lvj,75,path,,UNLABELED,245.4,152.67,245.4,149.79,0.0,2.88,0.0,0.0,2.88,245.4,151.23,0.0,2,1,0,0,none,,,,1,rgb,0,0,0,0.39,90.0,1000000.0,90.0,2.88,0.0,594.0,387.36,0.0,0.0
lvj,76,path,,UNLABELED,203.73,152.67,203.73,149.78,0.0,2.89,0.0,0.0,2.89,203.73,151.225,0.0,2,1,0,0,none,,,,1,rgb,0,0,0,0.39,90.0,1000000.0,90.0,2.89,0.0,594.0,387.36,0.0,0.0
lvj,77,path,,UNLABELED,120.39,152.67,120.39,149.78,0.0,2.89,0.0,0.0,2.89,120.39,151.225,0.0,2,1,0,0,none,,,,1,rgb,0,0,0,0.39,90.0,1000000.0,90.0,2.89,0.0,594.0,387.36,0.0,0.0
lvj,78,path,,UNLABELED,78.72,152.67,78.72,149.79,0.0,2.88,0.0,0.0,2.88,78.72,151.23,0.0,2,1,0,0,none,,,,1,rgb,0,0,0,0.39,90.0,1000000.0,90.0,2.88,0.0,594.0,387.36,0.0,0.0
lvj,79,path,,UNLABELED,37.05,152.67,37.05,149.79,0.0,2.88,0.0,0.0,2.88,37.05,151.23,0.0,2,1,0,0,none,,,,1,rgb,0,0,0,0.39,90.0,1000000.0,90.0,2.88,0.0,594.0,387.36,0.0,0.0
lvj,80,path,,UNLABELED,328.72,390.88,328.72,388.0,0.0,2.88,0.0,0.0,2.88,328.72,389.44,0.0,2,1,0,0,none,,,,1,rgb,0,0,0,0.39,90.0,1000000.0,90.0,2.88,0.0,594.0,387.36,0.0,0.0
lvj,81,path,,UNLABELED,287.05,390.88,287.05,388.0,0.0,2.88,0.0,0.0,2.88,287.05,389.44,0.0,2,1,0,0,none,,,,1,rgb,0,0,0,0.39,90.0,1000000.0,90.0,2.88,0.0,594.0,387.36,0.0,0.0
lvj,82,path,,UNLABELED,245.39,390.88,245.39,388.0,0.0,2.88,0.0,0.0,2.88,245.39,389.44,0.0,2,1,0,0,none,,,,1,rgb,0,0,0,0.39,90.0,1000000.0,90.0,2.88,0.0,594.0,387.36,0.0,0.0
lvj,83,path,,UNLABELED,203.72,390.88,203.72,387.99,0.0,2.89,0.0,0.0,2.89,203.72,389.435,0.0,2,1,0,0,none,,,,1,rgb,0,0,0,0.39,90.0,1000000.0,90.0,2.89,0.0,594.0,387.36,0.0,0.0
lvj,84,path,,UNLABELED,120.39,390.88,120.39,387.99,0.0,2.89,0.0,0.0,2.89,120.39,389.435,0.0,2,1,0,0,none,,,,1,rgb,0,0,0,0.39,90.0,1000000.0,90.0,2.89,0.0,594.0,387.36,0.0,0.0
lvj,85,path,,UNLABELED,78.72,390.88,78.72,387.99,0.0,2.89,0.0,0.0,2.89,78.72,389.435,0.0,2,1,0,0,none,,,,1,rgb,0,0,0,0.39,90.0,1000000.0,90.0,2.89,0.0,594.0,387.36,0.0,0.0
lvj,86,path,,UNLABELED,37.05,390.88,37.05,388.0,0.0,2.88,0.0,0.0,2.88,37.05,389.44,0.0,2,1,0,0,none,,,,1,rgb,0,0,0,0.39,90.0,1000000.0,90.0,2.88,0.0,594.0,387.36,0.0,0.0
lvj,87,path,,UNLABELED,243.98,141.9,245.57,138.46,1.59,3.44,5.4696,2.1139,4.7958,244.775,140.18,0.4622,4,1,0,1,rgb,0,0,0,0,none,,,,0.0,73.4947,9.8909,62.6198,3.4573,0.0,594.0,387.36,0.0,2.2129
lvj,88,path,,UNLABELED,242.2,139.93,244.99,130.48,2.79,9.45,26.3655,0.0,9.8533,243.595,135.205,0.2952,2,1,0,0,none,,,,1,rgb,0,0,0,0.39,73.5514,1000000.0,73.5514,9.8533,0.0,594.0,387.36,0.0,0.0
lvj,89,path,,UNLABELED,18.04,149.79,335.4,149.78,317.36,0.01,3.1767,1.5883,317.36,176.72,149.785,31705.0373,3,1,0,0,none,,,,1,rgb,0,0,0,0.39,0.0001,1000000.0,0.0033,173.34,0.0,594.0,387.36,0.0,1.5883
lvj,90,path,,UNLABELED,162.06,200.32,162.06,52.32,0.0,148.0,0.0,0.0,148.0,162.06,126.32,0.0,2,1,0,0,none,,,,1,rgb,0,0,0,0.39,90.0,1000000.0,90.0,148.0,0.0,594.0,387.36,0.0,0.0
lvj,91,path,,UNLABELED,18.04,388.0,336.03,387.99,317.99,0.01,3.1782,1.5891,317.99,177.035,387.995,31816.4771,3,1,0,0,none,,,,1,rgb,0,0,0,0.39,0.0001,1000000.0,0.0033,173.98,0.0,594.0,387.36,0.0,1.5891
lvj,92,path,,UNLABELED,162.05,549.11,162.06,215.79,0.01,333.32,3.3314,0.0,333.32,162.055,382.45,0.0,2,1,0,0,none,,,,1,rgb,0,0,0,0.39,90.0017,1000000.0,90.0017,333.32,0.0,594.0,387.36,0.0,0.0
lvj,93,path,,UNLABELED,292.6,360.83,292.6,290.94,0.0,69.89,0.0,0.0,69.89,292.6,325.885,0.0,2,1,0,0,none,,,,1,rgb,0,0,0,0.39,90.0,1000000.0,90.0,69.89,0.0,594.0,387.36,0.0,0.0
lvj,94,path,,UNLABELED,292.6,356.43,312.7,290.94,20.1,65.49,1316.3492,0.0,68.5051,302.65,323.685,0.3069,2,1,0,0,none,,,,1,rgb,0,0,0,0.39,72.9378,1000000.0,72.9378,68.5051,0.0,594.0,387.36,0.0,0.0
lvj,95,path,,UNLABELED,309.89,356.43,312.7,347.28,2.81,9.15,25.7115,8.0921,18.0312,311.295,351.855,0.3071,10,1,0,1,rgb,0,0,0,0,none,,,,0.0,78.5171,27.4314,72.9281,9.5718,0.0,594.0,387.36,0.0,10.0372
lvj,96,path,,UNLABELED,290.15,362.49,295.05,351.82,4.9,10.67,52.2833,22.8186,20.4339,292.6,357.155,0.4592,6,1,0,1,rgb,0,0,0,0,none,,,,0.0,89.8987,5.0376,102.5423,4.651,0.0,594.0,387.36,0.0,26.1416
lvj,97,compound,,UNLABELED,146.42,51.25,149.4,46.4,2.98,4.85,14.4529,5.2386,20.0138,147.91,48.825,0.6144,70,2,0,1,rgb,0,0,0,0,none,,,,0.0,75.2157,1.566,53.4774,2.638,0.0,594.0,387.36,0.0,9.611
lvj,98,path,,UNLABELED,149.78,51.08,152.86,46.4,3.08,4.68,14.4144,5.1238,20.7032,151.32,48.74,0.6581,67,1,0,1,rgb,0,0,0,0,none,,,,0.0,71.2503,2.6036,73.3228,2.4741,0.0,594.0,387.36,0.0,11.1117
lvj,99,compound,,UNLABELED,153.44,51.09,155.51,49.01,2.07,2.08,4.3056,2.4012,10.0273,154.475,50.05,0.9952,34,2,0,1,rgb,0,0,0,0,none,,,,0.0,90.0886,1.1203,10.7866,0.4276,0.0,594.0,387.36,0.0,3.3567
lvj,100,path,,UNLABELED,156.51,51.08,157.82,46.48,1.31,4.6,6.026,2.6724,11.5921,157.165,48.78,0.2848,7,1,0,1,rgb,0,0,0,0,none,,,,0.0,95.2381,23.0281,90.0,4.6,0.0,594.0,387.36,0.0,4.3084
lvj,101,compound,,UNLABELED,159.34,51.31,162.66,46.48,3.32,4.83,16.0356,5.1458,19.9011,161.0,48.895,0.6874,15,2,0,1,rgb,0,0,0,0,none,,,,0.0,84.1637,2.3556,56.0877,5.0007,0.0,594.0,387.36,0.0,8.3264
lvj,102,path,,UNLABELED,163.38,47.08,164.06,46.4,0.68,0.68,0.4624,0.3564,2.1321,163.72,46.74,1.0,17,1,0,1,rgb,0,0,0,0,none,,,,0.0,89.5849,1.1203,12.1063,0.1432,0.0,594.0,387.36,0.0,0.3564
lvj,103,path,,UNLABELED,164.79,51.08,167.87,46.4,3.08,4.68,14.4144,5.133,20.7294,166.33,48.74,0.6581,67,1,0,1,rgb,0,0,0,0,none,,,,0.0,71.2646,2.6036,73.3231,2.4741,0.0,594.0,387.36,0.0,11.1269
lvj,104,path,,UNLABELED,168.35,51.25,169.54,49.46,1.19,1.79,2.1301,0.8168,4.5074,168.945,50.355,0.6648,5,1,0,1,rgb,0,0,0,0,none,,,,0.0,67.5403,14.7205,62.3003,1.8071,0.0,594.0,387.36,0.0,0.8168
lvj,105,path,,UNLABELED,171.56,51.25,178.03,46.31,6.47,4.94,31.9618,9.0181,33.0759,174.795,48.78,1.3097,11,1,0,1,rgb,0,0,0,0,none,,,,0.0,153.2198,1.2653,112.0289,5.1457,0.0,594.0,387.36,0.0,22.2296
lvj,106,path,,UNLABELED,337.99,152.21,340.94,147.45,2.95,4.76,14.0421,5.2118,20.6996,339.465,149.83,0.6197,47,1,0,1,rgb,0,0,0,0,none,,,,0.0,100.9295,1.9513,51.0354,3.2282,0.0,594.0,387.36,0.0,12.984
lvj,107,compound,,UNLABELED,341.59,152.21,344.57,147.36,2.98,4.85,14.4531,5.2415,20.0003,343.08,149.785,0.6144,70,2,0,1,rgb,0,0,0,0,none,,,,0.0,75.3504,1.5654,53.6064,2.6461,0.0,594.0,387.36,0.0,9.6059
lvj,108,compound,,UNLABELED,345.06,152.05,347.14,149.98,2.08,2.07,4.3056,2.4148,10.0266,346.1,151.015,1.0048,34,2,0,1,rgb,0,0,0,0,none,,,,0.0,90.1584,1.1248,9.2472,0.4357,0.0,594.0,387.36,0.0,3.3651
lvj,109,path,,UNLABELED,347.71,152.21,350.55,147.36,2.84,4.85,13.7739,5.0497,20.4499,349.13,149.785,0.5856,98,1,0,1,rgb,0,0,0,0,none,,,,0.0,89.4574,3.6749,0.0,0.57,0.0,594.0,387.36,0.0,11.869
lvj,110,path,,UNLABELED,351.68,152.04,352.99,147.45,1.31,4.59,6.0129,2.6673,11.5721,352.335,149.745,0.2854,7,1,0,1,rgb,0,0,0,0,none,,,,0.0,95.2503,22.9214,90.0,4.59,0.0,594.0,387.36,0.0,4.2993
lvj,111,path,,UNLABELED,355.0,148.04,355.68,147.36,0.68,0.68,0.4624,0.3544,2.1254,355.34,147.7,1.0,17,1,0,1,rgb,0,0,0,0,none,,,,0.0,90.2249,1.1166,36.0368,0.136,0.0,594.0,387.36,0.0,0.3544
lvj,112,compound,,UNLABELED,356.43,152.21,359.58,147.36,3.15,4.85,15.2775,5.7263,22.4366,358.005,149.785,0.6495,98,2,0,1,rgb,0,0,0,0,none,,,,0.0,90.0004,2.6281,74.9826,0.4245,0.0,594.0,387.36,0.0,12.1813
lvj,113,path,,UNLABELED,359.97,152.21,361.17,150.43,1.2,1.78,2.136,0.8198,4.5079,360.57,151.32,0.6742,5,1,0,1,rgb,0,0,0,0,none,,,,0.0,67.2294,14.612,62.3007,1.8071,0.0,594.0,387.36,0.0,0.8198
lvj,114,path,,UNLABELED,363.7,152.27,367.7,147.26,4.0,5.01,20.04,7.497,27.5355,365.7,149.765,0.7984,9,1,0,1,rgb,0,0,0,0,none,,,,0.0,67.7872,1.7623,132.9691,4.9882,0.0,594.0,387.36,0.0,19.2
lvj,115,path,,UNLABELED,338.14,390.42,341.09,385.66,2.95,4.76,14.0419,5.2166,20.7179,339.615,388.04,0.6197,47,1,0,1,rgb,0,0,0,0,none,,,,0.0,100.9243,1.9506,51.1736,3.2219,0.0,594.0,387.36,0.0,12.9988
lvj,116,compound,,UNLABELED,341.73,390.42,344.71,385.57,2.98,4.85,14.4531,5.266,19.9996,343.22,387.995,0.6144,70,2,0,1,rgb,0,0,0,0,none,,,,0.0,75.2832,1.5689,53.6064,2.6461,0.0,594.0,387.36,0.0,9.6193
lvj,117,compound,,UNLABELED,345.21,390.26,347.29,388.19,2.08,2.07,4.3056,2.413,10.0301,346.25,389.225,1.0048,34,2,0,1,rgb,0,0,0,0,none,,,,0.0,90.1443,1.1218,9.2472,0.4357,0.0,594.0,387.36,0.0,3.3651
lvj,118,path,,UNLABELED,347.86,390.42,350.7,385.57,2.84,4.85,13.774,5.0417,20.4283,349.28,387.995,0.5856,98,1,0,1,rgb,0,0,0,0,none,,,,0.0,89.4281,3.6772,0.0,0.57,0.0,594.0,387.36,0.0,11.8629
lvj,119,path,,UNLABELED,351.82,390.25,353.14,385.66,1.32,4.59,6.0588,2.6724,11.5921,352.48,387.955,0.2876,7,1,0,1,rgb,0,0,0,0,none,,,,0.0,95.3114,22.5512,90.0,4.59,0.0,594.0,387.36,0.0,4.3248
lvj,120,path,,UNLABELED,355.15,386.25,355.83,385.57,0.68,0.68,0.4624,0.3496,2.1104,355.49,385.91,1.0,17,1,0,1,rgb,0,0,0,0,none,,,,0.0,90.0,1.1191,12.9936,0.1334,0.0,594.0,387.36,0.0,0.3496
lvj,121,path,,UNLABELED,356.56,390.25,359.64,385.57,3.08,4.68,14.4143,5.1093,20.6786,358.1,387.91,0.6581,67,1,0,1,rgb,0,0,0,0,none,,,,0.0,71.2483,2.6009,73.2564,2.4645,0.0,594.0,387.36,0.0,11.0948
lvj,122,path,,UNLABELED,360.12,390.42,361.31,388.64,1.19,1.78,2.1182,0.8092,4.4996,360.715,389.53,0.6685,5,1,0,1,rgb,0,0,0,0,none,,,,0.0,67.3978,15.1212,62.5824,1.8025,0.0,594.0,387.36,0.0,0.8092
lvj,123,path,,UNLABELED,363.85,390.47,367.85,385.47,4.0,5.0,20.0,7.4636,27.5151,365.85,387.97,0.8,9,1,0,1,rgb,0,0,0,0,none,,,,0.0,67.6248,1.7603,133.053,4.9951,0.0,594.0,387.36,0.0,19.18
lvj,124,path,,UNLABELED,299.94,311.33,303.95,308.38,4.01,2.95,11.8295,2.9953,14.6337,301.945,309.855,1.3593,7,1,0,1,rgb,0,0,0,0,none,,,,0.0,170.731,1.9228,5.5552,4.0289,0.0,594.0,387.36,0.0,5.7373
lvj,125,compound,,UNLABELED,301.15,313.49,305.21,310.23,4.06,3.26,13.2356,3.5597,17.2047,303.18,311.86,1.2454,12,2,0,1,rgb,0,0,0,0,none,,,,0.0,163.4145,1.2379,7.5758,4.0958,0.0,594.0,387.36,0.0,6.3496
lvj,126,compound,,UNLABELED,301.92,316.44,305.95,313.77,4.03,2.67,10.7602,3.8155,18.0629,303.935,315.105,1.5094,45,2,0,1,rgb,0,0,0,0,none,,,,0.0,164.9782,3.0607,162.8972,3.5364,0.0,594.0,387.36,0.0,7.0732
lvj,127,path,,UNLABELED,303.61,321.05,307.21,319.64,3.6,1.41,5.076,1.5855,8.9168,305.41,320.345,2.5532,7,1,0,1,rgb,0,0,0,0,none,,,,0.0,168.2753,22.8699,163.0523,3.5335,0.0,594.0,387.36,0.0,2.5562
lvj,128,path,,UNLABELED,307.3,322.06,307.82,321.54,0.52,0.52,0.2704,0.2084,1.6293,307.56,321.8,1.0001,17,1,0,1,rgb,0,0,0,0,none,,,,0.0,166.378,1.1101,153.428,0.1118,0.0,594.0,387.36,0.0,0.2084
lvj,129,compound,,UNLABELED,304.79,325.5,308.46,322.91,3.67,2.59,9.5052,3.9115,18.7253,306.625,324.205,1.417,127,3,0,1,rgb,0,0,0,0,none,,,,0.0,162.3296,2.5541,111.3755,0.247,0.0,594.0,387.36,0.0,6.9336
lvj,130,compound,,UNLABELED,305.62,327.6,307.23,325.99,1.61,1.61,2.5922,1.4342,7.7093,306.425,326.795,1.0,34,2,0,1,rgb,0,0,0,0,none,,,,0.0,162.5259,1.1194,81.3809,0.3338,0.0,594.0,387.36,0.0,1.9936
lvj,131,path,,UNLABELED,306.86,332.75,310.8,329.87,3.94,2.88,11.3472,3.3191,16.702,308.83,331.31,1.3681,13,1,0,1,rgb,0,0,0,0,none,,,,0.0,155.3268,2.6748,162.8972,3.5364,0.0,594.0,387.36,0.0,6.8016
lvj,132,path,,UNLABELED,18.04,549.11,369.32,44.72,351.28,504.39,177182.1276,177182.1276,1711.34,193.68,296.915,0.6964,5,1,0,0,none,,,,1,rgb,0,0,0,0.39,102.133,2.2278,90.0,504.39,0.0,594.0,387.36,0.0,177182.1276
lvj,133,path,,UNLABELED,49.55,421.87,250.38,141.9,200.83,279.97,56226.3769,1997.7254,350.7692,149.965,281.885,0.7173,4,1,0,1,rgb,0,0,0,0,none,,,,0.0,125.3277,3308.7154,125.3282,338.9827,0.0,594.0,387.36,0.0,1997.7254
lvj,134,path,,UNLABELED,52.81,418.5,55.01,416.3,2.2,2.2,4.84,3.41,6.7232,53.91,417.4,1.0,9,1,0,1,rgb,255,255,255,0,none,,,,0.0,179.8722,1.222,67.0678,0.8469,0.0,594.0,387.36,0.0,3.41
lvj,135,path,,UNLABELED,162.67,182.21,167.93,177.31,5.26,4.9,25.774,11.9422,15.7953,165.3,179.76,1.0735,10,1,0,1,rgb,0,0,0,0,none,,,,0.0,177.9347,1.0439,85.5526,1.8054,0.0,594.0,387.36,0.0,17.6542
lvj,136,path,,UNLABELED,164.36,180.51,166.3,178.58,1.94,1.93,3.7442,2.6509,5.9278,165.33,179.545,1.0052,9,1,0,1,rgb,255,255,255,0,none,,,,0.0,179.7845,1.2277,67.2029,0.7485,0.0,594.0,387.36,0.0,2.6509
lvj,137,path,,UNLABELED,112.77,261.12,123.98,250.0,11.21,11.12,124.6551,59.8706,22.1118,118.375,255.56,1.0081,4,1,0,1,rgb,0,0,0,0,none,,,,0.0,136.3078,2.2515,136.4534,9.4783,0.0,594.0,387.36,0.0,59.8706
lvj,138,path,,UNLABELED,138.55,210.85,144.24,205.26,5.69,5.59,31.8071,13.2806,10.3487,141.395,208.055,1.0179,4,1,0,1,rgb,0,0,0,0,none,,,,0.0,136.3605,5.6263,136.443,5.6162,0.0,594.0,387.36,0.0,13.2806
lvj,139,path,,UNLABELED,109.06,216.38,116.75,208.67,7.69,7.71,59.2899,29.6649,16.3324,112.905,212.525,0.9974,4,1,0,1,rgb,0,0,0,0,none,,,,0.0,68.2439,1.0074,46.5601,5.4538,0.0,594.0,387.36,0.0,29.6649
lvj,140,path,,UNLABELED,112.84,211.12,123.8,200.11,10.96,11.01,120.6697,60.3258,23.5408,118.32,205.615,0.9955,4,1,0,1,rgb,0,0,0,0,none,,,,0.0,48.0125,1.1219,46.6221,7.9935,0.0,594.0,387.36,0.0,60.3258
lvj,141,path,,UNLABELED,127.27,198.97,133.61,192.62,6.34,6.35,40.2591,20.1159,13.298,130.44,195.795,0.9984,4,1,0,1,rgb,0,0,0,0,none,,,,0.0,135.0997,1.1561,136.3077,4.6469,0.0,594.0,387.36,0.0,20.1159
lvj,142,path,,UNLABELED,130.95,195.47,138.29,188.17,7.34,7.3,53.5821,26.0771,14.6777,134.62,191.82,1.0055,4,1,0,1,rgb,0,0,0,0,none,,,,0.0,136.2167,1.9487,136.4102,6.0334,0.0,594.0,387.36,0.0,26.0771
lvj,143,path,,UNLABELED,135.98,190.11,144.16,181.89,8.18,8.22,67.2397,33.5734,17.6625,140.07,186.0,0.9951,4,1,0,1,rgb,0,0,0,0,none,,,,0.0,47.2803,1.1982,46.5372,6.0621,0.0,594.0,387.36,0.0,33.5734
lvj,144,path,,UNLABELED,140.5,185.81,148.65,177.62,8.15,8.19,66.7485,33.3153,17.6204,144.575,181.715,0.9951,4,1,0,1,rgb,0,0,0,0,none,,,,0.0,47.1677,1.2197,46.6023,6.0694,0.0,594.0,387.36,0.0,33.3153
lvj,145,path,,UNLABELED,171.11,181.73,179.17,173.44,8.06,8.29,66.8174,24.8827,20.2728,175.14,177.585,0.9723,4,1,0,1,rgb,0,0,0,0,none,,,,0.0,46.5498,9.2854,46.5356,8.7076,0.0,594.0,387.36,0.0,24.8827
lvj,146,path,,UNLABELED,176.77,176.35,184.78,168.1,8.01,8.25,66.0826,24.3073,14.2883,180.775,172.225,0.9709,4,1,0,1,rgb,0,0,0,0,none,,,,0.0,46.5786,9.7465,46.5356,8.7076,0.0,594.0,387.36,0.0,24.3073
lvj,147,path,,UNLABELED,179.37,173.06,190.34,162.07,10.97,10.99,120.5602,60.2905,23.1373,184.855,167.565,0.9982,4,1,0,1,rgb,0,0,0,0,none,,,,0.0,134.5381,1.0914,136.3774,7.9431,0.0,594.0,387.36,0.0,60.2905
lvj,148,path,,UNLABELED,149.95,169.63,158.2,160.66,8.25,8.97,74.0025,26.9164,22.4359,154.075,165.145,0.9197,5,1,0,1,rgb,0,0,0,0,none,,,,0.0,45.262,13.0991,46.5459,9.698,0.0,594.0,387.36,0.0,26.9164
lvj,149,path,,UNLABELED,139.13,166.27,169.33,134.69,30.2,31.58,953.7155,164.4523,47.8598,154.23,150.48,0.9563,4,1,0,1,rgb,0,0,0,0,none,,,,0.0,46.5597,90.396,46.5576,39.5419,0.0,594.0,387.36,0.0,164.4523
lvj,150,path,,UNLABELED,174.43,156.23,181.45,149.03,7.02,7.2,50.5441,20.6531,12.93,177.94,152.63,0.975,4,1,0,1,rgb,0,0,0,0,none,,,,0.0,46.5918,6.2421,46.5239,7.1797,0.0,594.0,387.36,0.0,20.6531
lvj,151,path,,UNLABELED,173.02,145.01,179.13,138.97,6.11,6.04,36.9045,17.2552,13.9911,176.075,141.99,1.0116,4,1,0,1,rgb,0,0,0,0,none,,,,0.0,136.3754,2.8493,136.4265,5.3969,0.0,594.0,387.36,0.0,17.2552
lvj,152,path,,UNLABELED,186.79,142.72,193.05,136.37,6.26,6.35,39.751,18.7716,14.4369,189.92,139.545,0.9858,4,1,0,1,rgb,0,0,0,0,none,,,,0.0,46.6117,2.63,46.5403,5.5245,0.0,594.0,387.36,0.0,18.7716
lvj,153,path,,UNLABELED,181.98,138.16,188.72,131.29,6.74,6.87,46.3038,21.1772,15.8518,185.35,134.725,0.9811,4,1,0,1,rgb,0,0,0,0,none,,,,0.0,46.6696,3.348,46.5624,6.2249,0.0,594.0,387.36,0.0,21.1772
lvj,154,path,,UNLABELED,188.53,140.01,200.21,128.27,11.68,11.74,137.1232,68.4584,24.4601,194.37,134.14,0.9949,4,1,0,1,rgb,0,0,0,0,none,,,,0.0,47.3188,1.2071,46.5885,8.6725,0.0,594.0,387.36,0.0,68.4584
lvj,155,path,,UNLABELED,201.51,148.82,215.06,135.56,13.55,13.26,179.6732,70.7363,24.0639,208.285,142.19,1.0219,4,1,0,1,rgb,0,0,0,0,none,,,,0.0,136.3974,7.3751,136.4328,13.8566,0.0,594.0,387.36,0.0,70.7363
lvj,156,path,,UNLABELED,195.08,154.66,203.47,146.28,8.39,8.38,70.3082,35.0061,17.3866,199.275,150.47,1.0012,4,1,0,1,rgb,0,0,0,0,none,,,,0.0,135.9791,1.3224,136.4034,6.3517,0.0,594.0,387.36,0.0,35.0061
lvj,157,path,,UNLABELED,190.42,115.14,196.64,108.94,6.22,6.2,38.5641,19.149,13.5597,193.53,112.04,1.0032,4,1,0,1,rgb,0,0,0,0,none,,,,0.0,136.2681,1.4172,136.4427,4.7745,0.0,594.0,387.36,0.0,19.149
lvj,158,path,,UNLABELED,194.51,111.25,200.65,105.12,6.14,6.13,37.6382,18.7261,12.6969,197.58,108.185,1.0016,4,1,0,1,rgb,0,0,0,0,none,,,,0.0,136.0581,1.3504,136.3887,4.6683,0.0,594.0,387.36,0.0,18.7261
lvj,159,path,,UNLABELED,190.27,107.72,197.3,100.64,7.03,7.08,49.7723,24.7997,14.649,193.785,104.18,0.9929,4,1,0,1,rgb,0,0,0,0,none,,,,0.0,47.3231,1.2952,46.6015,5.3124,0.0,594.0,387.36,0.0,24.7997
lvj,160,path,,UNLABELED,186.18,111.61,193.29,104.46,7.11,7.15,50.8365,25.3612,14.8611,189.735,108.035,0.9944,4,1,0,1,rgb,0,0,0,0,none,,,,0.0,47.2296,1.2416,46.5233,5.3193,0.0,594.0,387.36,0.0,25.3612
lvj,161,path,,UNLABELED,182.99,122.17,189.17,116.01,6.18,6.16,38.0688,18.9606,13.3904,186.08,119.09,1.0032,4,1,0,1,rgb,0,0,0,0,none,,,,0.0,136.4707,1.3135,136.5623,4.6686,0.0,594.0,387.36,0.0,18.9606
lvj,162,path,,UNLABELED,193.05,95.93,200.44,88.48,7.39,7.45,55.0556,27.104,16.4104,196.745,92.205,0.9919,4,1,0,1,rgb,0,0,0,0,none,,,,0.0,46.6476,1.6646,46.5074,5.9135,0.0,594.0,387.36,0.0,27.104
lvj,163,path,,UNLABELED,207.86,110.63,212.27,106.25,4.41,4.38,19.3158,9.3795,9.8604,210.065,108.44,1.0068,4,1,0,1,rgb,0,0,0,0,none,,,,0.0,136.3184,2.0016,136.4459,3.6428,0.0,594.0,387.36,0.0,9.3795
lvj,164,path,,UNLABELED,203.29,115.91,210.01,109.24,6.72,6.67,44.8223,21.6514,13.3266,206.65,112.575,1.0075,4,1,0,1,rgb,0,0,0,0,none,,,,0.0,136.3241,2.1223,136.443,5.6162,0.0,594.0,387.36,0.0,21.6514
lvj,165,path,,UNLABELED,198.72,120.26,205.45,113.58,6.73,6.68,44.9563,21.706,15.1159,202.085,116.92,1.0075,4,1,0,1,rgb,0,0,0,0,none,,,,0.0,136.3181,2.133,136.4393,5.6304,0.0,594.0,387.36,0.0,21.706
lvj,166,path,,UNLABELED,201.89,126.53,213.68,114.74,11.79,11.79,139.0041,69.3406,24.5663,207.785,120.635,1.0,4,1,0,1,rgb,0,0,0,0,none,,,,0.0,135.7406,1.2448,136.3814,8.799,0.0,594.0,387.36,0.0,69.3406
lvj,167,path,,UNLABELED,155.5,128.91,166.08,118.22,10.58,10.69,113.0999,55.0404,23.8097,160.79,123.565,0.9897,4,1,0,1,rgb,0,0,0,0,none,,,,0.0,46.6488,1.9507,46.5706,8.7714,0.0,594.0,387.36,0.0,55.0404
lvj,168,path,,UNLABELED,256.44,196.8,265.52,187.46,9.08,9.34,84.807,30.9375,22.9325,260.98,192.13,0.9722,4,1,0,1,rgb,0,0,0,0,none,,,,0.0,46.5384,10.063,46.5128,9.91,0.0,594.0,387.36,0.0,30.9375
lvj,169,path,,UNLABELED,256.3,216.98,270.61,203.06,14.31,13.92,199.1949,65.7527,24.1272,263.455,210.02,1.028,4,1,0,1,rgb,0,0,0,0,none,,,,0.0,136.3986,14.4461,136.4097,15.8086,0.0,594.0,387.36,0.0,65.7527
lvj,170,path,,UNLABELED,269.67,209.98,279.46,200.01,9.79,9.97,97.6064,44.1857,18.8083,274.565,204.995,0.9819,4,1,0,1,rgb,0,0,0,0,none,,,,0.0,46.5988,3.5844,46.5506,9.1463,0.0,594.0,387.36,0.0,44.1857
lvj,171,path,,UNLABELED,285.88,202.11,291.8,196.15,5.92,5.96,35.2832,17.5071,12.2228,288.84,199.13,0.9933,4,1,0,1,rgb,0,0,0,0,none,,,,0.0,46.7832,1.4402,46.5908,4.5838,0.0,594.0,387.36,0.0,17.5071
lvj,172,path,,UNLABELED,289.95,187.96,304.5,173.92,14.55,14.04,204.282,49.6216,37.5872,297.225,180.94,1.0363,4,1,0,1,rgb,0,0,0,0,none,,,,0.0,136.4235,36.9267,136.4233,17.3648,0.0,594.0,387.36,0.0,49.6216
lvj,173,path,,UNLABELED,278.34,194.05,285.47,186.94,7.13,7.11,50.694,24.9986,15.71,281.905,190.495,1.0028,4,1,0,1,rgb,0,0,0,0,none,,,,0.0,136.0791,1.6202,136.4358,5.6445,0.0,594.0,387.36,0.0,24.9986
lvj,174,path,,UNLABELED,281.18,176.97,303.42,155.58,22.24,21.39,475.713,86.886,33.9873,292.3,166.275,1.0397,4,1,0,1,rgb,0,0,0,0,none,,,,0.0,136.4158,78.2917,136.4179,27.72,0.0,594.0,387.36,0.0,86.886
lvj,175,path,,UNLABELED,274.33,172.15,298.11,149.21,23.78,22.94,545.5132,120.6795,61.9125,286.22,160.68,1.0366,4,1,0,1,rgb,0,0,0,0,none,,,,0.0,136.4128,47.6729,136.4177,28.8659,0.0,594.0,387.36,0.0,120.6795
lvj,176,path,,UNLABELED,261.23,177.93,276.08,164.2,14.85,13.73,203.8907,97.7924,31.8377,268.655,171.065,1.0816,6,1,0,1,rgb,0,0,0,0,none,,,,0.0,154.2435,1.9434,136.426,11.6497,0.0,594.0,387.36,0.0,103.1888
lvj,177,path,,UNLABELED,311.81,195.35,328.35,179.12,16.54,16.23,268.4445,132.7238,52.0173,320.08,187.235,1.0191,11,1,0,1,rgb,0,0,0,0,none,,,,0.0,147.2706,2.917,136.3871,13.729,0.0,594.0,387.36,0.0,143.2914
lvj,178,path,,UNLABELED,296.08,211.42,312.12,195.86,16.04,15.56,249.5825,73.3073,40.7066,304.1,203.64,1.0308,4,1,0,1,rgb,0,0,0,0,none,,,,0.0,136.393,21.1373,136.4122,18.3621,0.0,594.0,387.36,0.0,73.3073
lvj,179,path,,UNLABELED,313.59,223.93,323.45,214.31,9.86,9.62,94.8533,34.8578,24.2262,318.52,219.12,1.025,4,1,0,1,rgb,0,0,0,0,none,,,,0.0,136.4199,9.7776,136.4748,10.4404,0.0,594.0,387.36,0.0,34.8578
lvj,180,path,,UNLABELED,278.26,236.95,285.97,229.1,7.71,7.85,60.5235,27.9076,18.0522,282.115,233.025,0.9822,4,1,0,1,rgb,0,0,0,0,none,,,,0.0,46.6928,3.1639,46.6105,7.0456,0.0,594.0,387.36,0.0,27.9076
lvj,181,path,,UNLABELED,281.07,228.72,286.95,222.96,5.88,5.76,33.8689,13.8952,10.6031,284.01,225.84,1.0208,4,1,0,1,rgb,0,0,0,0,none,,,,0.0,136.4339,6.1233,136.451,5.8638,0.0,594.0,387.36,0.0,13.8952
lvj,182,path,,UNLABELED,329.9,246.28,346.03,232.16,16.13,14.12,227.7556,115.0894,41.9597,337.965,239.22,1.1424,6,1,0,1,rgb,0,0,0,0,none,,,,0.0,42.8085,2.0885,46.5919,13.4897,0.0,594.0,387.36,0.0,121.3704
lvj,183,path,,UNLABELED,339.77,238.08,344.31,233.48,4.54,4.6,20.8841,10.1604,9.1601,342.04,235.78,0.987,4,1,0,1,rgb,0,0,0,0,none,,,,0.0,46.8822,1.9577,46.6119,3.7704,0.0,594.0,387.36,0.0,10.1604
lvj,184,path,,UNLABELED,345.11,246.93,352.62,239.38,7.51,7.55,56.7007,28.2691,16.2977,348.865,243.155,0.9947,4,1,0,1,rgb,0,0,0,0,none,,,,0.0,47.0334,1.2706,46.5792,5.6449,0.0,594.0,387.36,0.0,28.2691
lvj,185,path,,UNLABELED,304.35,168.76,310.86,162.34,6.51,6.42,41.7944,19.1342,15.0521,307.605,165.55,1.014,4,1,0,1,rgb,0,0,0,0,none,,,,0.0,136.4147,3.3237,136.4406,5.9062,0.0,594.0,387.36,0.0,19.1342
lvj,186,path,,UNLABELED,243.12,199.1,252.04,190.05,8.92,9.05,80.7259,38.2262,20.5414,247.58,194.575,0.9856,4,1,0,1,rgb,0,0,0,0,none,,,,0.0,46.628,2.5683,46.5006,7.8304,0.0,594.0,387.36,0.0,38.2262
lvj,187,path,,UNLABELED,293.34,202.29,308.19,187.98,14.85,14.31,212.5036,46.3122,38.6907,300.765,195.135,1.0377,4,1,0,1,rgb,0,0,0,0,none,,,,0.0,136.4229,49.617,136.4354,18.0652,0.0,594.0,387.36,0.0,46.3122
lvj,188,path,,UNLABELED,295.67,193.98,310.2,179.96,14.53,14.02,203.7104,49.1305,23.0234,302.935,186.97,1.0364,4,1,0,1,rgb,0,0,0,0,none,,,,0.0,136.4231,37.6686,136.4233,17.3648,0.0,594.0,387.36,0.0,49.1305
lvj,189,path,,UNLABELED,307.25,180.97,311.68,176.46,4.43,4.51,19.9793,9.1184,10.4193,309.465,178.715,0.9823,4,1,0,1,rgb,0,0,0,0,none,,,,0.0,46.6016,3.3958,46.5802,4.1028,0.0,594.0,387.36,0.0,9.1184
lvj,190,path,,UNLABELED,306.53,216.49,330.0,193.97,23.47,22.52,528.5442,73.1378,62.6334,318.265,205.23,1.0422,4,1,0,1,rgb,0,0,0,0,none,,,,0.0,136.4056,153.4551,136.3999,30.1034,0.0,594.0,387.36,0.0,73.1378
lvj,191,path,,UNLABELED,333.07,217.93,340.14,210.86,7.07,7.07,49.985,24.982,14.8332,336.605,214.395,1.0,4,1,0,1,rgb,0,0,0,0,none,,,,0.0,135.7497,1.1422,136.4127,5.1635,0.0,594.0,387.36,0.0,24.982
lvj,192,path,,UNLABELED,209.5,120.53,221.19,108.84,11.69,11.69,136.6562,72.2793,26.2425,215.345,114.685,1.0,8,1,0,1,rgb,0,0,0,0,none,,,,0.0,36.5346,1.0738,46.5399,7.8942,0.0,594.0,387.36,0.0,74.1427
lvj,193,path,,UNLABELED,178.65,118.62,185.81,111.43,7.16,7.19,51.4804,25.5881,14.8121,182.23,115.025,0.9958,4,1,0,1,rgb,0,0,0,0,none,,,,0.0,46.5128,1.3866,46.4765,5.489,0.0,594.0,387.36,0.0,25.5881
lvj,194,path,,UNLABELED,269.67,165.94,293.63,142.97,23.96,22.97,550.361,73.8486,63.9917,281.65,154.455,1.0431,4,1,0,1,rgb,0,0,0,0,none,,,,0.0,136.4203,164.9469,136.4209,30.7969,0.0,594.0,387.36,0.0,73.8486
lvj,195,path,,UNLABELED,218.22,384.31,231.74,371.19,13.52,13.12,177.3826,61.0793,23.0035,224.98,377.75,1.0305,4,1,0,1,rgb,0,0,0,0,none,,,,0.0,136.544,12.4651,136.5452,14.6849,0.0,594.0,387.36,0.0,61.0793
lvj,196,path,,UNLABELED,224.37,390.61,237.8,377.58,13.43,13.03,174.9928,60.329,22.848,231.085,384.095,1.0307,4,1,0,1,rgb,0,0,0,0,none,,,,0.0,136.5555,12.412,136.5571,14.5718,0.0,594.0,387.36,0.0,60.329
lvj,197,path,,UNLABELED,202.65,401.76,217.86,387.13,15.21,14.63,222.5225,53.4006,39.2729,210.255,394.445,1.0396,4,1,0,1,rgb,0,0,0,0,none,,,,0.0,136.549,38.2121,136.5385,18.1721,0.0,594.0,387.36,0.0,53.4006
lvj,198,path,,UNLABELED,174.82,110.58,180.6,104.03,5.78,6.55,37.8589,37.8589,18.88,177.71,107.305,0.8824,4,1,0,1,rgb,0,0,0,0,none,,,,0.0,90.0,1.2842,90.0,6.55,0.0,594.0,387.36,0.0,37.8589
lvj,199,path,,UNLABELED,249.0,192.17,260.18,183.88,11.18,8.29,92.6822,38.73,22.5371,254.59,188.025,1.3486,4,1,0,1,rgb,0,0,0,0,none,,,,0.0,149.6284,5.6824,157.4466,10.6116,0.0,594.0,387.36,0.0,38.73
lvj,200,path,,UNLABELED,289.0,185.89,291.92,183.01,2.92,2.88,8.4097,3.7662,6.819,290.46,184.45,1.0139,4,1,0,1,rgb,0,0,0,0,none,,,,0.0,136.3997,3.8375,136.4918,2.7162,0.0,594.0,387.36,0.0,3.7662
lvj,201,path,,UNLABELED,291.74,183.29,294.34,180.71,2.6,2.58,6.708,3.1608,5.9345,293.04,182.0,1.0078,4,1,0,1,rgb,0,0,0,0,none,,,,0.0,136.1778,2.6764,136.4235,2.2776,0.0,594.0,387.36,0.0,3.1608
lvj,202,path,,UNLABELED,294.38,180.76,296.93,178.24,2.55,2.52,6.426,3.053,5.7862,295.655,179.5,1.0119,4,1,0,1,rgb,0,0,0,0,none,,,,0.0,136.5456,2.4968,136.6575,2.2,0.0,594.0,387.36,0.0,3.053
lvj,203,path,,UNLABELED,296.96,178.31,299.51,175.78,2.55,2.53,6.4515,3.0626,5.8,298.235,177.045,1.0079,4,1,0,1,rgb,0,0,0,0,none,,,,0.0,136.2321,2.5125,136.4691,2.2069,0.0,594.0,387.36,0.0,3.0626
lvj,204,path,,UNLABELED,299.48,175.92,301.75,173.66,2.27,2.26,5.1302,2.5219,5.0152,300.615,174.79,1.0044,4,1,0,1,rgb,0,0,0,0,none,,,,0.0,136.2356,1.7037,136.5597,1.8179,0.0,594.0,387.36,0.0,2.5219
lvj,205,path,,UNLABELED,287.54,185.33,301.33,172.1,13.79,13.23,182.4416,25.5538,36.7807,294.435,178.715,1.0423,4,1,0,1,rgb,0,0,0,0,none,,,,0.0,136.4097,149.133,136.4218,17.669,0.0,594.0,387.36,0.0,25.5538
lvj,206,path,,UNLABELED,185.76,160.88,187.81,158.81,2.05,2.07,4.2435,2.1123,4.4773,186.785,159.845,0.9903,4,1,0,1,rgb,0,0,0,0,none,,,,0.0,47.5974,1.3266,46.2961,1.5631,0.0,594.0,387.36,0.0,2.1123
lvj,207,path,,UNLABELED,186.73,159.94,188.95,157.71,2.22,2.23,4.9506,2.4762,4.7104,187.84,158.825,0.9955,4,1,0,1,rgb,0,0,0,0,none,,,,0.0,126.3531,1.0288,136.0229,1.5842,0.0,594.0,387.36,0.0,2.4762
lvj,208,path,,UNLABELED,186.01,158.81,187.87,156.95,1.86,1.86,3.4596,1.6584,3.678,186.94,157.88,1.0,4,1,0,1,rgb,0,0,0,0,none,,,,0.0,135.6154,2.2902,136.0229,1.5842,0.0,594.0,387.36,0.0,1.6584
lvj,209,path,,UNLABELED,187.81,161.35,190.28,158.84,2.47,2.51,6.1997,3.0704,5.4608,189.045,160.095,0.9841,4,1,0,1,rgb,0,0,0,0,none,,,,0.0,47.9776,1.498,46.6724,1.9383,0.0,594.0,387.36,0.0,3.0704
lvj,210,path,,UNLABELED,189.14,162.61,191.47,160.25,2.33,2.36,5.4988,2.7454,5.0504,190.305,161.43,0.9873,4,1,0,1,rgb,0,0,0,0,none,,,,0.0,49.7386,1.1984,46.6367,1.7331,0.0,594.0,387.36,0.0,2.7454
lvj,211,path,,UNLABELED,190.33,163.24,192.07,161.51,1.74,1.73,3.0102,1.3782,4.0384,191.2,162.375,1.0058,4,1,0,1,rgb,0,0,0,0,none,,,,0.0,135.8612,3.3159,136.0229,1.5842,0.0,594.0,387.36,0.0,1.3782
lvj,212,path,,UNLABELED,196.08,157.7,197.84,155.95,1.76,1.75,3.08,1.4056,3.3597,196.96,156.825,1.0057,4,1,0,1,rgb,0,0,0,0,none,,,,0.0,135.9276,3.3924,136.0041,1.6125,0.0,594.0,387.36,0.0,1.4056
lvj,213,path,,UNLABELED,194.89,157.06,197.24,154.69,2.35,2.37,5.5695,2.7827,5.0645,196.065,155.875,0.9916,4,1,0,1,rgb,0,0,0,0,none,,,,0.0,49.0222,1.1562,46.6367,1.7331,0.0,594.0,387.36,0.0,2.7827
lvj,214,path,,UNLABELED,193.56,155.81,196.05,153.28,2.49,2.53,6.2997,3.1238,5.4959,194.805,154.545,0.9842,4,1,0,1,rgb,0,0,0,0,none,,,,0.0,48.0588,1.4577,46.4579,1.9452,0.0,594.0,387.36,0.0,3.1238
lvj,215,path,,UNLABELED,192.49,154.4,194.71,152.15,2.22,2.25,4.995,2.4979,4.7177,193.6,153.275,0.9867,4,1,0,1,rgb,0,0,0,0,none,,,,0.0,123.9744,1.0705,135.7571,1.6053,0.0,594.0,387.36,0.0,2.4979
lvj,216,path,,UNLABELED,191.76,153.27,193.64,151.39,1.88,1.88,3.5344,1.6898,4.2715,192.7,152.33,1.0,4,1,0,1,rgb,0,0,0,0,none,,,,0.0,135.5338,2.3465,136.0053,1.6125,0.0,594.0,387.36,0.0,1.6898
lvj,217,path,,UNLABELED,193.64,153.28,195.65,151.25,2.01,2.03,4.0803,2.0252,4.4138,194.645,152.265,0.9901,4,1,0,1,rgb,0,0,0,0,none,,,,0.0,47.2992,1.4302,46.5622,1.5562,0.0,594.0,387.36,0.0,2.0252
lvj,218,path,,UNLABELED,196.05,155.95,198.17,153.79,2.12,2.16,4.5792,2.2428,4.7604,197.11,154.87,0.9815,4,1,0,1,rgb,0,0,0,0,none,,,,0.0,47.5152,1.7943,46.6367,1.7331,0.0,594.0,387.36,0.0,2.2428
lvj,219,path,,UNLABELED,326.22,195.19,333.44,187.87,7.22,7.32,52.8505,25.0581,14.2463,329.83,191.53,0.9863,4,1,0,1,rgb,0,0,0,0,none,,,,0.0,46.6283,2.5414,46.6036,6.3169,0.0,594.0,387.36,0.0,25.0581
lvj,220,path,,UNLABELED,168.74,186.48,174.52,178.28,5.78,8.2,47.3961,22.6282,21.8774,171.63,182.38,0.7049,11,1,0,1,rgb,0,0,0,0,none,,,,0.0,77.871,2.5364,46.5755,6.43,0.0,594.0,387.36,0.0,26.5432
lvj,221,path,,UNLABELED,159.27,140.0,163.49,135.74,4.22,4.26,17.9772,8.4357,9.7388,161.38,137.87,0.9906,4,1,0,1,rgb,0,0,0,0,none,,,,0.0,133.8827,2.7638,133.919,3.7483,0.0,594.0,387.36,0.0,8.4357
lvj,222,path,,UNLABELED,188.16,163.55,190.33,161.35,2.17,2.2,4.774,2.3534,4.8242,189.245,162.45,0.9864,4,1,0,1,rgb,0,0,0,0,none,,,,0.0,47.3415,1.6293,46.6367,1.7331,0.0,594.0,387.36,0.0,2.3534
lvj,223,path,,UNLABELED,162.21,145.85,164.07,143.99,1.86,1.86,3.4596,1.7287,3.9045,163.14,144.92,1.0,4,1,0,1,rgb,0,0,0,0,none,,,,0.0,135.6926,1.15,136.4841,1.3652,0.0,594.0,387.36,0.0,1.7287
lvj,224,path,,UNLABELED,162.17,147.39,163.72,145.85,1.55,1.54,2.387,1.1645,3.4521,162.945,146.62,1.0065,4,1,0,1,rgb,0,0,0,0,none,,,,0.0,136.4186,1.8956,136.6001,1.2662,0.0,594.0,387.36,0.0,1.1645
lvj,225,path,,UNLABELED,161.29,146.72,163.09,144.93,1.8,1.79,3.222,1.612,3.8055,162.19,145.825,1.0056,4,1,0,1,rgb,0,0,0,0,none,,,,0.0,23.2618,1.0159,46.2733,1.2731,0.0,594.0,387.36,0.0,1.612
lvj,226,path,,UNLABELED,160.68,145.8,162.21,144.27,1.53,1.53,2.3409,1.1363,3.4307,161.445,145.035,1.0,4,1,0,1,rgb,0,0,0,0,none,,,,0.0,135.8414,2.0128,136.2728,1.2731,0.0,594.0,387.36,0.0,1.1363
lvj,227,compound,,UNLABELED,282.95,272.65,286.1,267.8,3.15,4.85,15.2775,5.7246,22.4465,284.525,270.225,0.6495,98,2,0,1,rgb,0,0,0,0,none,,,,0.0,89.9887,2.6333,74.9837,0.4245,0.0,594.0,387.36,0.0,12.1842
lvj,228,path,,UNLABELED,286.84,268.48,287.52,267.8,0.68,0.68,0.4624,0.3536,2.1238,287.18,268.14,1.0,17,1,0,1,rgb,0,0,0,0,none,,,,0.0,89.7699,1.1156,77.9069,0.1432,0.0,594.0,387.36,0.0,0.3536
lvj,229,path,,UNLABELED,288.83,272.48,290.14,267.88,1.31,4.6,6.026,2.6725,11.5921,289.485,270.18,0.2848,7,1,0,1,rgb,0,0,0,0,none,,,,0.0,95.2382,23.0274,90.0,4.6,0.0,594.0,387.36,0.0,4.3084
lvj,230,compound,,UNLABELED,291.92,272.49,293.99,270.41,2.07,2.08,4.3056,2.4077,10.011,292.955,271.45,0.9952,34,2,0,1,rgb,0,0,0,0,none,,,,0.0,90.0189,1.1216,10.7822,0.4276,0.0,594.0,387.36,0.0,3.3548
lvj,231,path,,UNLABELED,295.94,272.65,302.41,267.71,6.47,4.94,31.9618,9.0181,33.0757,299.175,270.18,1.3097,11,1,0,1,rgb,0,0,0,0,none,,,,0.0,153.2211,1.2653,112.0288,5.1456,0.0,594.0,387.36,0.0,22.2297
lvj,232,compound,,UNLABELED,254.19,279.02,258.62,274.18,4.43,4.84,21.4411,6.0124,22.3587,256.405,276.6,0.9153,12,2,0,1,rgb,0,0,0,0,none,,,,0.0,90.5826,1.2358,114.6399,5.3248,0.0,594.0,387.36,0.0,10.7206
lvj,233,path,,UNLABELED,259.01,279.0,263.01,273.99,4.0,5.01,20.04,7.4703,27.5697,261.01,276.495,0.7984,9,1,0,1,rgb,0,0,0,0,none,,,,0.0,67.7607,1.7653,132.8908,4.9956,0.0,594.0,387.36,0.0,19.22
lvj,234,path,,UNLABELED,263.82,279.0,267.82,273.99,4.0,5.01,20.04,7.4703,27.5697,265.82,276.495,0.7984,9,1,0,1,rgb,0,0,0,0,none,,,,0.0,67.7607,1.7653,132.8908,4.9956,0.0,594.0,387.36,0.0,19.22
lvj,235,path,,UNLABELED,268.55,278.78,271.96,274.1,3.41,4.68,15.9588,6.0892,22.1449,270.255,276.44,0.7286,51,1,0,1,rgb,0,0,0,0,none,,,,0.0,105.3194,1.3737,90.0,2.91,0.0,594.0,387.36,0.0,14.7623
lvj,236,compound,,UNLABELED,272.23,279.02,276.65,274.18,4.42,4.84,21.3927,5.9941,22.3505,274.44,276.6,0.9132,12,2,0,1,rgb,0,0,0,0,none,,,,0.0,90.2485,1.2413,114.5419,5.3207,0.0,594.0,387.36,0.0,10.6964
lvj,237,path,,UNLABELED,277.05,278.78,279.05,274.18,2.0,4.6,9.2,3.4331,13.2,278.05,276.48,0.4348,7,1,0,1,rgb,0,0,0,0,none,,,,0.0,100.5501,10.2883,90.0,4.6,0.0,594.0,387.36,0.0,6.3166
lvj,238,compound,,UNLABELED,281.18,278.78,284.08,274.18,2.9,4.6,13.34,6.4093,23.4936,282.63,276.48,0.6304,45,2,0,1,rgb,0,0,0,0,none,,,,0.0,92.1186,3.0644,90.0,4.6,0.0,594.0,387.36,0.0,11.9281
lvj,239,compound,,UNLABELED,283.99,279.02,288.42,274.18,4.43,4.84,21.4411,6.0124,22.3587,286.205,276.6,0.9153,12,2,0,1,rgb,0,0,0,0,none,,,,0.0,89.908,1.2362,65.3601,5.3248,0.0,594.0,387.36,0.0,10.7206
lvj,240,path,,UNLABELED,288.4,278.78,291.19,274.18,2.79,4.6,12.8341,3.836,14.78,289.795,276.48,0.6065,9,1,0,1,rgb,0,0,0,0,none,,,,0.0,89.3302,3.4463,90.0,4.09,0.0,594.0,387.36,0.0,8.335
lvj,241,path,,UNLABELED,291.61,278.78,294.11,274.18,2.5,4.6,11.5,5.6416,21.7,292.86,276.48,0.5435,13,1,0,1,rgb,0,0,0,0,none,,,,0.0,82.4743,2.6741,90.0,4.6,0.0,594.0,387.36,0.0,11.5
lvj,242,compound,,UNLABELED,296.23,278.95,301.09,274.1,4.86,4.85,23.571,7.4974,27.0473,298.66,276.525,1.0021,114,2,0,1,rgb,0,0,0,0,none,,,,0.0,90.0925,1.0728,117.256,0.3712,0.0,594.0,387.36,0.0,18.5147
lvj,243,path,,UNLABELED,301.65,278.78,303.91,274.18,2.26,4.6,10.3961,4.4227,16.92,302.78,276.48,0.4913,11,1,0,1,rgb,0,0,0,0,none,,,,0.0,71.9613,3.9324,90.0,4.6,0.0,594.0,387.36,0.0,8.3644
lvj,244,path,,UNLABELED,306.07,278.95,309.71,274.1,3.64,4.85,17.654,5.106,20.0409,307.89,276.525,0.7505,75,1,0,1,rgb,0,0,0,0,none,,,,0.0,87.3237,2.317,90.0,0.68,0.0,594.0,387.36,0.0,14.8734
lvj,245,path,,UNLABELED,310.38,278.78,313.7,274.18,3.32,4.6,15.2721,6.5603,24.02,312.04,276.48,0.7217,13,1,0,1,rgb,0,0,0,0,none,,,,0.0,90.9715,2.0244,90.0,4.6,0.0,594.0,387.36,0.0,15.2721
lvj,246,compound,,UNLABELED,314.01,279.02,318.43,274.18,4.42,4.84,21.3927,5.9941,22.3505,316.22,276.6,0.9132,12,2,0,1,rgb,0,0,0,0,none,,,,0.0,90.2485,1.2413,114.5419,5.3207,0.0,594.0,387.36,0.0,10.6964
lvj,247,path,,UNLABELED,318.83,279.0,322.83,273.99,4.0,5.01,20.04,7.4696,27.5697,320.83,276.495,0.7984,9,1,0,1,rgb,0,0,0,0,none,,,,0.0,67.8027,1.7655,132.9748,5.0024,0.0,594.0,387.36,0.0,19.22
lvj,248,path,,UNLABELED,323.38,278.95,327.81,274.1,4.43,4.85,21.4855,7.0549,26.8603,325.595,276.525,0.9134,100,1,0,1,rgb,0,0,0,0,none,,,,0.0,97.4534,1.4415,0.0,1.77,0.0,594.0,387.36,0.0,17.1792
lvj,249,path,,UNLABELED,328.42,278.78,330.92,274.18,2.5,4.6,11.5,5.6109,21.7401,329.67,276.48,0.5435,13,1,0,1,rgb,0,0,0,0,none,,,,0.0,82.4768,2.6634,90.0,4.6,0.0,594.0,387.36,0.0,11.5
lvj,250,path,,UNLABELED,271.37,285.08,273.36,280.4,1.99,4.68,9.3133,3.2277,12.3156,272.365,282.74,0.4252,31,1,0,1,rgb,0,0,0,0,none,,,,0.0,77.1628,7.8646,90.0,2.92,0.0,594.0,387.36,0.0,5.788
lvj,251,compound,,UNLABELED,273.62,285.32,278.05,280.48,4.43,4.84,21.4413,5.9918,22.3831,275.835,282.9,0.9153,12,2,0,1,rgb,0,0,0,0,none,,,,0.0,90.3089,1.2399,114.6398,5.3249,0.0,594.0,387.36,0.0,10.7206
lvj,252,path,,UNLABELED,278.44,285.3,282.44,280.29,4.0,5.01,20.04,7.503,27.5556,280.44,282.795,0.7984,9,1,0,1,rgb,0,0,0,0,none,,,,0.0,67.8144,1.7685,132.8908,4.9956,0.0,594.0,387.36,0.0,19.22
lvj,253,path,,UNLABELED,283.17,285.08,286.57,280.4,3.4,4.68,15.9119,6.0328,22.1208,284.87,282.74,0.7265,51,1,0,1,rgb,0,0,0,0,none,,,,0.0,105.3607,1.376,90.0,2.91,0.0,594.0,387.36,0.0,14.7301
lvj,254,compound,,UNLABELED,286.84,285.32,291.27,280.48,4.43,4.84,21.4413,5.9858,22.3771,289.055,282.9,0.9153,12,2,0,1,rgb,0,0,0,0,none,,,,0.0,90.4824,1.2381,114.6398,5.3249,0.0,594.0,387.36,0.0,10.7206
lvj,255,compound,,UNLABELED,291.66,285.08,294.56,280.48,2.9,4.6,13.3399,6.4677,23.4742,293.11,282.78,0.6304,45,2,0,1,rgb,0,0,0,0,none,,,,0.0,92.0806,3.0666,90.0,4.6,0.0,594.0,387.36,0.0,11.9528
lvj,256,path,,UNLABELED,294.5,285.08,298.12,280.48,3.62,4.6,16.652,4.4368,16.4302,296.31,282.78,0.787,10,1,0,1,rgb,0,0,0,0,none,,,,0.0,89.4364,3.1621,120.5341,2.9722,0.0,594.0,387.36,0.0,9.706
lvj,257,path,,UNLABELED,300.14,285.25,303.08,280.48,2.94,4.77,14.0239,5.2051,20.6982,301.61,282.865,0.6164,47,1,0,1,rgb,0,0,0,0,none,,,,0.0,100.8876,1.9554,51.1738,3.2219,0.0,594.0,387.36,0.0,12.9864
lvj,258,compound,,UNLABELED,303.56,285.25,306.71,280.4,3.15,4.85,15.2775,5.7198,22.4438,305.135,282.825,0.6495,98,2,0,1,rgb,0,0,0,0,none,,,,0.0,90.004,2.63,112.3075,0.4215,0.0,594.0,387.36,0.0,12.1844
lvj,259,path,,UNLABELED,307.22,285.25,310.17,280.48,2.95,4.77,14.0716,5.2154,20.6967,308.695,282.865,0.6184,47,1,0,1,rgb,0,0,0,0,none,,,,0.0,100.8798,1.9571,51.0354,3.2282,0.0,594.0,387.36,0.0,13.0005
lvj,260,path,,UNLABELED,310.63,285.08,313.71,280.4,3.08,4.68,14.4144,5.1237,20.7088,312.17,282.74,0.6581,67,1,0,1,rgb,0,0,0,0,none,,,,0.0,71.2412,2.6027,73.2565,2.4645,0.0,594.0,387.36,0.0,11.1162
lvj,261,path,,UNLABELED,66.92,453.59,88.54,429.96,21.62,23.63,510.8808,510.8808,90.5,77.73,441.775,0.9149,5,1,0,0,none,,,,1,rgb,0,0,0,0.39,120.9468,1.4637,90.0,23.63,0.0,594.0,387.36,0.0,510.8808
lvj,262,path,,UNLABELED,66.52,386.85,70.05,381.88,3.53,4.97,17.5441,0.0,6.096,68.285,384.365,0.7103,2,1,0,0,none,,,,1,rgb,0,0,0,0.39,125.3847,1000000.0,125.3847,6.096,0.0,594.0,387.36,0.0,0.0
lvj,263,path,,UNLABELED,68.74,383.35,71.23,380.21,2.49,3.14,7.8186,2.1095,4.7787,69.985,381.78,0.793,4,1,0,1,rgb,0,0,0,0,none,,,,0.0,125.3439,9.9549,114.4852,3.4503,0.0,594.0,387.36,0.0,2.2004
lvj,264,path,,UNLABELED,215.13,177.69,217.62,174.55,2.49,3.14,7.8187,2.1095,4.7787,216.375,176.12,0.793,4,1,0,1,rgb,0,0,0,0,none,,,,0.0,125.3439,9.9547,114.485,3.4503,0.0,594.0,387.36,0.0,2.2005
lvj,265,path,,UNLABELED,216.25,176.12,219.84,171.05,3.59,5.07,18.2013,0.0,6.2123,218.045,173.585,0.7081,2,1,0,0,none,,,,1,rgb,0,0,0,0.39,125.3017,1000000.0,125.3017,6.2123,0.0,594.0,387.36,0.0,0.0
lvj,266,path,,UNLABELED,18.33,30.39,21.28,25.62,2.95,4.77,14.0716,5.2173,20.7027,19.805,28.005,0.6184,47,1,0,1,rgb,0,0,0,0,none,,,,0.0,100.8348,1.9583,51.0354,3.2282,0.0,594.0,387.36,0.0,13.0052
lvj,267,path,,UNLABELED,21.74,30.22,24.82,25.54,3.08,4.68,14.4144,5.1179,20.7021,23.28,27.88,0.6581,67,1,0,1,rgb,0,0,0,0,none,,,,0.0,71.2436,2.604,73.2561,2.4645,0.0,594.0,387.36,0.0,11.1099
lvj,268,path,,UNLABELED,25.86,30.22,27.17,25.62,1.31,4.6,6.026,2.6724,11.5922,26.515,27.92,0.2848,7,1,0,1,rgb,0,0,0,0,none,,,,0.0,95.2382,23.0279,90.0,4.6,0.0,594.0,387.36,0.0,4.3084
lvj,269,compound,,UNLABELED,28.84,30.39,31.99,25.54,3.15,4.85,15.2774,5.7299,22.4384,30.415,27.965,0.6495,98,2,0,1,rgb,0,0,0,0,none,,,,0.0,89.996,2.6339,105.0172,0.4245,0.0,594.0,387.36,0.0,12.1825
lvj,270,path,,UNLABELED,32.47,30.22,35.79,25.54,3.32,4.68,15.5376,4.1394,16.7964,34.13,27.88,0.7094,7,1,0,1,rgb,0,0,0,0,none,,,,0.0,64.5129,3.6269,58.4814,5.4899,0.0,594.0,387.36,0.0,8.752
lvj,271,path,,UNLABELED,18.33,568.29,21.28,563.52,2.95,4.77,14.0715,5.2144,20.7112,19.805,565.905,0.6184,47,1,0,1,rgb,0,0,0,0,none,,,,0.0,100.8786,1.9556,51.0353,3.2282,0.0,594.0,387.36,0.0,12.9924
lvj,272,path,,UNLABELED,21.74,568.12,24.82,563.44,3.08,4.68,14.4144,5.1351,20.7275,23.28,565.78,0.6581,67,1,0,1,rgb,0,0,0,0,none,,,,0.0,71.2588,2.6033,73.3229,2.4741,0.0,594.0,387.36,0.0,11.1269
lvj,273,path,,UNLABELED,25.86,568.12,27.17,563.52,1.31,4.6,6.026,2.6724,11.5921,26.515,565.82,0.2848,7,1,0,1,rgb,0,0,0,0,none,,,,0.0,95.2382,23.0276,90.0,4.6,0.0,594.0,387.36,0.0,4.3084
lvj,274,compound,,UNLABELED,28.84,568.29,31.99,563.44,3.15,4.85,15.2775,5.7257,22.4342,30.415,565.865,0.6495,98,2,0,1,rgb,0,0,0,0,none,,,,0.0,89.996,2.6324,74.9816,0.4245,0.0,594.0,387.36,0.0,12.1779
lvj,275,path,,UNLABELED,32.47,568.12,35.79,563.44,3.32,4.68,15.5376,4.1394,16.7964,34.13,565.78,0.7094,7,1,0,1,rgb,0,0,0,0,none,,,,0.0,64.513,3.6269,58.4814,5.4899,0.0,594.0,387.36,0.0,8.7521
lvj,276,path,,UNLABELED,347.51,566.64,349.68,559.13,2.17,7.51,16.2968,4.1965,17.4617,348.595,562.885,0.2889,49,1,0,1,rgb,0,0,0,0,none,,,,0.0,88.403,11.9311,71.5657,0.5692,0.0,594.0,387.36,0.0,11.5839
lvj,277,path,,UNLABELED,350.33,566.41,355.47,560.28,5.14,6.13,31.5081,8.6896,28.8884,352.9,563.345,0.8385,53,1,0,1,rgb,0,0,0,0,none,,,,0.0,106.9762,2.7024,0.0,5.02,0.0,594.0,387.36,0.0,27.0941
lvj,278,path,,UNLABELED,356.23,566.41,362.36,560.16,6.13,6.25,38.3125,8.6862,31.5264,359.295,563.285,0.9808,47,1,0,1,rgb,0,0,0,0,none,,,,0.0,160.2889,1.2723,110.0188,5.4918,0.0,594.0,387.36,0.0,21.0254
lvj,279,path,,UNLABELED,362.36,566.41,366.51,560.16,4.15,6.25,25.9375,7.4888,24.9631,364.435,563.285,0.664,66,1,0,1,rgb,0,0,0,0,none,,,,0.0,73.0412,6.5456,90.0,3.56,0.0,594.0,387.36,0.0,18.2944
lvj,280,path,,UNLABELED,367.15,566.64,369.32,559.13,2.17,7.51,16.2968,4.2025,17.4588,368.235,562.885,0.2889,49,1,0,1,rgb,0,0,0,0,none,,,,0.0,86.3185,12.3417,71.5658,0.5692,0.0,594.0,387.36,0.0,11.5629
lvj,281,compound,,UNLABELED,275.92,566.64,279.46,560.28,3.54,6.36,22.5144,9.8006,25.7093,277.69,563.46,0.5566,52,2,0,1,rgb,0,0,0,0,none,,,,0.0,79.1254,2.546,90.0,6.36,0.0,594.0,387.36,0.0,16.3846
lvj,282,path,,UNLABELED,280.12,566.64,283.58,560.28,3.46,6.36,22.0055,10.8046,30.0201,281.85,563.46,0.544,13,1,0,1,rgb,0,0,0,0,none,,,,0.0,82.4534,2.6701,90.0,6.36,0.0,594.0,387.36,0.0,22.0055
lvj,283,compound,,UNLABELED,283.84,566.97,289.96,560.28,6.12,6.69,40.9428,11.4664,30.8971,286.9,563.625,0.9148,12,2,0,1,rgb,0,0,0,0,none,,,,0.0,90.0657,1.2382,114.5793,7.3566,0.0,594.0,387.36,0.0,20.4714
lvj,284,compound,,UNLABELED,290.51,566.64,294.53,560.28,4.02,6.36,25.5671,12.3036,32.4949,292.52,563.46,0.6321,45,2,0,1,rgb,0,0,0,0,none,,,,0.0,92.1446,3.0582,90.0,6.36,0.0,594.0,387.36,0.0,22.8559
lvj,285,path,,UNLABELED,295.12,566.64,297.89,560.28,2.77,6.36,17.6173,6.5803,18.26,296.505,563.46,0.4355,7,1,0,1,rgb,0,0,0,0,none,,,,0.0,100.5567,10.264,90.0,6.36,0.0,594.0,387.36,0.0,12.0988
lvj,286,compound,,UNLABELED,297.68,566.97,303.81,560.28,6.13,6.69,41.0097,11.4917,30.9172,300.745,563.625,0.9163,12,2,0,1,rgb,0,0,0,0,none,,,,0.0,90.4835,1.2351,114.6501,7.3608,0.0,594.0,387.36,0.0,20.5049
lvj,287,path,,UNLABELED,304.35,566.95,309.89,560.02,5.54,6.93,38.3923,14.3239,38.1325,307.12,563.485,0.7994,9,1,0,1,rgb,0,0,0,0,none,,,,0.0,67.6624,1.7617,132.9485,6.9129,0.0,594.0,387.36,0.0,36.8134
lvj,288,compound,,UNLABELED,311.01,566.64,315.97,560.28,4.96,6.36,31.5455,13.4529,34.3315,313.49,563.46,0.7799,72,2,0,1,rgb,0,0,0,0,none,,,,0.0,88.7856,2.7416,90.0,6.36,0.0,594.0,387.36,0.0,27.1871
lvj,289,compound,,UNLABELED,319.11,566.64,323.13,560.28,4.02,6.36,25.5671,12.3444,32.4961,321.12,563.46,0.6321,45,2,0,1,rgb,0,0,0,0,none,,,,0.0,92.1101,3.0621,90.0,6.36,0.0,594.0,387.36,0.0,22.8877
lvj,290,path,,UNLABELED,323.37,566.88,329.5,560.16,6.13,6.72,41.1936,13.5279,37.1983,326.435,563.52,0.9122,100,1,0,1,rgb,0,0,0,0,none,,,,0.0,97.4094,1.442,0.0,2.45,0.0,594.0,387.36,0.0,32.9512
lvj,291,path,,UNLABELED,330.34,566.95,335.88,560.02,5.54,6.93,38.3923,14.3239,38.1325,333.11,563.485,0.7994,9,1,0,1,rgb,0,0,0,0,none,,,,0.0,67.6624,1.7617,132.9485,6.9129,0.0,594.0,387.36,0.0,36.8134
lvj,292,path,,UNLABELED,337.0,566.64,339.77,560.28,2.77,6.36,17.6171,6.6367,18.26,338.385,563.46,0.4355,7,1,0,1,rgb,0,0,0,0,none,,,,0.0,100.5105,10.2645,90.0,6.36,0.0,594.0,387.36,0.0,12.1269
lvj,293,path,,UNLABELED,308.55,556.93,312.64,551.27,4.09,5.66,23.1494,9.9951,29.58,310.595,554.1,0.7226,13,1,0,1,rgb,0,0,0,0,none,,,,0.0,90.9455,2.0294,90.0,5.66,0.0,594.0,387.36,0.0,23.1494
lvj,294,compound,,UNLABELED,313.22,557.14,319.2,551.17,5.98,5.97,35.7005,11.3691,33.2835,316.21,554.155,1.0017,114,2,0,1,rgb,0,0,0,0,none,,,,0.0,90.0212,1.0725,117.7019,0.4518,0.0,594.0,387.36,0.0,28.0516
lvj,295,path,,UNLABELED,319.79,556.93,323.98,551.17,4.19,5.76,24.1344,9.1897,27.2396,321.885,554.05,0.7274,51,1,0,1,rgb,0,0,0,0,none,,,,0.0,105.3777,1.376,90.0,3.58,0.0,594.0,387.36,0.0,22.324
lvj,296,path,,UNLABELED,324.68,557.14,328.29,551.17,3.61,5.97,21.5518,8.2085,25.2311,326.485,554.155,0.6047,91,1,0,1,rgb,0,0,0,0,none,,,,0.0,91.7831,3.607,11.6114,0.7453,0.0,594.0,387.36,0.0,18.0996
lvj,297,path,,UNLABELED,328.48,556.93,331.91,551.27,3.43,5.66,19.4138,5.8329,18.18,330.195,554.1,0.606,9,1,0,1,rgb,0,0,0,0,none,,,,0.0,89.3268,3.4479,90.0,5.03,0.0,594.0,387.36,0.0,12.6233
lvj,298,compound,,UNLABELED,332.01,557.14,337.98,551.17,5.97,5.97,35.6409,11.3526,33.2861,334.995,554.155,1.0,114,2,0,1,rgb,0,0,0,0,none,,,,0.0,89.9345,1.0726,62.2981,0.4518,0.0,594.0,387.36,0.0,28.0447
lvj,299,path,,UNLABELED,338.68,557.2,343.6,551.04,4.92,6.16,30.3073,11.2968,33.9046,341.14,554.12,0.7987,9,1,0,1,rgb,0,0,0,0,none,,,,0.0,67.7302,1.7661,132.957,6.1487,0.0,594.0,387.36,0.0,29.0773
lvj,300,path,,UNLABELED,344.49,552.11,345.96,549.91,1.47,2.2,3.2339,1.23,5.5466,345.225,551.01,0.6682,5,1,0,1,rgb,0,0,0,0,none,,,,0.0,67.2833,15.0056,62.1701,2.2277,0.0,594.0,387.36,0.0,1.23
lvj,301,path,,UNLABELED,348.45,556.93,351.88,551.27,3.43,5.66,19.4138,5.8329,18.18,350.165,554.1,0.606,9,1,0,1,rgb,0,0,0,0,none,,,,0.0,89.3268,3.4479,90.0,5.03,0.0,594.0,387.36,0.0,12.6233
lvj,302,path,,UNLABELED,352.4,556.93,355.48,551.27,3.08,5.66,17.4327,8.5292,26.7399,353.94,554.1,0.5442,13,1,0,1,rgb,0,0,0,0,none,,,,0.0,82.4664,2.6631,90.0,5.66,0.0,594.0,387.36,0.0,17.4327
lvj,303,path,,UNLABELED,355.81,556.93,360.1,551.27,4.29,5.66,24.2813,8.3983,26.4506,357.955,554.1,0.7579,13,1,0,1,rgb,0,0,0,0,none,,,,0.0,89.1337,2.6967,60.7458,3.6219,0.0,594.0,387.36,0.0,23.4323
lvj,304,compound,,UNLABELED,360.03,557.22,365.48,551.27,5.45,5.95,32.4276,9.0798,27.5053,362.755,554.245,0.916,12,2,0,1,rgb,0,0,0,0,none,,,,0.0,90.3049,1.2384,114.6469,6.5464,0.0,594.0,387.36,0.0,16.2138
lvj,305,path,,UNLABELED,365.71,557.14,369.32,551.17,3.61,5.97,21.5518,8.2145,25.2348,367.515,554.155,0.6047,91,1,0,1,rgb,0,0,0,0,none,,,,0.0,91.7711,3.6049,11.6114,0.7453,0.0,594.0,387.36,0.0,18.1188
lvj,306,path,,UNLABELED,308.55,42.45,312.64,36.79,4.09,5.66,23.1493,10.0211,29.5599,310.595,39.62,0.7226,13,1,0,1,rgb,0,0,0,0,none,,,,0.0,90.9623,2.0302,90.0,5.66,0.0,594.0,387.36,0.0,23.1493
lvj,307,compound,,UNLABELED,313.22,42.66,319.2,36.69,5.98,5.97,35.7003,11.3671,33.2792,316.21,39.675,1.0017,114,2,0,1,rgb,0,0,0,0,none,,,,0.0,90.0213,1.072,117.7005,0.4518,0.0,594.0,387.36,0.0,28.0435
lvj,308,path,,UNLABELED,319.79,42.45,323.98,36.69,4.19,5.76,24.1345,9.1962,27.2346,321.885,39.57,0.7274,51,1,0,1,rgb,0,0,0,0,none,,,,0.0,105.3952,1.3755,90.0,3.58,0.0,594.0,387.36,0.0,22.324
lvj,309,path,,UNLABELED,324.68,42.66,328.29,36.69,3.61,5.97,21.5519,8.224,25.2365,326.485,39.675,0.6047,91,1,0,1,rgb,0,0,0,0,none,,,,0.0,91.7922,3.6105,11.6132,0.7453,0.0,594.0,387.36,0.0,18.1142
lvj,310,path,,UNLABELED,328.48,42.45,331.91,36.79,3.43,5.66,19.4139,5.8329,18.1801,330.195,39.62,0.606,9,1,0,1,rgb,0,0,0,0,none,,,,0.0,89.3268,3.4479,90.0,5.03,0.0,594.0,387.36,0.0,12.6234
lvj,311,compound,,UNLABELED,332.01,42.66,337.98,36.69,5.97,5.97,35.6407,11.3507,33.2818,334.995,39.675,1.0,114,2,0,1,rgb,0,0,0,0,none,,,,0.0,89.9339,1.072,62.2995,0.4518,0.0,594.0,387.36,0.0,28.0365
lvj,312,path,,UNLABELED,338.68,42.72,343.6,36.56,4.92,6.16,30.3072,11.2967,33.9044,341.14,39.64,0.7987,9,1,0,1,rgb,0,0,0,0,none,,,,0.0,67.7299,1.7661,132.957,6.1487,0.0,594.0,387.36,0.0,29.0771
lvj,313,path,,UNLABELED,344.49,37.63,345.96,35.43,1.47,2.2,3.234,1.23,5.5466,345.225,36.53,0.6682,5,1,0,1,rgb,0,0,0,0,none,,,,0.0,67.2835,15.0063,62.1705,2.2277,0.0,594.0,387.36,0.0,1.23
lvj,314,path,,UNLABELED,348.45,42.45,351.88,36.79,3.43,5.66,19.4139,5.8329,18.1801,350.165,39.62,0.606,9,1,0,1,rgb,0,0,0,0,none,,,,0.0,89.3268,3.4479,90.0,5.03,0.0,594.0,387.36,0.0,12.6234
lvj,315,path,,UNLABELED,352.4,42.45,355.48,36.79,3.08,5.66,17.4326,8.5291,26.7399,353.94,39.62,0.5442,13,1,0,1,rgb,0,0,0,0,none,,,,0.0,82.4663,2.6631,90.0,5.66,0.0,594.0,387.36,0.0,17.4326
lvj,316,path,,UNLABELED,355.81,42.45,360.1,36.79,4.29,5.66,24.2812,8.3846,26.4681,357.955,39.62,0.758,13,1,0,1,rgb,0,0,0,0,none,,,,0.0,89.1331,2.6963,60.7456,3.6219,0.0,594.0,387.36,0.0,23.4322
lvj,317,compound,,UNLABELED,360.03,42.74,365.48,36.79,5.45,5.95,32.4273,9.0797,27.5052,362.755,39.765,0.916,12,2,0,1,rgb,0,0,0,0,none,,,,0.0,90.305,1.2384,114.647,6.5464,0.0,594.0,387.36,0.0,16.2137
lvj,318,path,,UNLABELED,365.71,42.66,369.32,36.69,3.61,5.97,21.5519,8.2301,25.24,367.515,39.675,0.6047,91,1,0,1,rgb,0,0,0,0,none,,,,0.0,91.7802,3.6084,11.6132,0.7453,0.0,594.0,387.36,0.0,18.1335
lvj,319,path,,UNLABELED,347.51,33.43,349.68,25.91,2.17,7.52,16.3185,4.1956,17.4816,348.595,29.67,0.2886,49,1,0,1,rgb,0,0,0,0,none,,,,0.0,88.4047,11.9335,71.5651,0.5692,0.0,594.0,387.36,0.0,11.5854
lvj,320,path,,UNLABELED,350.33,33.19,355.47,27.07,5.14,6.12,31.4567,8.6551,28.8762,352.9,30.13,0.8399,53,1,0,1,rgb,0,0,0,0,none,,,,0.0,106.9716,2.7013,0.0,5.02,0.0,594.0,387.36,0.0,27.0542
lvj,321,path,,UNLABELED,356.23,33.19,362.36,26.95,6.13,6.24,38.2512,8.6608,31.4784,359.295,30.07,0.9824,47,1,0,1,rgb,0,0,0,0,none,,,,0.0,160.3646,1.2736,110.0545,5.4824,0.0,594.0,387.36,0.0,20.964
lvj,322,path,,UNLABELED,362.36,33.19,366.51,26.95,4.15,6.24,25.8959,7.4727,24.9436,364.435,30.07,0.6651,66,1,0,1,rgb,0,0,0,0,none,,,,0.0,73.0433,6.5425,90.0,3.56,0.0,594.0,387.36,0.0,18.2701
lvj,323,path,,UNLABELED,367.15,33.43,369.32,25.91,2.17,7.52,16.3185,4.2068,17.4758,368.235,29.67,0.2886,49,1,0,1,rgb,0,0,0,0,none,,,,0.0,86.3188,12.3317,71.5651,0.5692,0.0,594.0,387.36,0.0,11.5611
lvj,324,compound,,UNLABELED,275.92,33.4301,279.46,27.07,3.54,6.36,22.5146,9.7964,25.708,277.69,30.25,0.5566,52,2,0,1,rgb,0,0,0,0,none,,,,0.0,79.0957,2.5456,90.0,6.36,0.0,594.0,387.36,0.0,16.382
lvj,325,path,,UNLABELED,280.12,33.43,283.58,27.07,3.46,6.36,22.0055,10.779,30.02,281.85,30.25,0.544,13,1,0,1,rgb,0,0,0,0,none,,,,0.0,82.4667,2.6681,90.0,6.36,0.0,594.0,387.36,0.0,22.0055
lvj,326,compound,,UNLABELED,283.84,33.7599,289.96,27.0699,6.12,6.69,40.9428,11.455,30.9154,286.9,30.4149,0.9148,12,2,0,1,rgb,0,0,0,0,none,,,,0.0,90.0965,1.2376,114.5793,7.3566,0.0,594.0,387.36,0.0,20.4714
lvj,327,compound,,UNLABELED,290.51,33.43,294.53,27.07,4.02,6.36,25.5671,12.3019,32.4976,292.52,30.25,0.6321,45,2,0,1,rgb,0,0,0,0,none,,,,0.0,92.1385,3.0544,90.0,6.36,0.0,594.0,387.36,0.0,22.8442
lvj,328,path,,UNLABELED,295.12,33.43,297.89,27.07,2.77,6.36,17.6173,6.5803,18.26,296.505,30.25,0.4355,7,1,0,1,rgb,0,0,0,0,none,,,,0.0,100.5568,10.2639,90.0,6.36,0.0,594.0,387.36,0.0,12.0988
lvj,329,compound,,UNLABELED,297.68,33.7599,303.81,27.0699,6.13,6.69,41.0097,11.4802,30.9355,300.745,30.4149,0.9163,12,2,0,1,rgb,0,0,0,0,none,,,,0.0,90.5149,1.2345,114.6501,7.3608,0.0,594.0,387.36,0.0,20.5049
lvj,330,path,,UNLABELED,304.35,33.74,309.89,26.8,5.54,6.94,38.4477,14.3475,38.1497,307.12,30.27,0.7983,9,1,0,1,rgb,0,0,0,0,none,,,,0.0,67.7296,1.7608,132.9485,6.9129,0.0,594.0,387.36,0.0,36.841
lvj,331,compound,,UNLABELED,311.01,33.43,315.97,27.07,4.96,6.36,31.5455,13.4632,34.3223,313.49,30.25,0.7799,72,2,0,1,rgb,0,0,0,0,none,,,,0.0,88.7875,2.7404,90.0,6.36,0.0,594.0,387.36,0.0,27.1902
lvj,332,compound,,UNLABELED,319.11,33.43,323.13,27.07,4.02,6.36,25.5671,12.3428,32.4992,321.12,30.25,0.6321,45,2,0,1,rgb,0,0,0,0,none,,,,0.0,92.1041,3.0584,90.0,6.36,0.0,594.0,387.36,0.0,22.876
lvj,333,path,,UNLABELED,323.37,33.67,329.5,26.95,6.13,6.72,41.1935,13.5264,37.2179,326.435,30.31,0.9122,100,1,0,1,rgb,0,0,0,0,none,,,,0.0,97.3833,1.4418,0.0,2.45,0.0,594.0,387.36,0.0,32.9481
lvj,334,path,,UNLABELED,330.34,33.74,335.88,26.8,5.54,6.94,38.4477,14.3475,38.1497,333.11,30.27,0.7983,9,1,0,1,rgb,0,0,0,0,none,,,,0.0,67.7296,1.7608,132.9485,6.9129,0.0,594.0,387.36,0.0,36.841
lvj,335,path,,UNLABELED,337.0,33.43,339.77,27.07,2.77,6.36,17.6171,6.6367,18.2599,338.385,30.25,0.4355,7,1,0,1,rgb,0,0,0,0,none,,,,0.0,100.5105,10.2644,90.0,6.36,0.0,594.0,387.36,0.0,12.1269
lvj,336,compound,,UNLABELED,172.37,557.2,177.14,551.99,4.77,5.21,24.8517,6.9476,24.087,174.755,554.595,0.9155,12,2,0,1,rgb,0,0,0,0,none,,,,0.0,90.5039,1.238,114.6425,5.732,0.0,594.0,387.36,0.0,12.4259
lvj,337,path,,UNLABELED,177.56,556.94,179.71,551.99,2.15,4.95,10.6425,3.9985,14.2,178.635,554.465,0.4343,7,1,0,1,rgb,0,0,0,0,none,,,,0.0,100.5038,10.3054,90.0,4.95,0.0,594.0,387.36,0.0,7.3205
lvj,338,path,,UNLABELED,180.01,554.38,181.48,553.92,1.47,0.46,0.6762,0.6762,3.86,180.745,554.15,3.1957,5,1,0,1,rgb,0,0,0,0,none,,,,0.0,176.7021,10.5673,0.0,1.47,0.0,594.0,387.36,0.0,0.6762
lvj,339,compound,,UNLABELED,182.11,557.13,185.32,551.9,3.21,5.23,16.7883,6.0604,21.6057,183.715,554.515,0.6138,70,2,0,1,rgb,0,0,0,0,none,,,,0.0,75.7891,1.5931,53.8107,2.8622,0.0,594.0,387.36,0.0,11.1879
lvj,340,compound,,UNLABELED,185.67,557.2,189.24,551.99,3.57,5.21,18.5997,5.97,21.4258,187.455,554.595,0.6852,15,2,0,1,rgb,0,0,0,0,none,,,,0.0,84.1873,2.3609,56.1328,5.3834,0.0,594.0,387.36,0.0,9.6601
lvj,341,compound,,UNLABELED,189.74,557.13,192.95,551.9,3.21,5.23,16.7883,6.0671,21.6106,191.345,554.515,0.6138,70,2,0,1,rgb,0,0,0,0,none,,,,0.0,75.7867,1.5911,53.8107,2.8622,0.0,594.0,387.36,0.0,11.1903
lvj,342,compound,,UNLABELED,193.46,557.13,196.86,551.9,3.4,5.23,17.782,6.658,24.1802,195.16,554.515,0.6501,98,2,0,1,rgb,0,0,0,0,none,,,,0.0,90.0,2.6271,104.0362,0.4535,0.0,594.0,387.36,0.0,14.1494
lvj,343,path,,UNLABELED,199.37,557.31,200.58,550.73,1.21,6.58,7.9618,4.0051,14.023,199.975,554.02,0.1839,35,1,0,1,rgb,0,0,0,0,none,,,,0.0,89.7981,30.3902,37.0564,0.614,0.0,594.0,387.36,0.0,6.2979
lvj,344,path,,UNLABELED,201.39,556.94,203.82,551.99,2.43,4.95,12.0285,5.104,18.22,202.605,554.465,0.4909,11,1,0,1,rgb,0,0,0,0,none,,,,0.0,71.9164,3.9216,90.0,4.95,0.0,594.0,387.36,0.0,9.6769
lvj,345,compound,,UNLABELED,203.97,557.2,208.74,551.99,4.77,5.21,24.8517,6.9476,24.087,206.355,554.595,0.9155,12,2,0,1,rgb,0,0,0,0,none,,,,0.0,90.5039,1.238,114.6425,5.732,0.0,594.0,387.36,0.0,12.4259
lvj,346,compound,,UNLABELED,208.61,557.2,213.38,551.99,4.77,5.21,24.8517,6.9476,24.087,210.995,554.595,0.9155,12,2,0,1,rgb,0,0,0,0,none,,,,0.0,90.5039,1.238,114.6425,5.732,0.0,594.0,387.36,0.0,12.4259
lvj,347,path,,UNLABELED,213.69,557.31,214.9,550.73,1.21,6.58,7.9618,4.0051,14.023,214.295,554.02,0.1839,35,1,0,1,rgb,0,0,0,0,none,,,,0.0,90.7876,27.6575,142.9439,0.614,0.0,594.0,387.36,0.0,6.2979
lvj,348,compound,,UNLABELED,17.86,561.68,27.39,551.27,9.53,10.41,99.2073,27.7677,48.1093,22.625,556.475,0.9155,12,2,0,1,rgb,0,0,0,0,none,,,,0.0,90.1343,1.2372,65.3821,11.4508,0.0,594.0,387.36,0.0,49.6036
lvj,349,path,,UNLABELED,28.24,561.17,29.53,551.27,1.29,9.9,12.771,12.771,22.38,28.885,556.22,0.1303,5,1,0,1,rgb,0,0,0,0,none,,,,0.0,88.735,60.6377,90.0,9.9,0.0,594.0,387.36,0.0,12.771
lvj,350,compound,,UNLABELED,31.3,561.17,37.56,551.27,6.26,9.9,61.974,29.886,50.5754,34.43,556.22,0.6323,45,2,0,1,rgb,0,0,0,0,none,,,,0.0,92.098,3.0617,90.0,9.9,0.0,594.0,387.36,0.0,55.3989
lvj,351,compound,,UNLABELED,38.47,561.17,43.97,551.27,5.5,9.9,54.45,23.8337,39.9918,41.22,556.22,0.5556,52,2,0,1,rgb,0,0,0,0,none,,,,0.0,79.1182,2.5521,90.0,9.9,0.0,594.0,387.36,0.0,39.7355
lvj,352,compound,,UNLABELED,44.27,561.54,54.73,551.09,10.46,10.45,109.307,34.7824,58.2497,49.5,556.315,1.001,114,2,0,1,rgb,0,0,0,0,none,,,,0.0,89.8955,1.0721,117.8598,0.7918,0.0,594.0,387.36,0.0,85.8991
lvj,353,compound,,UNLABELED,55.94,561.17,62.19,551.27,6.25,9.9,61.875,29.9025,50.5419,59.065,556.22,0.6313,45,2,0,1,rgb,0,0,0,0,none,,,,0.0,92.1095,3.0633,90.0,9.9,0.0,594.0,387.36,0.0,55.3599
lvj,354,path,,UNLABELED,62.21,561.17,68.22,551.27,6.01,9.9,59.499,17.875,31.82,65.215,556.22,0.6071,9,1,0,1,rgb,0,0,0,0,none,,,,0.0,89.3521,3.4361,90.0,8.8,0.0,594.0,387.36,0.0,38.687
lvj,355,compound,,UNLABELED,72.94,561.17,80.65,551.27,7.71,9.9,76.329,32.568,53.3797,76.795,556.22,0.7788,72,2,0,1,rgb,0,0,0,0,none,,,,0.0,88.7636,2.7427,90.0,9.9,0.0,594.0,387.36,0.0,65.7632
lvj,356,path,,UNLABELED,81.72,561.17,83.01,551.27,1.29,9.9,12.771,12.771,22.38,82.365,556.22,0.1303,5,1,0,1,rgb,0,0,0,0,none,,,,0.0,88.735,60.6375,90.0,9.9,0.0,594.0,387.36,0.0,12.771
lvj,357,compound,,UNLABELED,83.69,561.68,93.22,551.27,9.53,10.41,99.2074,27.7678,48.1093,88.455,556.475,0.9155,12,2,0,1,rgb,0,0,0,0,none,,,,0.0,90.2471,1.2372,114.6179,11.4508,0.0,594.0,387.36,0.0,49.6037
lvj,358,path,,UNLABELED,93.52,561.54,103.05,551.09,9.53,10.45,99.5886,32.7098,57.8628,98.285,556.315,0.912,100,1,0,1,rgb,0,0,0,0,none,,,,0.0,97.462,1.4419,0.0,3.8,0.0,594.0,387.36,0.0,79.6988
lvj,359,compound,,UNLABELED,104.37,561.17,110.62,551.27,6.25,9.9,61.875,29.8234,50.5503,107.495,556.22,0.6313,45,2,0,1,rgb,0,0,0,0,none,,,,0.0,92.1273,3.0632,90.0,9.9,0.0,594.0,387.36,0.0,55.339
lvj,360,compound,,UNLABELED,110.44,561.68,119.97,551.27,9.53,10.41,99.2074,27.7678,48.1093,115.205,556.475,0.9155,12,2,0,1,rgb,0,0,0,0,none,,,,0.0,90.2471,1.2372,114.6179,11.4508,0.0,594.0,387.36,0.0,49.6037
lvj,361,path,,UNLABELED,120.07,561.74,130.98,551.09,10.91,10.65,116.1915,38.5634,69.5703,125.525,556.415,1.0244,13,1,0,1,rgb,0,0,0,0,none,,,,0.0,89.8087,1.3854,101.0255,10.6669,0.0,594.0,387.36,0.0,93.8508
lvj,362,compound,,UNLABELED,17.86,42.88,27.39,32.47,9.53,10.41,99.2076,27.7678,48.1094,22.625,37.675,0.9155,12,2,0,1,rgb,0,0,0,0,none,,,,0.0,90.1343,1.2372,65.3822,11.4508,0.0,594.0,387.36,0.0,49.6038
lvj,363,path,,UNLABELED,28.24,42.37,29.53,32.47,1.29,9.9,12.771,12.771,22.38,28.885,37.42,0.1303,5,1,0,1,rgb,0,0,0,0,none,,,,0.0,88.735,60.638,90.0,9.9,0.0,594.0,387.36,0.0,12.771
lvj,364,compound,,UNLABELED,31.3,42.37,37.56,32.47,6.26,9.9,61.9741,29.8946,50.5705,34.43,37.42,0.6323,45,2,0,1,rgb,0,0,0,0,none,,,,0.0,92.1035,3.0608,90.0,9.9,0.0,594.0,387.36,0.0,55.399
lvj,365,compound,,UNLABELED,38.47,42.37,43.97,32.47,5.5,9.9,54.4498,23.847,39.9917,41.22,37.42,0.5556,52,2,0,1,rgb,0,0,0,0,none,,,,0.0,79.1425,2.5513,90.0,9.9,0.0,594.0,387.36,0.0,39.7485
lvj,366,compound,,UNLABELED,44.27,42.74,54.73,32.29,10.46,10.45,109.3071,34.7813,58.2483,49.5,37.515,1.001,114,2,0,1,rgb,0,0,0,0,none,,,,0.0,89.8953,1.0719,117.8594,0.7918,0.0,594.0,387.36,0.0,85.895
lvj,367,compound,,UNLABELED,55.94,42.37,62.19,32.47,6.25,9.9,61.8752,29.911,50.5371,59.065,37.42,0.6313,45,2,0,1,rgb,0,0,0,0,none,,,,0.0,92.1149,3.0624,90.0,9.9,0.0,594.0,387.36,0.0,55.3599
lvj,368,path,,UNLABELED,62.21,42.37,68.22,32.47,6.01,9.9,59.4988,17.8748,31.8199,65.215,37.42,0.6071,9,1,0,1,rgb,0,0,0,0,none,,,,0.0,89.3521,3.436,90.0,8.8,0.0,594.0,387.36,0.0,38.6868
lvj,369,compound,,UNLABELED,72.94,42.37,80.65,32.47,7.71,9.9,76.3292,32.5844,53.3783,76.795,37.42,0.7788,72,2,0,1,rgb,0,0,0,0,none,,,,0.0,88.762,2.7423,90.0,9.9,0.0,594.0,387.36,0.0,65.7684
lvj,370,path,,UNLABELED,81.72,42.37,83.01,32.47,1.29,9.9,12.771,12.771,22.3801,82.365,37.42,0.1303,5,1,0,1,rgb,0,0,0,0,none,,,,0.0,88.735,60.6378,90.0,9.9,0.0,594.0,387.36,0.0,12.771
lvj,371,compound,,UNLABELED,83.69,42.88,93.22,32.47,9.53,10.41,99.2077,27.7679,48.1094,88.455,37.675,0.9155,12,2,0,1,rgb,0,0,0,0,none,,,,0.0,90.2471,1.2372,114.6178,11.4508,0.0,594.0,387.36,0.0,49.6038
lvj,372,path,,UNLABELED,93.52,42.74,103.05,32.29,9.53,10.45,99.5887,32.716,57.8686,98.285,37.515,0.912,100,1,0,1,rgb,0,0,0,0,none,,,,0.0,97.4243,1.4421,0.0,3.8,0.0,594.0,387.36,0.0,79.7131
lvj,373,compound,,UNLABELED,104.37,42.37,110.62,32.47,6.25,9.9,61.8752,29.832,50.5455,107.495,37.42,0.6313,45,2,0,1,rgb,0,0,0,0,none,,,,0.0,92.1328,3.0623,90.0,9.9,0.0,594.0,387.36,0.0,55.3391
lvj,374,compound,,UNLABELED,110.44,42.88,119.97,32.47,9.53,10.41,99.2077,27.7679,48.1094,115.205,37.675,0.9155,12,2,0,1,rgb,0,0,0,0,none,,,,0.0,90.2471,1.2372,114.6178,11.4508,0.0,594.0,387.36,0.0,49.6038
lvj,375,path,,UNLABELED,120.07,42.94,130.98,32.29,10.91,10.65,116.1917,38.5635,69.5705,125.525,37.615,1.0244,13,1,0,1,rgb,0,0,0,0,none,,,,0.0,89.8089,1.3854,101.0254,10.6669,0.0,594.0,387.36,0.0,93.8511
lvj,376,path,,UNLABELED,87.45,90.03,90.39,85.17,2.94,4.86,14.2884,5.432,20.5203,88.92,87.6,0.6049,91,1,0,1,rgb,0,0,0,0,none,,,,0.0,91.7668,3.6076,11.3123,0.6119,0.0,594.0,387.36,0.0,11.9848
lvj,377,path,,UNLABELED,90.87,87.47,92.23,87.05,1.36,0.42,0.5712,0.5712,3.56,91.55,87.26,3.238,5,1,0,1,rgb,0,0,0,0,none,,,,0.0,176.7539,10.8472,0.0,1.36,0.0,594.0,387.36,0.0,0.5712
lvj,378,path,,UNLABELED,92.87,90.03,95.71,85.17,2.84,4.86,13.8024,5.0563,20.4487,94.29,87.6,0.5844,98,1,0,1,rgb,0,0,0,0,none,,,,0.0,89.4547,3.6764,0.0,0.57,0.0,594.0,387.36,0.0,11.8731
lvj,379,compound,,UNLABELED,96.28,90.03,99.43,85.17,3.15,4.86,15.309,5.736,22.4398,97.855,87.6,0.6482,98,2,0,1,rgb,0,0,0,0,none,,,,0.0,89.995,2.6322,105.0194,0.4245,0.0,594.0,387.36,0.0,12.1849
lvj,380,compound,,UNLABELED,69.95,96.88,72.85,92.28,2.9,4.6,13.3399,6.466,23.4706,71.4,94.58,0.6304,45,2,0,1,rgb,0,0,0,0,none,,,,0.0,92.0858,3.0708,90.0,4.6,0.0,594.0,387.36,0.0,11.941
lvj,381,path,,UNLABELED,72.77,97.05,79.24,92.11,6.47,4.94,31.9618,9.0332,33.0821,76.005,94.58,1.3097,11,1,0,1,rgb,0,0,0,0,none,,,,0.0,153.1349,1.2617,67.9711,5.1456,0.0,594.0,387.36,0.0,22.2296
lvj,382,path,,UNLABELED,79.09,96.88,82.7,92.28,3.61,4.6,16.606,4.3812,16.4053,80.895,94.58,0.7848,10,1,0,1,rgb,0,0,0,0,none,,,,0.0,89.4458,3.1713,59.466,2.9722,0.0,594.0,387.36,0.0,9.66
lvj,383,path,,UNLABELED,85.16,96.88,86.48,92.28,1.32,4.6,6.072,2.6775,11.6121,85.82,94.58,0.287,7,1,0,1,rgb,0,0,0,0,none,,,,0.0,95.2992,22.6555,90.0,4.6,0.0,594.0,387.36,0.0,4.334
lvj,384,compound,,UNLABELED,87.99,97.12,91.31,92.28,3.32,4.84,16.0689,5.1716,19.9012,89.65,94.7,0.6859,15,2,0,1,rgb,0,0,0,0,none,,,,0.0,84.1508,2.3604,56.1513,5.009,0.0,594.0,387.36,0.0,8.3456
lvj,385,path,,UNLABELED,91.86,94.5,93.22,94.07,1.36,0.43,0.5848,0.5848,3.58,92.54,94.285,3.1628,5,1,0,1,rgb,0,0,0,0,none,,,,0.0,176.6607,10.3528,0.0,1.36,0.0,594.0,387.36,0.0,0.5848
lvj,386,path,,UNLABELED,93.86,97.05,96.7,92.2,2.84,4.85,13.7739,5.0461,20.4315,95.28,94.625,0.5856,98,1,0,1,rgb,0,0,0,0,none,,,,0.0,89.4493,3.6734,0.0,0.57,0.0,594.0,387.36,0.0,11.8694
lvj,387,path,,UNLABELED,97.39,97.05,100.33,92.28,2.94,4.77,14.0239,5.2048,20.6904,98.86,94.665,0.6164,47,1,0,1,rgb,0,0,0,0,none,,,,0.0,100.8909,1.9539,51.1736,3.2219,0.0,594.0,387.36,0.0,12.9864
lvj,388,path,,UNLABELED,22.23,509.83,23.55,505.23,1.32,4.6,6.072,2.684,11.6106,22.89,507.53,0.287,7,1,0,1,rgb,0,0,0,0,none,,,,0.0,95.2966,22.589,90.0,4.6,0.0,594.0,387.36,0.0,4.3364
lvj,389,path,,UNLABELED,25.34,510.0,28.28,505.23,2.94,4.77,14.0238,5.2122,20.7032,26.81,507.615,0.6164,47,1,0,1,rgb,0,0,0,0,none,,,,0.0,100.875,1.9512,51.1736,3.2219,0.0,594.0,387.36,0.0,12.9702
lvj,390,path,,UNLABELED,28.88,510.0,31.83,505.23,2.95,4.77,14.0715,5.2106,20.7268,30.355,507.615,0.6184,47,1,0,1,rgb,0,0,0,0,none,,,,0.0,100.8729,1.9512,51.1736,3.2219,0.0,594.0,387.36,0.0,13.0
lvj,391,path,,UNLABELED,32.64,505.82,33.33,505.14,0.69,0.68,0.4692,0.3567,2.1325,32.985,505.48,1.0147,17,1,0,1,rgb,0,0,0,0,none,,,,0.0,89.4269,1.1021,167.9057,0.1432,0.0,594.0,387.36,0.0,0.3567
lvj,392,path,,UNLABELED,34.16,509.83,37.48,505.14,3.32,4.69,15.5708,4.1679,16.8121,35.82,507.485,0.7079,7,1,0,1,rgb,0,0,0,0,none,,,,0.0,64.5223,3.6254,58.5358,5.4984,0.0,594.0,387.36,0.0,8.7686
lvj,393,path,,UNLABELED,37.74,510.0,40.68,505.23,2.94,4.77,14.0238,5.2061,20.7034,39.21,507.615,0.6164,47,1,0,1,rgb,0,0,0,0,none,,,,0.0,100.8485,1.9525,51.1736,3.2219,0.0,594.0,387.36,0.0,12.9664
lvj,394,path,,UNLABELED,41.15,509.83,44.23,505.14,3.08,4.69,14.4452,5.1396,20.7035,42.69,507.485,0.6567,67,1,0,1,rgb,0,0,0,0,none,,,,0.0,71.2579,2.6009,73.3229,2.4741,0.0,594.0,387.36,0.0,11.1138
lvj,395,path,,UNLABELED,21.68,517.02,25.32,512.17,3.64,4.85,17.654,5.0962,20.0688,23.5,514.595,0.7505,75,1,0,1,rgb,0,0,0,0,none,,,,0.0,87.2977,2.3158,90.0,0.69,0.0,594.0,387.36,0.0,14.88
lvj,396,path,,UNLABELED,25.57,516.85,28.36,512.25,2.79,4.6,12.834,3.8769,14.78,26.965,514.55,0.6065,9,1,0,1,rgb,0,0,0,0,none,,,,0.0,89.2584,3.441,90.0,4.09,0.0,594.0,387.36,0.0,8.3555
lvj,397,compound,,UNLABELED,28.27,517.09,32.69,512.25,4.42,4.84,21.3928,5.983,22.3488,30.48,514.67,0.9132,12,2,0,1,rgb,0,0,0,0,none,,,,0.0,90.1475,1.2463,114.542,5.3207,0.0,594.0,387.36,0.0,10.6964
lvj,398,path,,UNLABELED,33.09,516.85,35.34,512.25,2.25,4.6,10.35,4.3817,16.92,34.215,514.55,0.4891,11,1,0,1,rgb,0,0,0,0,none,,,,0.0,72.0073,3.9303,90.0,4.6,0.0,594.0,387.36,0.0,8.3388
lvj,399,path,,UNLABELED,35.74,517.53,38.72,511.48,2.98,6.05,18.029,3.001,13.7434,37.23,514.505,0.4926,5,1,0,1,rgb,0,0,0,0,none,,,,0.0,67.27,191.7093,66.5904,6.4183,0.0,594.0,387.36,0.0,3.001
lvj,400,path,,UNLABELED,39.28,516.85,42.69,512.17,3.41,4.68,15.9588,6.0917,22.1352,40.985,514.51,0.7286,51,1,0,1,rgb,0,0,0,0,none,,,,0.0,105.5829,1.3765,90.0,2.9,0.0,594.0,387.36,0.0,14.7562
lvj,401,path,,UNLABELED,43.47,517.07,47.47,512.06,4.0,5.01,20.04,7.4873,27.5525,45.47,514.565,0.7984,9,1,0,1,rgb,0,0,0,0,none,,,,0.0,67.7081,1.7662,132.8909,4.9956,0.0,594.0,387.36,0.0,19.22
lvj,402,path,,UNLABELED,48.28,516.85,48.88,512.25,0.6,4.6,2.76,2.76,10.4,48.58,514.55,0.1304,5,1,0,1,rgb,0,0,0,0,none,,,,0.0,88.7337,60.5155,90.0,4.6,0.0,594.0,387.36,0.0,2.76
lvj,403,path,,UNLABELED,49.45,517.02,53.09,512.17,3.64,4.85,17.654,5.1026,20.061,51.27,514.595,0.7505,75,1,0,1,rgb,0,0,0,0,none,,,,0.0,87.2829,2.3135,90.0,0.69,0.0,594.0,387.36,0.0,14.8749
lvj,404,compound,,UNLABELED,53.42,517.02,58.27,512.17,4.85,4.85,23.5225,7.4971,27.0415,55.845,514.595,1.0,114,2,0,1,rgb,0,0,0,0,none,,,,0.0,90.161,1.0726,61.3896,0.3759,0.0,594.0,387.36,0.0,18.5107
lvj,405,path,,UNLABELED,58.49,517.11,63.55,512.17,5.06,4.94,24.9964,8.2761,32.3038,61.02,514.64,1.0243,13,1,0,1,rgb,0,0,0,0,none,,,,0.0,89.9342,1.385,100.9467,4.9501,0.0,594.0,387.36,0.0,20.2256
lvj,406,path,,UNLABELED,22.23,523.88,23.55,519.28,1.32,4.6,6.072,2.6775,11.6121,22.89,521.58,0.287,7,1,0,1,rgb,0,0,0,0,none,,,,0.0,95.2992,22.6554,90.0,4.6,0.0,594.0,387.36,0.0,4.3339
lvj,407,path,,UNLABELED,25.34,524.05,28.28,519.28,2.94,4.77,14.0238,5.2162,20.7064,26.81,521.665,0.6164,47,1,0,1,rgb,0,0,0,0,none,,,,0.0,100.878,1.9525,51.1736,3.2219,0.0,594.0,387.36,0.0,12.9743
lvj,408,compound,,UNLABELED,28.61,524.11,31.93,519.28,3.32,4.83,16.0356,5.1457,19.9011,30.27,521.695,0.6874,15,2,0,1,rgb,0,0,0,0,none,,,,0.0,84.1637,2.3556,56.0875,5.0007,0.0,594.0,387.36,0.0,8.3264
lvj,409,path,,UNLABELED,32.64,519.88,33.33,519.19,0.69,0.69,0.4761,0.3581,2.1362,32.985,519.535,1.0,17,1,0,1,rgb,0,0,0,0,none,,,,0.0,89.464,1.1159,12.0943,0.1432,0.0,594.0,387.36,0.0,0.3581
lvj,410,compound,,UNLABELED,34.08,524.05,37.23,519.19,3.15,4.86,15.309,5.7344,22.4395,35.655,521.62,0.6481,98,2,0,1,rgb,0,0,0,0,none,,,,0.0,90.0164,2.6306,105.0183,0.4245,0.0,594.0,387.36,0.0,12.1866
lvj,411,path,,UNLABELED,21.68,531.07,25.32,526.22,3.64,4.85,17.654,5.0997,20.072,23.5,528.645,0.7505,75,1,0,1,rgb,0,0,0,0,none,,,,0.0,87.3207,2.317,90.0,0.69,0.0,594.0,387.36,0.0,14.8855
lvj,412,path,,UNLABELED,25.98,530.9,27.98,526.31,2.0,4.59,9.18,3.454,13.18,26.98,528.605,0.4357,7,1,0,1,rgb,0,0,0,0,none,,,,0.0,100.5088,10.2683,90.0,4.59,0.0,594.0,387.36,0.0,6.317
lvj,413,path,,UNLABELED,28.34,531.12,32.34,526.12,4.0,5.0,20.0,7.4644,27.5151,30.34,528.62,0.8,9,1,0,1,rgb,0,0,0,0,none,,,,0.0,67.5826,1.7601,132.9691,4.9882,0.0,594.0,387.36,0.0,19.18
lvj,414,path,,UNLABELED,32.9,531.07,36.54,526.22,3.64,4.85,17.654,5.1057,20.0642,34.72,528.645,0.7505,75,1,0,1,rgb,0,0,0,0,none,,,,0.0,87.3168,2.3145,90.0,0.69,0.0,594.0,387.36,0.0,14.8799
lvj,415,compound,,UNLABELED,38.98,530.9,42.55,526.31,3.57,4.59,16.3863,6.9701,24.7875,40.765,528.605,0.7778,72,2,0,1,rgb,0,0,0,0,none,,,,0.0,88.8009,2.7388,90.0,4.59,0.0,594.0,387.36,0.0,14.1479
lvj,416,path,,UNLABELED,43.05,530.9,45.56,526.31,2.51,4.59,11.5209,5.6457,21.72,44.305,528.605,0.5468,13,1,0,1,rgb,0,0,0,0,none,,,,0.0,82.4011,2.6451,90.0,4.59,0.0,594.0,387.36,0.0,11.5209
lvj,417,path,,UNLABELED,46.25,530.9,48.25,526.31,2.0,4.59,9.18,3.4131,13.18,47.25,528.605,0.4357,7,1,0,1,rgb,0,0,0,0,none,,,,0.0,100.5727,10.2678,90.0,4.59,0.0,594.0,387.36,0.0,6.2965
lvj,418,path,,UNLABELED,22.23,537.93,23.55,533.33,1.32,4.6,6.072,2.6775,11.6121,22.89,535.63,0.287,7,1,0,1,rgb,0,0,0,0,none,,,,0.0,95.2992,22.6555,90.0,4.6,0.0,594.0,387.36,0.0,4.3339
lvj,419,path,,UNLABELED,25.78,537.93,27.09,533.33,1.31,4.6,6.026,2.6724,11.5921,26.435,535.63,0.2848,7,1,0,1,rgb,0,0,0,0,none,,,,0.0,95.2382,23.0276,90.0,4.6,0.0,594.0,387.36,0.0,4.3084
lvj,420,compound,,UNLABELED,28.93,538.1,31.74,533.25,2.81,4.85,13.6285,6.6005,24.3411,30.335,535.675,0.5794,127,3,0,1,rgb,0,0,0,0,none,,,,0.0,89.3994,2.5504,36.1583,0.322,0.0,594.0,387.36,0.0,11.7095
lvj,421,path,,UNLABELED,32.64,533.93,33.33,533.25,0.69,0.68,0.4692,0.3578,2.1358,32.985,533.59,1.0147,17,1,0,1,rgb,0,0,0,0,none,,,,0.0,89.4751,1.1122,12.0943,0.1432,0.0,594.0,387.36,0.0,0.3578
lvj,422,path,,UNLABELED,34.06,537.93,37.14,533.25,3.08,4.68,14.4144,5.1284,20.7258,35.6,535.59,0.6581,67,1,0,1,rgb,0,0,0,0,none,,,,0.0,71.2903,2.6041,73.323,2.4741,0.0,594.0,387.36,0.0,11.1271
lvj,423,path,,UNLABELED,37.74,538.1,40.68,533.33,2.94,4.77,14.0238,5.2084,20.7085,39.21,535.715,0.6164,47,1,0,1,rgb,0,0,0,0,none,,,,0.0,100.8659,1.9544,51.1735,3.2219,0.0,594.0,387.36,0.0,12.9704
lvj,424,path,,UNLABELED,41.15,537.93,44.23,533.25,3.08,4.68,14.4144,5.124,20.7033,42.69,535.59,0.6581,67,1,0,1,rgb,0,0,0,0,none,,,,0.0,71.2595,2.6031,73.323,2.4741,0.0,594.0,387.36,0.0,11.1119
lvj,425,compound,,UNLABELED,21.42,545.19,25.85,540.36,4.43,4.83,21.3969,5.9903,22.3405,23.635,542.775,0.9172,12,2,0,1,rgb,0,0,0,0,none,,,,0.0,90.5711,1.2324,114.6848,5.3158,0.0,594.0,387.36,0.0,10.6984
lvj,426,path,,UNLABELED,26.03,545.12,28.96,540.27,2.93,4.85,14.2105,5.419,20.508,27.495,542.695,0.6041,91,1,0,1,rgb,0,0,0,0,none,,,,0.0,91.7535,3.6069,12.2252,0.6139,0.0,594.0,387.36,0.0,11.9553
lvj,427,compound,,UNLABELED,29.19,545.12,34.04,540.27,4.85,4.85,23.5225,7.4818,27.047,31.615,542.695,1.0,114,2,0,1,rgb,0,0,0,0,none,,,,0.0,89.989,1.0723,128.4181,0.3701,0.0,594.0,387.36,0.0,18.5069
lvj,428,path,,UNLABELED,34.4,545.12,37.33,540.27,2.93,4.85,14.2105,5.4175,20.5014,35.865,542.695,0.6041,91,1,0,1,rgb,0,0,0,0,none,,,,0.0,91.7609,3.6052,12.426,0.6042,0.0,594.0,387.36,0.0,11.953
lvj,429,compound,,UNLABELED,129.39,320.06,134.39,317.23,5.0,2.83,14.1499,5.1462,19.8909,131.89,318.645,1.7668,15,2,0,1,rgb,0,0,0,0,none,,,,0.0,29.5535,2.3598,1.4891,5.0017,0.0,594.0,387.36,0.0,8.3185
lvj,430,path,,UNLABELED,131.51,318.59,136.05,314.57,4.54,4.02,18.2508,5.044,20.4659,133.78,316.58,1.1294,98,1,0,1,rgb,0,0,0,0,none,,,,0.0,34.7743,3.6728,125.0738,0.5743,0.0,594.0,387.36,0.0,11.8783
lvj,431,path,,UNLABELED,133.81,315.58,137.85,312.11,4.04,3.47,14.0188,2.6532,11.5752,135.83,313.845,1.1643,7,1,0,1,rgb,0,0,0,0,none,,,,0.0,40.629,23.2099,35.3494,4.5976,0.0,594.0,387.36,0.0,4.2805
lvj,432,path,,UNLABELED,135.61,312.81,140.15,308.79,4.54,4.02,18.2508,5.0577,20.4523,137.88,310.8,1.1294,98,1,0,1,rgb,0,0,0,0,none,,,,0.0,34.7379,3.6742,125.656,0.5661,0.0,594.0,387.36,0.0,11.8661
lvj,433,path,,UNLABELED,138.04,309.06,143.77,303.7,5.73,5.36,30.7129,5.5692,21.484,140.905,306.38,1.069,13,1,0,1,rgb,0,0,0,0,none,,,,0.0,34.4201,2.6875,6.0395,2.9463,0.0,594.0,387.36,0.0,15.4809
lvj,434,path,,UNLABELED,141.44,304.68,146.92,301.61,5.48,3.07,16.8235,4.1628,16.791,144.18,303.145,1.785,7,1,0,1,rgb,0,0,0,0,none,,,,0.0,9.8054,3.6196,3.7584,5.4918,0.0,594.0,387.36,0.0,8.763
lvj,435,path,,UNLABELED,143.67,300.89,148.73,297.27,5.06,3.62,18.3172,5.1194,20.6878,146.2,299.08,1.3978,67,1,0,1,rgb,0,0,0,0,none,,,,0.0,16.5729,2.6059,18.5807,2.4792,0.0,594.0,387.36,0.0,11.0937
lvj,436,path,,UNLABELED,49.33,427.21,52.8,423.17,3.47,4.04,14.0188,2.6691,11.5852,51.065,425.19,0.8589,7,1,0,1,rgb,0,0,0,0,none,,,,0.0,130.6089,22.9149,125.3493,4.5976,0.0,594.0,387.36,0.0,4.3108
lvj,437,compound,,UNLABELED,45.78,425.48,48.61,420.48,2.83,5.0,14.15,5.1332,19.9043,47.195,422.98,0.566,15,2,0,1,rgb,0,0,0,0,none,,,,0.0,119.5021,2.3562,91.3748,5.0014,0.0,594.0,387.36,0.0,8.3185
lvj,438,path,,UNLABELED,246.5,141.58,250.52,137.04,4.02,4.54,18.2509,5.0546,20.4401,248.51,139.31,0.8855,98,1,0,1,rgb,0,0,0,0,none,,,,0.0,124.7575,3.6721,35.6563,0.5661,0.0,594.0,387.36,0.0,11.8843
lvj,439,path,,UNLABELED,249.4,143.66,253.95,138.61,4.55,5.05,22.9776,5.2021,20.7042,251.675,141.135,0.901,47,1,0,1,rgb,0,0,0,0,none,,,,0.0,136.1895,1.9543,86.4459,3.2262,0.0,594.0,387.36,0.0,12.9861
lvj,440,path,,UNLABELED,70.15,451.76,72.76,446.46,2.61,5.3,13.833,5.8813,19.52,71.455,449.11,0.4925,11,1,0,1,rgb,0,0,0,0,none,,,,0.0,71.8665,3.9134,90.0,5.3,0.0,594.0,387.36,0.0,11.1242
lvj,441,path,,UNLABELED,73.51,451.76,74.19,446.46,0.68,5.3,3.604,3.604,11.96,73.85,449.11,0.1283,5,1,0,1,rgb,0,0,0,0,none,,,,0.0,88.7551,62.542,90.0,5.3,0.0,594.0,387.36,0.0,3.604
lvj,442,path,,UNLABELED,75.15,451.76,78.03,446.46,2.88,5.3,15.264,7.4626,25.04,76.59,449.11,0.5434,13,1,0,1,rgb,0,0,0,0,none,,,,0.0,82.4763,2.6645,90.0,5.3,0.0,594.0,387.36,0.0,15.264
lvj,443,path,,UNLABELED,78.83,451.76,81.14,446.46,2.31,5.3,12.243,4.6128,15.22,79.985,449.11,0.4358,7,1,0,1,rgb,0,0,0,0,none,,,,0.0,100.5345,10.2368,90.0,5.3,0.0,594.0,387.36,0.0,8.4279
lvj,444,compound,,UNLABELED,81.55,451.76,85.68,446.46,4.13,5.3,21.889,9.3226,28.5995,83.615,449.11,0.7792,72,2,0,1,rgb,0,0,0,0,none,,,,0.0,88.8077,2.7421,90.0,5.3,0.0,594.0,387.36,0.0,18.8694
lvj,445,path,,UNLABELED,71.09,444.34,73.98,439.04,2.89,5.3,15.317,7.5097,25.04,72.535,441.69,0.5453,13,1,0,1,rgb,0,0,0,0,none,,,,0.0,82.4423,2.6599,90.0,5.3,0.0,594.0,387.36,0.0,15.317
lvj,446,path,,UNLABELED,74.77,444.34,77.08,439.04,2.31,5.3,12.243,4.5966,15.22,75.925,441.69,0.4358,7,1,0,1,rgb,0,0,0,0,none,,,,0.0,100.53,10.2575,90.0,5.3,0.0,594.0,387.36,0.0,8.4198
lvj,447,path,,UNLABELED,77.5,444.34,80.39,439.04,2.89,5.3,15.317,7.5097,25.04,78.945,441.69,0.5453,13,1,0,1,rgb,0,0,0,0,none,,,,0.0,82.4423,2.6599,90.0,5.3,0.0,594.0,387.36,0.0,15.317
lvj,448,path,,UNLABELED,80.59,444.34,85.21,438.77,4.62,5.57,25.7334,6.7047,21.9358,82.9,441.555,0.8294,7,1,0,1,rgb,0,0,0,0,none,,,,0.0,97.8885,1.9264,112.6125,6.0339,0.0,594.0,387.36,0.0,12.8667
lvj,449,compound,,UNLABELED,73.57,436.79,77.4,431.22,3.83,5.57,21.3331,6.86,22.9444,75.485,434.005,0.6876,15,2,0,1,rgb,0,0,0,0,none,,,,0.0,84.1287,2.3534,56.0896,5.7717,0.0,594.0,387.36,0.0,11.0766
lvj,450,compound,,UNLABELED,77.66,436.79,81.49,431.22,3.83,5.57,21.3331,6.838,22.9644,79.575,434.005,0.6876,15,2,0,1,rgb,0,0,0,0,none,,,,0.0,84.1711,2.3467,56.0896,5.7717,0.0,594.0,387.36,0.0,11.0766
lvj,451,path,,UNLABELED,239.34,122.05,242.19,117.2,2.85,4.85,13.8225,5.0529,20.4622,240.765,119.625,0.5876,98,1,0,1,rgb,0,0,0,0,none,,,,0.0,89.4426,3.6702,0.0,0.57,0.0,594.0,387.36,0.0,11.8883
lvj,452,compound,,UNLABELED,242.92,122.05,245.9,117.2,2.98,4.85,14.453,5.2485,20.018,244.41,119.625,0.6144,70,2,0,1,rgb,0,0,0,0,none,,,,0.0,75.2209,1.5685,53.6525,2.6321,0.0,594.0,387.36,0.0,9.6234
lvj,453,path,,UNLABELED,236.56,129.37,239.06,124.78,2.5,4.59,11.475,5.6355,21.68,237.81,127.075,0.5447,13,1,0,1,rgb,0,0,0,0,none,,,,0.0,82.4381,2.661,90.0,4.59,0.0,594.0,387.36,0.0,11.475
lvj,454,path,,UNLABELED,239.76,129.37,241.76,124.78,2.0,4.59,9.18,3.4272,13.18,240.76,127.075,0.4357,7,1,0,1,rgb,0,0,0,0,none,,,,0.0,100.578,10.2439,90.0,4.59,0.0,594.0,387.36,0.0,6.3036
lvj,455,path,,UNLABELED,242.12,129.37,244.62,124.78,2.5,4.59,11.475,5.5998,21.7,243.37,127.075,0.5447,13,1,0,1,rgb,0,0,0,0,none,,,,0.0,82.4694,2.6575,90.0,4.59,0.0,594.0,387.36,0.0,11.475
lvj,456,path,,UNLABELED,244.8,129.37,248.8,124.54,4.0,4.83,19.3199,5.0294,19.0096,246.8,126.955,0.8282,7,1,0,1,rgb,0,0,0,0,none,,,,0.0,97.6409,1.9274,112.4935,5.2277,0.0,594.0,387.36,0.0,9.66
lvj,457,compound,,UNLABELED,169.29,218.02,174.51,213.42,5.22,4.6,24.012,5.9792,22.3248,171.9,215.72,1.1348,12,2,0,1,rgb,0,0,0,0,none,,,,0.0,35.3485,1.2351,59.9609,5.3137,0.0,594.0,387.36,0.0,10.6893
lvj,458,compound,,UNLABELED,224.26,140.45,229.49,135.84,5.23,4.61,24.1104,6.0138,22.3826,226.875,138.145,1.1345,12,2,0,1,rgb,0,0,0,0,none,,,,0.0,35.8187,1.2383,59.9217,5.3274,0.0,594.0,387.36,0.0,10.7347
lvj,459,compound,,UNLABELED,48.09,404.76,52.69,399.54,4.6,5.22,24.012,5.9881,22.347,50.39,402.15,0.8812,12,2,0,1,rgb,0,0,0,0,none,,,,0.0,125.8578,1.2337,149.9608,5.3137,0.0,594.0,387.36,0.0,10.7003
lvj,460,path,,UNLABELED,51.12,407.66,54.74,402.6,3.62,5.06,18.3172,5.123,20.6939,52.93,405.13,0.7154,67,1,0,1,rgb,0,0,0,0,none,,,,0.0,106.5643,2.6009,108.4349,2.4666,0.0,594.0,387.36,0.0,11.0979
lvj,461,compound,,UNLABELED,41.4,414.13,46.0,408.91,4.6,5.22,24.012,5.9807,22.351,43.7,411.52,0.8812,12,2,0,1,rgb,0,0,0,0,none,,,,0.0,125.9949,1.2344,149.9608,5.3137,0.0,594.0,387.36,0.0,10.7003
lvj,462,compound,,UNLABELED,45.05,416.7,48.08,412.12,3.03,4.58,13.8774,5.2153,20.0383,46.565,414.41,0.6616,70,2,0,1,rgb,0,0,0,0,none,,,,0.0,111.1721,1.589,89.1352,2.6503,0.0,594.0,387.36,0.0,9.6286
lvj,463,path,,UNLABELED,210.18,363.91,215.85,358.54,5.67,5.37,30.448,6.5728,24.0007,213.015,361.225,1.0559,13,1,0,1,rgb,0,0,0,0,none,,,,0.0,36.3791,2.021,35.3494,4.5976,0.0,594.0,387.36,0.0,15.2736
lvj,464,compound,,UNLABELED,236.73,140.33,241.33,135.1,4.6,5.23,24.0579,5.9899,22.3814,239.03,137.715,0.8795,12,2,0,1,rgb,0,0,0,0,none,,,,0.0,125.4594,1.2386,100.7188,5.3229,0.0,594.0,387.36,0.0,10.7184
lvj,465,path,,UNLABELED,239.51,142.57,242.97,138.53,3.46,4.04,13.9784,2.6488,11.5712,241.24,140.55,0.8564,7,1,0,1,rgb,0,0,0,0,none,,,,0.0,130.5525,22.9593,125.2477,4.5918,0.0,594.0,387.36,0.0,4.2905
lvj,466,compound,,UNLABELED,113.31,235.98,118.34,231.04,5.03,4.94,24.8482,5.9993,22.3639,115.825,233.51,1.0182,12,2,0,1,rgb,0,0,0,0,none,,,,0.0,136.5538,1.2346,161.0203,5.3192,0.0,594.0,387.36,0.0,10.7217
lvj,467,compound,,UNLABELED,116.76,239.59,120.25,234.71,3.49,4.88,17.0312,5.1352,19.8726,118.505,237.15,0.7152,15,2,0,1,rgb,0,0,0,0,none,,,,0.0,130.5276,2.3499,102.3671,4.9959,0.0,594.0,387.36,0.0,8.3076
lvj,468,compound,,UNLABELED,143.64,268.47,148.67,263.53,5.03,4.94,24.8482,5.9898,22.3801,146.155,266.0,1.0182,12,2,0,1,rgb,0,0,0,0,none,,,,0.0,136.6256,1.233,161.0202,5.3192,0.0,594.0,387.36,0.0,10.7217
lvj,469,compound,,UNLABELED,147.09,272.08,150.58,267.2,3.49,4.88,17.0312,5.1533,19.8864,148.835,269.64,0.7152,15,2,0,1,rgb,0,0,0,0,none,,,,0.0,130.5503,2.3471,102.3672,4.9959,0.0,594.0,387.36,0.0,8.3382
lvj,470,compound,,UNLABELED,184.48,211.75,189.5,206.81,5.02,4.94,24.7988,5.9958,22.3377,186.99,209.28,1.0162,12,2,0,1,rgb,0,0,0,0,none,,,,0.0,136.4421,1.2422,111.7414,5.3183,0.0,594.0,387.36,0.0,10.6998
lvj,471,path,,UNLABELED,186.84,214.99,191.17,210.7,4.33,4.29,18.5756,5.0447,20.4356,189.005,212.845,1.0093,98,1,0,1,rgb,0,0,0,0,none,,,,0.0,135.7822,3.6764,46.4324,0.5659,0.0,594.0,387.36,0.0,11.8778
lvj,472,compound,,UNLABELED,165.04,190.95,170.06,186.01,5.02,4.94,24.7988,6.001,22.3333,167.55,188.48,1.0162,12,2,0,1,rgb,0,0,0,0,none,,,,0.0,136.2345,1.2374,111.6413,5.3146,0.0,594.0,387.36,0.0,10.6947
lvj,473,path,,UNLABELED,167.39,194.2,171.72,189.9,4.33,4.3,18.619,5.0414,20.4493,169.555,192.05,1.007,98,1,0,1,rgb,0,0,0,0,none,,,,0.0,135.7663,3.6771,45.708,0.5728,0.0,594.0,387.36,0.0,11.8725
lvj,474,path,,UNLABELED,148.03,191.11,152.81,186.33,4.78,4.78,22.8484,5.1066,20.0649,150.42,188.72,1.0,75,1,0,1,rgb,0,0,0,0,none,,,,0.0,43.6585,2.3122,45.5903,0.6859,0.0,594.0,387.36,0.0,14.8921
lvj,475,path,,UNLABELED,119.71,217.62,124.49,212.83,4.78,4.79,22.8962,5.1196,20.07,122.1,215.225,0.9979,75,1,0,1,rgb,0,0,0,0,none,,,,0.0,43.6682,2.3192,46.7714,0.6862,0.0,594.0,387.36,0.0,14.9018
lvj,476,path,,UNLABELED,204.27,137.48,209.05,132.69,4.78,4.79,22.8962,5.1206,20.0729,206.66,135.085,0.9979,75,1,0,1,rgb,0,0,0,0,none,,,,0.0,43.6796,2.3175,46.7714,0.6862,0.0,594.0,387.36,0.0,14.9054
lvj,477,path,,UNLABELED,148.04,157.77,153.68,152.2,5.64,5.57,31.4148,6.1944,23.3472,150.86,154.985,1.0126,13,1,0,1,rgb,0,0,0,0,none,,,,0.0,136.9788,2.4444,136.3198,4.6045,0.0,594.0,387.36,0.0,15.3153
lvj,478,path,,UNLABELED,155.17,146.57,158.47,142.03,3.3,4.54,14.9819,3.2357,12.3227,156.82,144.3,0.7269,31,1,0,1,rgb,0,0,0,0,none,,,,0.0,123.4862,7.8591,136.2485,2.921,0.0,594.0,387.36,0.0,5.7916
lvj,479,compound,,UNLABELED,250.94,173.24,255.96,168.3,5.02,4.94,24.7988,5.9894,22.3169,253.45,170.77,1.0162,12,2,0,1,rgb,0,0,0,0,none,,,,0.0,136.2469,1.237,111.7414,5.3183,0.0,594.0,387.36,0.0,10.6865
lvj,480,path,,UNLABELED,253.32,176.54,258.17,171.68,4.85,4.86,23.571,5.224,20.7146,255.745,174.11,0.9979,47,1,0,1,rgb,0,0,0,0,none,,,,0.0,147.1995,1.9536,97.4773,3.2275,0.0,594.0,387.36,0.0,13.0131
lvj,481,compound,,UNLABELED,304.79,230.14,309.81,225.2,5.02,4.94,24.7988,5.9959,22.3377,307.3,227.67,1.0162,12,2,0,1,rgb,0,0,0,0,none,,,,0.0,136.4422,1.2422,111.7414,5.3183,0.0,594.0,387.36,0.0,10.6998
lvj,482,path,,UNLABELED,307.17,233.44,312.03,228.59,4.86,4.85,23.5711,5.2,20.7071,309.6,231.015,1.0021,47,1,0,1,rgb,0,0,0,0,none,,,,0.0,147.2957,1.9514,97.3239,3.2162,0.0,594.0,387.36,0.0,12.977
lvj,483,path,,UNLABELED,234.37,206.34,239.07,201.54,4.7,4.8,22.5599,7.0607,26.8722,236.72,203.94,0.9792,100,1,0,1,rgb,0,0,0,0,none,,,,0.0,143.7411,1.4427,46.3748,1.7683,0.0,594.0,387.36,0.0,17.1816
lvj,484,compound,,UNLABELED,180.91,307.48,185.93,302.54,5.02,4.94,24.7988,5.9958,22.3377,183.42,305.01,1.0162,12,2,0,1,rgb,0,0,0,0,none,,,,0.0,136.4421,1.2422,111.7414,5.3183,0.0,594.0,387.36,0.0,10.6998
lvj,485,compound,,UNLABELED,184.36,311.09,187.85,306.2,3.49,4.89,17.0661,5.1397,19.9058,186.105,308.645,0.7137,15,2,0,1,rgb,0,0,0,0,none,,,,0.0,130.3753,2.3551,102.3427,5.0057,0.0,594.0,387.36,0.0,8.3161
lvj,486,compound,,UNLABELED,214.89,135.39,219.92,130.45,5.03,4.94,24.8482,5.9973,22.3704,217.405,132.92,1.0182,12,2,0,1,rgb,0,0,0,0,none,,,,0.0,136.8071,1.24,160.9183,5.3224,0.0,594.0,387.36,0.0,10.7107
lvj,487,path,,UNLABELED,217.27,138.69,222.13,133.84,4.86,4.85,23.571,5.2047,20.714,219.7,136.265,1.0021,47,1,0,1,rgb,0,0,0,0,none,,,,0.0,147.2906,1.9498,97.3239,3.2162,0.0,594.0,387.36,0.0,12.9884
lvj,488,compound,,UNLABELED,56.28,377.16,61.51,372.55,5.23,4.61,24.1103,6.0186,22.3721,58.895,374.855,1.1345,12,2,0,1,rgb,0,0,0,0,none,,,,0.0,35.5985,1.2372,59.9216,5.3274,0.0,594.0,387.36,0.0,10.7347
lvj,489,compound,,UNLABELED,110.23,301.15,115.45,296.54,5.22,4.61,24.0643,6.0222,22.3423,112.84,298.845,1.1323,12,2,0,1,rgb,0,0,0,0,none,,,,0.0,36.0701,1.2331,60.0148,5.3224,0.0,594.0,387.36,0.0,10.7166
lvj,490,path,,UNLABELED,54.16,403.29,58.21,399.82,4.05,3.47,14.0535,2.6825,11.6106,56.185,401.555,1.1671,7,1,0,1,rgb,0,0,0,0,none,,,,0.0,40.5825,22.6141,35.3494,4.5976,0.0,594.0,387.36,0.0,4.3393
lvj,491,compound,,UNLABELED,55.89,399.1,60.89,396.27,5.0,2.83,14.15,5.1461,19.894,58.39,397.685,1.7668,15,2,0,1,rgb,0,0,0,0,none,,,,0.0,29.4039,2.3545,1.375,5.0014,0.0,594.0,387.36,0.0,8.3326
lvj,492,path,,UNLABELED,57.54,397.62,62.59,393.07,5.05,4.55,22.9775,5.2085,20.7149,60.065,395.345,1.1099,47,1,0,1,rgb,0,0,0,0,none,,,,0.0,46.2279,1.9488,176.4459,3.2262,0.0,594.0,387.36,0.0,12.9983
lvj,493,path,,UNLABELED,59.79,392.6,60.46,391.93,0.67,0.67,0.4489,0.3537,2.1233,60.125,392.265,1.0,17,1,0,1,rgb,0,0,0,0,none,,,,0.0,37.429,1.1032,114.7774,0.1432,0.0,594.0,387.36,0.0,0.3537
lvj,494,compound,,UNLABELED,61.12,393.26,65.66,390.22,4.54,3.04,13.8016,5.2632,19.9952,63.39,391.74,1.4934,70,2,0,1,rgb,0,0,0,0,none,,,,0.0,20.696,1.5707,178.9149,2.6405,0.0,594.0,387.36,0.0,9.6174
lvj,495,compound,,UNLABELED,65.12,390.52,67.21,388.43,2.09,2.09,4.3681,2.408,10.028,66.165,389.475,1.0,34,2,0,1,rgb,0,0,0,0,none,,,,0.0,35.1291,1.1201,114.7752,0.4295,0.0,594.0,387.36,0.0,3.3609
lvj,496,path,,UNLABELED,219.58,170.35,224.12,166.33,4.54,4.02,18.2508,5.032,20.4505,221.85,168.34,1.1294,98,1,0,1,rgb,0,0,0,0,none,,,,0.0,34.7699,3.6741,125.0738,0.5743,0.0,594.0,387.36,0.0,11.874
lvj,497,path,,UNLABELED,221.16,167.45,226.21,162.9,5.05,4.55,22.9775,5.21,20.7071,223.685,165.175,1.1099,47,1,0,1,rgb,0,0,0,0,none,,,,0.0,46.23,1.9547,176.4461,3.2262,0.0,594.0,387.36,0.0,12.996
lvj,498,path,,UNLABELED,223.21,164.56,228.26,160.01,5.05,4.55,22.9775,5.2084,20.717,225.735,162.285,1.1099,47,1,0,1,rgb,0,0,0,0,none,,,,0.0,46.1741,1.9542,176.4461,3.2262,0.0,594.0,387.36,0.0,12.9959
lvj,499,path,,UNLABELED,225.45,159.54,226.12,158.87,0.67,0.67,0.4489,0.3558,2.1297,225.785,159.205,1.0,17,1,0,1,rgb,0,0,0,0,none,,,,0.0,34.5452,1.1143,0.0,0.14,0.0,594.0,387.36,0.0,0.3558
lvj,500,compound,,UNLABELED,226.79,160.2,231.33,157.16,4.54,3.04,13.8015,5.2654,20.0082,229.06,158.68,1.4934,70,2,0,1,rgb,0,0,0,0,none,,,,0.0,20.614,1.5687,178.9152,2.6405,0.0,594.0,387.36,0.0,9.6332
lvj,501,compound,,UNLABELED,230.79,157.46,232.87,155.37,2.08,2.09,4.3472,2.4189,10.0284,231.83,156.415,0.9952,34,2,0,1,rgb,0,0,0,0,none,,,,0.0,34.8669,1.1258,135.9401,0.4314,0.0,594.0,387.36,0.0,3.3684
lvj,502,path,,UNLABELED,135.46,216.2,137.71,211.61,2.25,4.59,10.3275,4.3758,16.9,136.585,213.905,0.4902,11,1,0,1,rgb,0,0,0,0,none,,,,0.0,71.9246,3.9158,90.0,4.59,0.0,594.0,387.36,0.0,8.3165
lvj,503,compound,,UNLABELED,138.36,216.2,141.0,211.61,2.64,4.59,12.1176,6.5943,23.62,139.68,213.905,0.5752,77,3,0,1,rgb,0,0,0,0,none,,,,0.0,96.1129,4.6668,90.0,4.59,0.0,594.0,387.36,0.0,10.4871
lvj,504,compound,,UNLABELED,141.3,216.37,146.15,211.52,4.85,4.85,23.5225,7.4966,27.0504,143.725,213.945,1.0,114,2,0,1,rgb,0,0,0,0,none,,,,0.0,89.962,1.073,128.4186,0.3701,0.0,594.0,387.36,0.0,18.5191
lvj,505,compound,,UNLABELED,127.81,234.46,130.37,229.87,2.56,4.59,11.7504,5.1494,18.5708,129.09,232.165,0.5577,52,2,0,1,rgb,0,0,0,0,none,,,,0.0,79.0561,2.5441,90.0,4.59,0.0,594.0,387.36,0.0,8.5757
lvj,506,compound,,UNLABELED,130.34,234.7,134.76,229.87,4.42,4.83,21.3487,5.9874,22.3124,132.55,232.285,0.9151,12,2,0,1,rgb,0,0,0,0,none,,,,0.0,90.2257,1.2406,65.4132,5.3116,0.0,594.0,387.36,0.0,10.6743
lvj,507,compound,,UNLABELED,135.16,234.46,138.06,229.87,2.9,4.59,13.311,6.4012,23.4535,136.61,232.165,0.6318,45,2,0,1,rgb,0,0,0,0,none,,,,0.0,92.1334,3.0554,90.0,4.59,0.0,594.0,387.36,0.0,11.9096
lvj,508,path,,UNLABELED,138.49,234.46,141.83,229.87,3.34,4.59,15.3307,6.1534,23.3144,140.16,232.165,0.7277,13,1,0,1,rgb,0,0,0,0,none,,,,0.0,90.7482,2.4323,90.0,4.59,0.0,594.0,387.36,0.0,15.2618
lvj,509,path,,UNLABELED,142.16,234.46,142.76,229.87,0.6,4.59,2.754,2.754,10.38,142.46,232.165,0.1307,5,1,0,1,rgb,0,0,0,0,none,,,,0.0,88.7308,60.2514,90.0,4.59,0.0,594.0,387.36,0.0,2.754
lvj,510,path,,UNLABELED,143.59,234.69,147.59,229.68,4.0,5.01,20.04,7.4807,27.5323,145.59,232.185,0.7984,9,1,0,1,rgb,0,0,0,0,none,,,,0.0,67.7225,1.7602,133.0531,4.9951,0.0,594.0,387.36,0.0,19.2
lvj,511,path,,UNLABELED,148.14,234.64,152.57,229.78,4.43,4.86,21.5298,7.0446,26.8619,150.355,232.21,0.9115,100,1,0,1,rgb,0,0,0,0,none,,,,0.0,97.3776,1.4433,0.0,1.76,0.0,594.0,387.36,0.0,17.1774
lvj,512,path,,UNLABELED,135.59,242.13,140.01,237.28,4.42,4.85,21.437,7.0318,26.8596,137.8,239.705,0.9113,100,1,0,1,rgb,0,0,0,0,none,,,,0.0,97.4408,1.4419,0.0,1.76,0.0,594.0,387.36,0.0,17.1669
lvj,513,compound,,UNLABELED,140.11,242.2,144.54,237.36,4.43,4.84,21.4411,6.0124,22.3587,142.325,239.78,0.9153,12,2,0,1,rgb,0,0,0,0,none,,,,0.0,89.908,1.2362,65.3601,5.3248,0.0,594.0,387.36,0.0,10.7206
lvj,514,compound,,UNLABELED,149.98,206.46,152.53,201.87,2.55,4.59,11.7046,5.1038,18.5411,151.255,204.165,0.5556,52,2,0,1,rgb,0,0,0,0,none,,,,0.0,79.1266,2.5498,90.0,4.59,0.0,594.0,387.36,0.0,8.5266
lvj,515,compound,,UNLABELED,152.5,206.7,156.93,201.87,4.43,4.83,21.3969,5.9963,22.3465,154.715,204.285,0.9172,12,2,0,1,rgb,0,0,0,0,none,,,,0.0,90.3942,1.2342,114.6847,5.3158,0.0,594.0,387.36,0.0,10.6985
lvj,516,compound,,UNLABELED,157.32,206.46,160.22,201.87,2.9,4.59,13.311,6.4473,23.4152,158.77,204.165,0.6318,45,2,0,1,rgb,0,0,0,0,none,,,,0.0,92.1095,3.0699,90.0,4.59,0.0,594.0,387.36,0.0,11.9096
lvj,517,path,,UNLABELED,160.65,206.46,164.0,201.87,3.35,4.59,15.3765,6.1663,23.3307,162.325,204.165,0.7298,13,1,0,1,rgb,0,0,0,0,none,,,,0.0,90.8028,2.4267,90.0,4.59,0.0,594.0,387.36,0.0,15.2848
lvj,518,path,,UNLABELED,164.33,206.46,164.92,201.87,0.59,4.59,2.7081,2.7081,10.36,164.625,204.165,0.1285,5,1,0,1,rgb,0,0,0,0,none,,,,0.0,88.7527,62.3111,90.0,4.59,0.0,594.0,387.36,0.0,2.7081
lvj,519,path,,UNLABELED,165.75,206.68,169.75,201.68,4.0,5.0,20.0,7.4636,27.5151,167.75,204.18,0.8,9,1,0,1,rgb,0,0,0,0,none,,,,0.0,67.6248,1.7603,133.0531,4.9951,0.0,594.0,387.36,0.0,19.18
lvj,520,path,,UNLABELED,170.3,206.63,174.73,201.78,4.43,4.85,21.4855,7.0613,26.87,172.515,204.205,0.9134,100,1,0,1,rgb,0,0,0,0,none,,,,0.0,97.3887,1.4424,0.0,1.76,0.0,594.0,387.36,0.0,17.178
lvj,521,path,,UNLABELED,157.75,214.13,162.18,209.28,4.43,4.85,21.4856,7.0504,26.8717,159.965,211.705,0.9134,100,1,0,1,rgb,0,0,0,0,none,,,,0.0,97.4299,1.442,0.0,1.77,0.0,594.0,387.36,0.0,17.1874
lvj,522,compound,,UNLABELED,162.28,214.2,166.7,209.36,4.42,4.84,21.3928,5.9942,22.3505,164.49,211.78,0.9132,12,2,0,1,rgb,0,0,0,0,none,,,,0.0,90.2483,1.2413,65.4579,5.3207,0.0,594.0,387.36,0.0,10.6964
lvj,523,path,,UNLABELED,5.0,358.0649,12.7,358.0649,7.7,0.0,0.0,0.0,15.4,8.85,358.0649,0.0,5,1,0,1,rgb,255,255,255,0,none,,,,0.0,0.0,1000000.0,0.0,7.7,0.0,594.0,387.36,0.0,0.0
lvj,524,path,,UNLABELED,5.0,358.0649,12.7,239.0,7.7,119.0649,916.8,916.8,253.5299,8.85,298.5325,0.0647,5,1,0,1,rgb,255,255,255,0,none,,,,0.0,90.6201,245.9927,90.0,119.0649,0.0,594.0,387.36,0.0,916.8
lvj,525,path,,UNLABELED,374.36,239.0,382.06,239.0,7.7,0.0,0.0,0.0,15.4,378.21,239.0,0.0,5,1,0,1,rgb,255,255,255,0,none,,,,0.0,0.0,1000000.0,0.0,7.7,0.0,594.0,387.36,0.0,0.0
lvj,526,path,,UNLABELED,375.06,358.0649,382.06,239.0,7.0,119.0649,833.4546,833.4546,252.1299,378.56,298.5325,0.0588,5,1,0,1,rgb,255,255,255,0,none,,,,0.0,90.5633,297.639,90.0,119.0649,0.0,594.0,387.36,0.0,833.4546
